0.28659324210930226
0.30852339296440656
0.4061215470323624
0.29103537601516316
0.33038390499737136
0.2603220535832983
0.2548477005536157
0.26940453292656025
0.24823905460342469
0.24374163564834136
0.3943130063089329
0.2923688337156294
0.2826613036760668
0.26939237742733696
0.3426943174990339
0.28821787302465757
0.37378482354156767
0.2495881720674091
0.24427810015922702
0.2458018101495203
0.2562881253649943
0.2922297128288133
0.26571567141301256
0.3991407510993577
0.32481172147004267
0.25039481366646094
0.2981169921179293
0.24374579423810763
0.24876045139818934
0.3708698335408443
0.24393737575944188
0.2727039891872012
0.24664462368167783
0.24694661347644306
0.24483361750176635
0.24380649236270613
0.266524394078402
0.4093155281937922
0.2573933456144
0.29761533071759216
0.30102177169305316
0.24438420258693838
0.24830527257208737
0.24426159982002063
0.31534991108908017
0.24925438961149088
0.2550302221018025
0.24819130279872162
0.25423011504116216
0.269324213265455
0.24726629226652358
0.2870538822431798
0.24663498189582017
0.2744085357216737
0.24678899096445103
0.2574038429963728
0.38655834034576897
0.2480065166765268
0.31001245767656277
0.2960549063294211
0.3234609545627147
0.2599125241966031
0.2506195347069194
0.30638850865510203
0.27352699042475725
0.24531867234647256
0.24382912343513333
0.27296662526041504
0.28419269300493194
0.5498987398427535
0.24535873009042633
0.2846404124613736
0.337264742811682
0.3246705612093122
0.24378936836017595
0.25748271541884055
0.2579078584672493
0.2514656331268507
0.29845901859542656
0.25603457506792854
0.24380035084310991
0.29674853818330343
0.2474861595090982
0.28157592741032544
0.2500567900907013
0.24844749408533218
0.3669749865622105
0.2639700994680047
0.243913700310431
0.32195711506905134
0.2461980865030129
0.4470746050095213
0.24833267148419919
0.2555004549092312
0.2461142152027125
0.25291934099604785
0.42976379705942436
0.25331884241272146
0.2438329609303382
0.24945802304849973
0.2703002268175268
0.24396528653816402
0.2438509407163462
0.8031957684657567
0.7375017202766657
0.4065397056400509
0.5333266308618756
0.43422187778521565
0.46053606925986645
0.2978110109998916
0.2446037439265178
0.3405428184362812
0.298857668330737
0.25038024896217576
0.25486234432289234
0.25072385056160557
0.3530653581145565
0.37376194750367
0.27703585933137176
0.24433304192217725
0.24421788564947705
0.28355593290455333
0.24586336633627706
0.28747347040213195
0.5350149175061131
0.26184343685286987
0.24414834875768096
0.3362820999398114
0.2718478313763946
0.3513860888044189
0.29660288438832294
0.4210479088882391
0.8769633170077521
0.5073381566998355
0.3975960305608346
0.2644340978935631
0.2529299171824297
0.24473028297682245
0.3867766826756384
0.6651689774566051
0.29889692768174664
0.4317613999757449
0.33043112220123455
0.4364816495420155
0.3151483866739239
0.24421102002365713
0.28689009720165093
0.24387738282529187
0.30227011052724834
0.2519123120836339
0.260845491315518
0.2522406332272408
0.42243964063607803
0.3303845797232455
0.2974441859509742
0.25058366809191324
0.3432753672827891
0.2461238578412546
0.3123144626758945
0.24848447496486395
0.2616392110553064
0.26602368886626787
0.2780160406941066
0.2439591746184834
0.2968276509523458
0.24450320784256863
0.3314723507611009
0.39033317951640173
0.3473652532075903
0.2496013279544263
0.2444405743796453
0.2447911936601098
0.28195496816400417
0.3211323613740629
0.250966725625409
0.2777986105627751
0.2809535204419787
0.2446418020679601
0.25360316836972585
0.24517193193379244
0.3008752613036672
0.2629826897078738
0.25857351228749276
0.24882787694689815
0.2632019070889074
0.2447329579567669
0.2584517963703736
0.24388603726343722
0.26638396147550725
0.32490858943835527
0.28399113978337853
0.34647851029371346
0.2701245634789952
0.29606193774507916
0.3622138068366704
0.24928689737233817
0.24380774099459876
0.27748770724902316
0.31723611204726415
0.42042415606531575
0.285145037606329
0.24373689988174987
0.329454203090938
0.24396464597278117
0.26186733881099045
0.2467701227089358
0.24378882214581687
0.324201854601897
0.2557240834297329
0.27382306115572397
1.3639892423745612
0.2437584523682618
0.4918047387229116
0.31700492157975496
0.44507828473518946
0.5017206180405441
0.27276488440423113
0.24494421137542094
0.250925246195201
0.3369398566247545
0.2633439538764382
0.24553117679948677
0.2587599203034218
0.2693730785266238
0.24535085853319516
0.3219568070717338
0.24478659197151095
0.2602399626811479
0.24753711564102382
0.722368664103472
0.24374752210092193
0.2500768185105945
0.24731857317410524
0.7842396015600699
0.35716563491784353
0.776265147356603
1.1800266500211565
0.8683035571040303
0.244687906087861
0.8090357339286037
0.2783005872143855
0.26509100767215543
0.4064371989105806
0.25580898827211346
0.4445059094770444
0.7144824774325025
0.29338216512841375
0.28480602512665854
0.268406943419925
0.2496807456918214
0.2736895143392519
0.2637290253804198
0.2518105854936504
0.27147841948582946
0.3758789774419821
0.39248104580518184
0.24787028796836372
0.24655077396968939
0.618082099793475
0.26612730314238664
0.7681818418269261
0.5706549616891131
1.4814869827878145
0.6428401846385605
0.26473209768734396
0.27144471125912906
0.35726195325392995
0.28845839438964044
0.26000920321898013
0.39914721296164946
0.3887503100972634
0.39467204426254826
0.2592391414557592
0.3563259988344511
0.2719023997117968
0.3111544254492052
0.27198268666141145
0.255936747030661
0.2569390205190545
0.6053890177717535
0.2567354595573542
0.2597663161663741
0.32031232379047464
0.2714396549402232
0.26824478570700705
0.28198042979699983
0.31744383088860867
1.5606883752899912
1.2696327480558391
0.394426567626899
0.5758478987780281
0.5238014126803429
0.2499682647736516
0.3742950463028764
0.24378261710107788
0.24892828881462045
0.26822456501094233
0.2606170926570038
0.28368191063560083
0.28146512293962683
0.2529796333996777
0.26441138026483785
0.26528118750779506
0.2811372397682552
0.3151920875184589
0.24604798545059983
0.29515641174968965
0.31269809460940107
0.33181748502666314
0.2550459976479057
0.3016513992577362
0.24432373626596637
0.24548407831068142
0.2908346823938072
0.31357341785043263
0.31659030790346576
0.27433805330224365
0.2838925256893521
0.2890683541836443
0.24651037302165918
0.26428607198763115
0.2778209958288244
0.2876817777456244
0.4189971880855573
0.25074154088297634
0.25326812632920176
0.2842971374080309
0.4248759015108771
0.41589487523666085
0.40817149106495404
0.7599089559142135
0.6688779332536083
0.24603679909343035
0.24962466669118577
0.28065977995216085
0.3972678167179883
0.2966601533948176
0.385399316653195
0.2812417400003067
0.4247561397107248
0.37754597710825233
0.39893797760707234
0.29359218455611447
0.3891776413605742
0.3018850352573198
0.24402268331934357
0.41638289985513693
0.24438116774267216
0.24376649193326888
0.2756503909346438
0.30248108814896574
0.2541609797306082
0.2529448502383424
0.42758581099028364
0.304889835934315
0.24821733254268916
0.45111202831354813
0.3804915580802156
0.24614264485401013
0.24563808004491888
0.24710432471597402
0.2441484576302948
0.29445593814248466
0.3916757850731671
0.25374644991550305
0.3508394399310009
0.25106479476678867
0.2540526258746633
0.2873965374827342
0.26939902406086724
0.2438938721180797
0.24644043911707944
0.2725736558803458
0.31699064246498715
0.2437602753887814
0.3181263339192537
0.2546488952134665
0.3392048089294543
0.25583193084146116
0.30287138430991944
0.3933398678351569
0.3828073771851279
0.24592215226467284
0.41153786048548086
0.2585835376114704
0.24465236108928476
0.3676867630813781
0.32264223248405444
0.2452369660961437
0.28520076481696904
0.6607409194434863
0.43211412211760386
0.43121363272025265
0.5008898858677123
0.7654419189180085
0.30230423569198034
0.3672035789676283
0.25247283948378524
0.2570682443803224
0.38133452502618553
0.3068750868688788
0.3554093279329704
0.2875817735417618
0.24828844060900374
0.2804835023629235
0.2579556993478948
0.27864033306089425
0.2502717621673593
0.27885334972005543
0.25826530654113666
0.35828329023450695
0.321558201971992
0.3003265388438111
0.28112761813598286
0.25083609410842644
0.3223110135226145
0.24413815030116207
0.24636461181294375
0.3277890822508672
0.2734582566003754
0.275443068118442
0.3006619390092633
0.4731335870706199
0.8005001382521673
0.2518078459052274
0.3854251161082287
0.28083479731391425
0.4322700229439831
0.46885450929044914
0.24705016242586342
0.5990118138077812
0.2465141031321409
0.258763227046952
0.33828666690797576
0.34645035622015036
0.2640617521597573
0.2670591575574318
0.27621056730953386
0.49541103902479466
0.24391999713346382
0.356514193386205
0.3280657323090561
0.5281553054830969
0.24454532675108173
0.24655140610746493
0.24411392868281118
0.46153784877456616
0.24431548949514797
0.3530068698372794
0.24441106356921938
1.5182292646223314
0.3235051584540045
0.4334706755948253
0.526568389696433
1.3707140466868772
0.5289838111787313
0.2440747462136962
0.2838653023827709
0.2557516189590226
0.2484176865590781
0.3210022222363636
0.3665594361835727
0.2931213855793038
0.2464638752535147
0.26286180557832617
0.2891005782403183
0.2629456658557596
0.2450008360602673
0.3211418844710868
0.24901169921552618
0.251616647083703
0.29993317907460265
0.4374708434677065
0.2815214501978219
1.2240422739969616
0.4043106829279063
0.3597260768455603
0.35403508487069446
0.36142657291634944
0.26210935552422004
0.48391125282706265
0.28389764313854016
0.3856734462503907
0.36066185791059086
0.4380278601397875
0.24582704170781072
0.2551629797653255
0.29422658384856987
0.2563377483557988
0.33863064964461137
0.5948078688441011
1.0278839530854442
1.105746971626271
0.5557346652453196
0.5415782232108862
0.6138676831034805
0.31561684911100946
1.100077271025162
0.4002633269246591
0.38489434478698126
0.47125994252944053
0.38297502557826546
0.2735434837277797
0.24437403301957894
0.24416469031128107
0.25422986884585336
0.25768783181737354
0.2572343078840812
0.24736774900757075
0.2578603983124434
0.25056209191944867
0.2437893380142899
0.3206388363238822
0.251171870582717
0.24972602003864874
0.2758342697154165
0.26990538948357523
0.2753235185864809
0.25083976586666445
0.26609145113756477
0.2657606260463683
0.2544199632872508
0.28545306495510026
0.258935831798773
0.2992558762937031
0.2438533312582009
0.2589668571920708
0.24639486967537744
0.44637121944824387
0.2832354790708303
0.2959588385876209
0.5031889113669507
0.6816768752312388
0.5970571643395596
0.47562271937244466
0.305158505905144
0.26208533606476253
0.30415554294648683
0.36753610938055764
0.2591325092035346
0.28711220383432545
0.3151820133667195
0.27443025881524746
0.3420074047146845
0.2656994327720815
0.36309804477574104
0.25442796466813133
0.47861123891397245
0.44287191066136644
0.2800608873317623
0.2900842203825466
0.24399756933739813
0.2906801199321434
0.2438081256721969
0.24637107382990447
0.263215381668024
0.24840224413931053
0.2926570999024529
0.24615265295708555
0.27374677005324405
0.26554729221150636
0.2546966211913272
0.25658400441352885
0.29287120823325513
0.3021745879036703
0.2438659248704736
0.32945165004720356
0.2865292358609602
0.25276782319542623
0.31750942053270953
0.4060724666049009
0.25966401749351414
0.2948162169672914
0.24389370600556667
0.24931824807168462
0.24785439144547303
0.27558958473682965
0.25329167196123037
0.28548724828667843
0.2437410679599972
0.24892745931955046
0.24769195394269525
0.3412817818430251
0.2605760072756541
0.2562456622723041
0.24850894805956583
0.3232575773219178
0.26809631982940446
0.31698722377211097
0.3306516637921883
0.24941163350342288
0.29650013844917134
0.2881619282731937
0.3257326630418309
0.25180375577985603
0.24952937647788404
0.2466227762058243
0.2584148836765338
0.3921359721337946
0.28705793919345685
0.26601517674049285
0.2504037050353937
0.24574466736430212
0.32108316007110244
0.2521970326947033
0.4496529239272119
0.2507986109895623
0.3076362052549973
0.2462017082559931
0.24839756508693167
0.3027196770923922
0.29036398136498515
0.24568078828166126
0.24490553960253925
0.24394665083041517
0.353883721940278
0.2629794723239473
0.36997611392814994
0.43599952699224725
0.37329380036166365
0.2497784445590739
0.3336274815618823
0.2595740306938002
0.24630031968695038
0.456836312923135
1.0877096247459406
0.3362711482305396
0.6134274582827008
0.25376376041823695
0.2831126596664449
0.24507401369326687
0.4038954549455659
0.37816508724666703
0.3349924471631262
0.381020718177319
0.3314210452446348
0.24710190171433544
0.36243700888176633
0.25568839626383744
0.2628345720005467
0.2782656866090211
0.24463673363484043
0.24917042701315156
0.29622719533437825
0.3369206647968697
0.31686200340481163
0.2990655393064189
0.3384805929656972
0.2870544537200946
0.257680798941514
0.2790019020633113
0.26795197584569336
0.2639900250431237
0.24803558340757478
0.2812760799239039
0.2869022279431594
0.30993385856312117
0.24439241350931462
0.3114539109942832
0.2765907326151177
0.2900070267719027
0.2493945539374389
0.2544342749750137
0.2768788224096311
0.2587072677608483
0.24508018225162426
0.24696972092188715
0.24971640536320597
0.286556963874843
0.2486581976830832
0.4300145374260492
0.2749967118851978
0.2503607484731885
0.3904044333813199
0.3068515879145172
0.24389896068471628
0.26073875364104054
0.3710317882000836
0.5041412306910688
0.24376751840815386
0.35655080954579876
0.25197416628877006
0.4295746396929334
0.3783185783961908
0.4998784935695006
0.32903320765191213
0.24472226894675692
0.26803110894967735
0.33536494892478835
0.24447136485564497
0.27785826927989093
0.26692104617742324
0.28723021197807175
0.2512393710666164
0.41270134449965584
0.2606388438531673
0.2931989811541784
0.30033060634184205
0.4101630905840347
0.2650991753910302
0.44938228365235033
0.2437677858846717
0.31334165320272334
0.27420185735083213
0.2646086514758008
0.24440974253397135
0.34848508995143684
0.3179429287595214
1.517717929772712
0.3422458956972435
0.4814340149752087
0.2707017545412066
0.32632593580082453
0.25110151519154256
0.2814157115600288
0.3015866252274044
0.44163050448615715
0.3448023448037574
0.4112369323150254
0.4475463494630284
0.2749185235745203
0.3748604529796768
0.5215741827276819
0.3859327231413469
0.257984136658918
0.2678242084422608
0.3123128438990475
0.3646508142985365
0.33132967300142585
0.35354149424439407
0.3476376645220405
0.3065178516006547
0.3142785191190107
0.2653879006194003
0.24803296633045802
0.2937417138972891
0.26097674534309984
0.4360494052520814
0.2528084895894027
0.24938082739573192
0.3771367356956733
0.3035388816741908
0.2448882758603783
0.2639043708589246
0.253146742627838
0.3710841283204788
0.250333563309359
0.288708037405691
0.3039993757624806
0.29737686989878126
0.2651832774021786
0.2669888998115077
0.3213990837191972
0.25199856108836977
0.3737457697054562
0.3942638018575774
0.35271280486537565
0.4119657205407556
0.2465290124838753
1.1001325487317282
0.8950213366287402
0.743532941932387
0.921105823882513
0.28400783734734253
0.282060449208444
0.3250827437542346
0.24848905468449056
0.28267287999995744
0.24376422540945225
0.2924475090562603
0.26969175214886276
0.27832499892576723
0.26589554225067846
0.28255376409299787
0.24565953167293242
0.250130795277594
0.25213786819110123
0.2777413348827546
0.27450667841888704
0.2603179031608027
0.2841141709955236
0.2914940716194891
0.27805487747687296
0.24437931257101125
0.3067449684253897
0.24832203772988445
0.27234880299312364
0.31219754988780934
0.8789165517584715
0.4119209908650675
0.2497047227788505
0.2629129829560809
0.5478983517785121
0.28710385480202794
0.25320686912357715
0.29008541431608253
0.24608431276737877
0.24502761795915237
0.2570971481050718
0.24780549996209886
0.5129035771578604
0.3397838062004056
0.2473666748073231
0.527317438111735
0.29856328732589665
0.260877915656551
0.2726667739883438
0.24385342099558255
0.36598548935300224
0.2458157562852733
0.3173060851681805
0.31916795655626323
0.3633851922936986
0.27686802319080683
0.3533713641254123
0.2688972399816575
0.2633718846082445
0.6245896432890703
0.24440344557226737
0.2512383175038143
0.5731415966789816
0.8367500176971643
0.24927361495759195
0.3536612633637864
0.26104573913413237
0.41361388995639015
0.2559987444127106
0.24682832678854447
0.25353484335966264
0.2439553226147186
0.27662878374932787
0.3051650609944596
0.33010185506614403
0.263196000435326
0.261939795241529
0.27260354765545336
0.24493300800999357
0.27156432925339674
0.2756353756662107
0.250410192358191
0.9670356175924242
0.7053062612385896
0.41359801557528386
0.261420403435225
0.3612112797868765
0.248008152674937
0.45329581642250055
0.3937595223691984
0.4390108799292257
0.24377327182457856
0.2467362421696961
0.33990918418439336
0.24555085053308467
0.244080245657933
0.319983585476023
0.2729916427270545
0.2787985091517583
0.26527282812487063
0.24773014794847234
0.40155648810711386
0.2676905189940757
0.29279181096861195
0.25862755913454505
0.2570028620959303
0.2725398483983501
0.36419651364103334
0.24872666142294736
0.24373792252130194
0.36871233717755736
0.28259581323788785
0.2476838189576846
0.460676344120565
0.24378408087929762
0.25371263487423
0.256435006761246
0.251191029670139
0.31899072022541447
0.24464174771294842
0.29402636987184994
0.24489035626375305
0.2539246402348911
0.24607208471011852
0.2544579315119099
0.2824568123579675
0.243929777844107
0.2475312597581435
0.24553576517388304
0.2467283118734988
0.47270031140035135
0.28855449716545317
0.2730716882893502
0.24569115376390246
0.28264713807443403
0.2632227907538353
0.2653556053271771
0.24375415976193926
0.3176462278892789
0.24399605112891826
0.24380885456999518
0.3171790513051282
0.3053302708478263
0.2542930766240984
0.2591005020805176
0.2677321361333415
0.24398553852485752
0.2535905630968449
0.3111432034569874
0.2527137706005295
0.3730193721805422
0.32313983583479067
0.3119111308720067
0.2509031424230494
0.324792279903746
0.26708882943346945
0.3321635601432357
0.24854780045450958
0.25045024749940825
0.24510606605528143
0.24433200942676886
0.48762760576278313
0.24934197124098675
0.25834359075569635
0.24799217074373955
0.33046622148336435
0.24383199043958725
0.3442861348932734
0.3509566474559318
0.2787986830185003
0.29769962017621077
0.2797615619700932
0.3918414192310106
0.2683990129208915
0.31117777712130534
0.24380242531844862
0.24546004627219595
0.31507473114769163
0.2723854169172673
0.24402523256140782
0.3138120377948588
0.2567577321005158
0.2470029629299229
0.3292150843921539
0.2588931510603885
0.24388320545443679
0.325942695785986
0.4147954444098145
0.258664744599019
0.4555333526525041
0.3035273220386659
0.30512258341763765
0.5336796169014765
0.4981949575075648
0.39815523806074876
0.3070765896182409
0.2855431990187541
0.24406168730169214
0.2554297602828755
0.31351322444376045
0.25385837834052893
0.37517693527504387
0.5121525778691094
0.3099495006578294
0.3193945582298999
0.2798579985896708
0.2823637242996314
0.43536465531666674
0.24683395093582308
0.28997512445467266
0.27405673518571744
0.2554623393536258
0.5947119595276036
0.4046664000443923
0.5353486767591413
0.40964308562854534
0.28882417990972464
0.2806109467001539
0.4331497559995664
0.2592395703069495
0.24469103645523094
0.2445196466357507
0.26393506930785504
0.255269848199482
0.3119169962507757
0.24751793811674094
0.3151656937798095
0.24954208234284234
0.2739529045616587
0.25678335653833445
0.243860736628967
0.2561988963065194
0.2569184709393932
0.24966877119987552
0.29275251456706863
0.24463684980659486
0.24407775465264814
0.24990051288787435
0.36883470087028836
0.28499341051488564
0.2994050367881245
0.5207566677416244
0.33544446831417024
0.24954887117584668
0.3668216358659397
0.24527201805518098
0.2764531194917046
0.25844961772285846
0.2437369422952298
0.2487175602334312
0.259146468163427
0.24932992604828308
0.32647693055874527
0.25806460835543
0.2744033421983982
0.2548569109645883
0.37575858660473044
0.2703091625233786
0.24379058634883402
0.24498089246482332
0.2713743795998363
0.33628460740180044
0.2895128389116971
0.3770378881579016
0.24768628295317074
0.24373702384315038
0.3527275631943032
0.3166260423078903
0.3423152181417413
0.2616822118145263
0.24880452741573683
0.269723833412208
0.37670098934393564
0.24591016636654522
0.2742263024522794
0.2611993879613406
0.25063670620248407
0.30559316350049254
0.2539907353978291
0.2567017643397305
0.3592756607288064
0.30577113208126305
0.25227668385336693
0.2441965244146149
0.28648654015551545
0.24465233299735664
0.37491097769143905
0.2501846304043117
0.36860173038691774
0.24583740077349
0.28880717320370736
0.2637362737200359
0.2469348977897886
0.31804632550685524
0.26646989045905467
0.2583861315477942
0.254386861249964
0.420247153818239
0.3632743872963686
0.43644776318612666
0.3878993871768345
0.24394644536355511
0.936928416889678
0.28997778265003793
0.2716909418637099
0.39728375904200397
0.2512232535864999
0.24716012818399397
0.24582737390969467
0.27096184081269503
0.2458092126948547
0.3559839070012118
0.6148253502931935
0.3077942700970892
0.4856475925621215
0.36621758770494917
0.2916248862879299
0.27176684851594285
0.3283946483293739
0.24813534308753665
0.2505995841522254
0.2621831383951648
0.3648531889808918
0.3313108353826658
0.2682328032529167
0.25102227914555664
0.3152269174119392
0.248594403539303
0.6232810812748285
0.24979382844531633
0.489715491197454
0.2487235417462802
0.26991187548793366
0.25393379730857146
0.3675646947418787
0.29971628841022574
0.24567341581785349
0.39538861068821796
0.3292408237010517
0.2891413774852461
0.2448284741846947
0.2841212087220116
0.29894901255916945
0.254438658711013
0.597944265879351
0.24382544593471978
0.29949957105654396
0.29656212039709284
0.5477670505861266
0.45213745386182413
0.6896501663200225
0.7011684233422711
0.5705681836827616
0.8430537608337451
0.3235562561219146
0.35040492201516404
0.3444962401147418
0.26293273116512056
0.35119538936895045
0.38969163290010994
0.3581178683398624
0.35482672514039376
0.366403152931479
0.28108203536902754
0.26859630596580175
0.2437448559927191
0.2927528921605198
0.25287193938783487
0.30421252917750535
0.3555717193928163
0.26584394371763126
0.3300220338628558
0.24741360148794483
0.24801644496328268
0.36048190825802445
0.2539717038594905
0.2585622544960316
0.3860646970829568
0.3508796423005119
0.3050388290184996
0.2882808649891472
0.2689634398738196
0.286041882299703
0.3752616188350575
0.25214316044882
0.2481600800256816
0.3689243472148633
0.3217681363316058
0.2525806717662547
0.32229636144339396
0.37069405356323915
0.25508843265550935
0.2650856886478555
0.25210611517172155
0.2709170151387732
0.2446475177110012
0.25299573797961494
0.357855688455189
0.2441105718802943
0.25699776671768143
0.31597547993067376
0.3236270707358295
0.24427776679757993
0.26722373986915954
0.32338799093744
0.4112059042293136
0.30409827139996587
0.27000673781696327
0.2715202778921159
0.24896006803198653
0.385342107713574
0.2995369371887279
0.2771276150252435
0.33039638041722413
0.3624975287399595
0.24584654881374177
0.26710962533035165
0.34362398714937414
0.24402945321289107
0.3271050537176216
0.2921848172273399
0.2549875532136368
0.26452483940730315
0.362780900710185
0.31329922249961145
0.7436308574899819
0.2456520361155768
0.30887029006744876
0.32565109406568604
0.24728833054707752
0.6839680163062686
0.3065454626061482
0.40562493595521093
0.2476381485892002
0.2482774609285336
0.2913783098813731
0.46499547031656324
0.2538508578358276
0.2799261940511145
0.24467455516904477
0.2520740540886728
0.24439097977203086
0.2523183216403363
0.3289124569247181
0.31446171885777424
0.24423993527463683
0.2461444643476343
0.24456013172053342
0.24429200761170636
0.25956653262222473
0.30720882532169463
0.24994529958607997
0.4119801694825571
0.27472796799617727
0.42757522440041534
0.2483260266332243
0.2872439563280905
0.2955562296756557
0.24387231204277962
0.2523005845061417
0.32290883122768127
0.2468535701153701
0.25703316107697605
0.2553238293168405
0.2997975439957077
0.2510535803643265
0.3759455020108945
0.24567997660488572
0.24954786569910772
0.2639522000690144
0.2467471339780936
0.24674934506570897
0.2740330860423481
0.30086667802786804
0.24645071267230664
0.2795861962250672
0.24514823715029113
0.2939698855081405
0.24476798441628522
0.25744207488206794
0.26938366037269895
0.2449514518540269
0.29288037825446467
0.24798335198762203
0.2689201187735151
0.2926968836562829
0.25787633917270947
0.24471925804382477
0.2507339562621031
0.24501617476892767
0.24771370268290477
0.24815881188370986
0.29300453185771275
1.080104646863755
0.25902665425242055
0.250751724868831
0.6119351348892246
0.6000372397437775
0.3179247090517942
0.2775494668697168
0.3087380350096303
0.29405319840238503
0.2845945864170888
0.3072830464366449
0.29434970649662284
0.2440126939671214
0.3484187692726422
0.24373479087395059
0.2559303169882787
0.3808410919507094
0.3014061966192321
0.31581755716250015
0.2446146321671692
0.25053122632900077
0.260844324722896
0.30192217036062696
0.3711909835523579
0.28673566468637424
0.305253888083461
0.2605286925311399
0.24388853776643868
0.24396170418516044
0.295929746471159
0.2705017751606542
0.332955328458588
0.27103214705937523
0.27924388435336167
0.25593851463610245
0.4009097079019194
0.24740398578633357
0.33259997052699053
0.39107972661240936
0.3074821000658483
0.2946205086990944
0.28895700147471753
0.2755840288616692
0.2643076688543563
0.25245850477647314
0.29147436496791396
0.30268276709711034
0.4463959501447782
0.2897247119581695
0.29528702807499685
0.4734759039327091
0.27803582477145183
0.30784783908036795
0.2782489926734717
0.34834282138530465
0.2747148688268816
0.26353743603762153
0.24883085813522832
0.30974953939455757
0.3696052664336936
0.2971327013654223
0.3093193301225034
0.2441793815515521
0.2899566391962514
0.25531739420586685
0.26458526820572387
0.24810349002359128
0.2439527895442518
0.339528646873924
0.2577542595109258
0.26499231623400715
0.24476550509886147
0.27599282777576845
0.2501816171277873
0.26373599783154894
0.25188965588722434
0.24553881686923787
0.26175561655523344
0.26350674910660954
0.25660175929573975
0.26959764965964755
0.3274413457225558
0.2693478686301338
0.3514471131978846
0.24474690092214726
0.3021958033845307
0.2885073376079105
0.2596745391799523
0.27516412105214333
0.25113448064592114
0.24522689292807678
0.315683554127057
0.2442003302726055
0.29813712690937766
0.2617285078394153
0.27558953680948245
0.2823347041960908
0.27317017230680685
0.2529823167936417
0.2717336560443091
0.30520513523681886
0.2765475288025497
0.2454119237997601
0.2566502520607715
0.31530126862508423
1.5195027315371068
0.4692344649773951
1.1691875306505306
0.38211383893418127
0.49817191512569575
0.2469943046536785
0.3872818762449057
0.26685429458956417
0.2561080317718562
0.259316328766059
0.3130079755953034
0.24385970253192407
0.24407056056423113
0.25481568494700485
0.2751107140556126
0.2598142243048068
0.25032660739581075
0.24402767525991456
0.24858969501577108
0.3938738948161784
0.27330760928624015
0.256127380935114
0.2776322453492323
0.3575828557380389
0.2565275054458394
0.2829960915143934
0.24653404533945025
0.27189386258730824
0.2624053590109104
0.24596051961870496
0.24725122426603302
0.27329434973030775
0.31079651908753875
0.3534204390444585
0.28800858351788833
0.2438193858353335
0.5075778452921442
0.25661676515010745
0.2997192553393584
0.43825666343701913
0.3717674524028727
0.7493468901220355
0.6927414669110822
0.3907910141868432
0.49313268588920883
0.2937824869953916
0.28440305640606084
0.2500324614963679
0.25848385158927406
0.25310687811117183
0.2968969762825598
0.26417009291641097
0.3207932430078532
0.2578076902720048
0.2444480983443182
0.24934940150770996
0.2443170476687855
0.25402213839828464
0.24376116315451996
0.26189795788400916
0.28596750799051224
0.2442767327096817
0.2719832271731829
0.24435654965408335
0.2449525821512168
0.24509952564787169
0.25837191219205563
0.24384355486821147
0.45780119132506236
0.34043269375218477
0.3248429122285836
0.2738573673420173
0.2637725125714378
0.26011244841506387
0.26362454491067255
0.2498783203853113
0.2751583166505651
0.3227518756365416
0.31728833880951285
0.3047628771952442
0.2745773813190758
0.2522785097048581
0.35918716619819324
0.25295925236616523
0.24374212328979564
0.25590533634222923
0.26336014267814334
0.24840357629312418
0.30919080162238327
0.24692449712692918
0.34538670472259964
0.2480217775744966
0.26674259805840805
0.25244439343754865
0.2473292615643081
0.2650826157861199
0.2537138688504065
0.27765310997895404
0.2619883304568195
0.31367673571978033
0.272194849419442
0.24373705699686918
0.2601916271248471
0.2462832023811457
0.2645333832112767
0.25553875855775443
0.24472518108414482
0.2501294134701808
0.25053063996623
0.25238605935568725
0.29172389325291415
0.27262727010402305
0.2824909552304734
0.26492462247622617
0.24910759061756427
0.2443865403969064
0.26358217167947806
0.2993258477158791
0.25078666037763087
0.3638912141877372
0.2458033955571565
0.25303574530242534
0.25533686902442737
0.24414651194257406
0.35091928643138703
0.24483136043292963
0.3857880568432048
0.2455691860023619
0.25274780510032646
0.25707399926469
0.2978272967455963
0.3598182329153573
0.27251589572414076
0.2541227490568716
0.2594568591787332
0.3081460885318483
0.3282247206901946
0.28095818037245723
0.3975671375126765
0.24590548718175548
0.25971867401367005
0.39092549549065575
0.2550762100103438
0.24586683027155123
0.24380381825543893
0.24392499398104855
0.24608779445943574
0.24667914032801394
0.31878631809402336
0.3771228138743187
0.2541924672258336
0.24375845002548974
0.44178022212175944
0.2687620844242513
0.2667744885863856
0.24750613697266569
0.24389223450244882
0.31024025146780826
0.25942170855617364
0.245379553365284
0.2785342904541904
0.2464984606219113
0.25583640057538415
0.2507370427670544
0.24716764156541582
0.26466226428588424
0.30589604419250155
0.24968873810973025
0.2612053701783208
0.24673471900094496
0.33568404256275386
0.2720454112647689
0.32698862401127937
0.24984123193834157
0.2510454264834767
0.30809985049159644
0.24826593356069837
0.28429801929108417
0.2784422682486265
0.2565473586267897
0.37474206600829296
0.3287054862845551
0.2443011899910416
0.278410126020993
0.32184959982492894
0.24405263676414674
0.29393692647218156
0.2593634660088701
0.2678532742546065
0.43703473606449655
0.45734212215409675
0.25517743330540904
0.49933894208221624
0.3039530830405865
0.27199266134261335
0.256623880326169
0.24723723726861752
0.71575197124754
0.7259326574170085
0.2437567550190324
0.7020871569328976
0.41180497679939065
0.2469397912155619
0.2716122217529231
0.27841678203970976
0.336403599364722
0.2865701912504517
0.2612933656721902
0.346873076004865
0.2825952578635037
0.31635384593072835
0.2850373421329723
0.26088172762864553
0.27201773351356284
0.3039483168710447
0.2443402788948958
0.36474164433484046
0.4818174201379598
0.46105355734336423
0.3609000759658958
0.6615785174189156
0.6849567426665366
0.3473454488555321
0.31653890579152416
0.3938099985331736
0.6552362267350851
0.7186101853961201
0.3189914579420886
0.3229991345813257
0.29085001213706696
0.3550613798475313
0.2587771317000122
0.5108661184345812
0.29468739761501445
0.26864426387360923
0.3292175964904655
0.6072204486408641
0.2831074128222289
0.8963171584018506
0.5037303930207231
0.32942866295983464
0.2736546957353401
0.28782646446646154
0.26209856431406997
0.30239663145128903
0.24589361183766678
0.24758660389286175
0.24984832426678025
0.4700156770967536
0.26469102201813877
0.2537520883685777
0.39122732900957286
0.250534318603464
0.27375771101432184
0.3223289498161223
0.2537864093430734
0.2684800745627538
0.2535060864447465
0.24409960415882054
0.26642527474681843
0.24425487979540625
0.2514802756482588
0.30887542430406606
0.24405468837276997
0.25670002432269806
0.28648000240866983
0.2889948702455633
0.25393048773394195
0.27568886695654793
0.24373400275483245
0.27231746380077826
0.24586487136244514
0.2439618117023212
0.25875729637697076
0.29283374257979766
0.3105440452675734
0.2651860234708784
0.33065896464906164
0.26355508738366523
0.28415180205993923
0.2447439459165666
0.27311404514044585
0.25956115867208757
0.2816698089292105
0.31208094338685394
0.26298329011269783
0.24494013525035202
0.24373799275425018
0.2796958527574464
0.26856912680513056
0.24386982631237047
0.24722301569571073
0.24615351857084558
0.25707389444391926
0.24543716066140303
0.2926831574032219
0.2870174245339625
0.27675884367371795
0.25115910509356404
1.8491529734683565
0.49278730671380805
0.5453224795459524
0.3978006391784322
0.27349314152281307
0.6944604321966877
0.2972369523238756
0.4292315525307741
0.5912157732594934
0.44626893552063723
0.9367346201076617
0.6529421328971959
0.6362790396660764
0.8426518913991374
0.2781472373961036
0.25156997399429915
