0.111280486,0.070200846,0.0971139,0.030295068
0.11129101,0.070206285,0.097120516,0.030296888
0.111301534,0.070211716,0.09712708,0.030298695
0.11131204,0.07021715,0.097133674,0.030300511
0.11132254,0.07022257,0.097140245,0.030302327
0.11133303,0.07022799,0.097146794,0.03030413
0.111345604,0.07023485,0.09715505,0.03030654
0.11135365,0.0702382,0.09715929,0.030307388
0.11136453,0.07024443,0.097166575,0.030309645
0.111374795,0.070249535,0.09717292,0.030311301
0.11138738,0.07025647,0.097181216,0.030313754
0.11139539,0.07025978,0.097185396,0.030314578
0.11140623,0.07026597,0.09719266,0.030316837
0.11141645,0.07027106,0.09719897,0.030318486
0.11142688,0.07027651,0.09720555,0.030320322
0.11143723,0.07028186,0.097212024,0.030322092
0.111447595,0.07028721,0.0972185,0.030323878
0.11145795,0.070292555,0.09722497,0.030325664
0.11146829,0.07029791,0.09723145,0.030327449
0.11147863,0.07030326,0.0972379,0.030329227
0.11148895,0.07030859,0.09724437,0.030331006
0.11150135,0.07031535,0.09725247,0.030333383
0.11150927,0.07031864,0.097256646,0.030334208
0.11151999,0.070324756,0.097263806,0.030336438
0.11153009,0.0703298,0.097270034,0.030338066
0.111540414,0.070335194,0.09727653,0.030339884
0.111550644,0.07034047,0.097282924,0.03034163
0.11156298,0.07034719,0.09729099,0.030343993
0.11157707,0.07035476,0.09730013,0.030346606
0.11158688,0.070359066,0.097305454,0.030347783
0.111595295,0.07036329,0.097310394,0.030349122
0.111601576,0.070366204,0.097313926,0.030349974
0.11161428,0.07037386,0.09732304,0.030352922
0.111625984,0.07037962,0.09733024,0.03035475
0.11163607,0.07038459,0.09733624,0.030356314
0.11165867,0.070398435,0.09735254,0.030361665
0.11165684,0.0703931,0.09734704,0.030358376
0.1116631,0.07039828,0.0973522,0.03036071
0.11167518,0.070405245,0.0973609,0.03036332
0.11168278,0.070408285,0.09736496,0.030364066
0.111695364,0.070415765,0.09737371,0.030366872
0.111867554,0.07053173,0.09750974,0.030414898
0.11181108,0.07046064,0.097433545,0.030376732
0.11172896,0.070419766,0.09737534,0.03036272
0.111760534,0.07045493,0.09741539,0.030381177
0.11175485,0.07044288,0.09740676,0.0303745
0.1120015,0.07061434,0.09760605,0.030446833
0.11173873,0.07038689,0.09735115,0.030339453
0.1117962,0.07048301,0.097440936,0.030393114
0.11178583,0.07045693,0.09742494,0.03037857
0.111799,0.07047021,0.09743809,0.030385116
0.11181531,0.07047827,0.09744906,0.030387808
0.11181851,0.07047774,0.0974488,0.030386876
0.11182566,0.07048238,0.097453885,0.03038872
0.11183363,0.07048648,0.097459085,0.030390127
0.111849755,0.07049618,0.09747068,0.030393844
0.11185673,0.07049802,0.09747343,0.030393876
0.111865364,0.070503026,0.09747905,0.030395692
0.11187532,0.070508294,0.0974855,0.030397508
0.11189321,0.070518844,0.097498104,0.0304015
0.11189799,0.07051894,0.09749876,0.030400712
0.111908995,0.07052601,0.09750661,0.030403504
0.11192647,0.07053596,0.097518705,0.030407155
0.11192736,0.07053349,0.097516276,0.030405315
0.11193684,0.07054023,0.09752362,0.030408155
0.111942284,0.0705421,0.09752638,0.030408485
0.111952715,0.070548415,0.09753384,0.030410938
0.11196222,0.07055305,0.097539686,0.030412398
0.11197209,0.07055824,0.09754591,0.030414157
0.11198189,0.070563264,0.09755201,0.030415827
0.1119917,0.07056834,0.09755812,0.030417517
0.11200147,0.0705734,0.09756421,0.03041919
0.11201722,0.07058255,0.09757509,0.03042259
0.11202815,0.07058724,0.09758103,0.030423831
0.11204004,0.07059371,0.09758853,0.030426068
0.11216765,0.0706793,0.09768867,0.030461373
0.11203728,0.07056585,0.09756116,0.030407637
0.11207046,0.07061689,0.09760943,0.030435683
0.11208956,0.07061965,0.097620144,0.030434817
0.11207747,0.07060897,0.09760742,0.03042967
0.11209248,0.07062189,0.09762145,0.030435719
0.112233385,0.070715405,0.09773201,0.030474128
0.11210985,0.070604235,0.09760769,0.030420735
0.112129,0.0706447,0.097643286,0.030444046
0.11213259,0.07063965,0.097643875,0.030440593
0.112141594,0.07064598,0.097651,0.03044329
0.1121528,0.07065188,0.09765851,0.030445352
0.112156294,0.07065235,0.09765936,0.030445052
0.11216878,0.070660494,0.09766875,0.030448344
0.11217571,0.0706629,0.09767216,0.030448766
0.112185836,0.0706688,0.09767902,0.03045096
0.11219715,0.07067475,0.09768631,0.03045299
0.112208486,0.070680596,0.09769336,0.03045493
0.11221594,0.070683785,0.09769729,0.03045577
0.11222591,0.07068944,0.09770389,0.030457813
0.11223529,0.07069411,0.09770965,0.03045932
0.11224295,0.07069779,0.09771411,0.030460441
0.112254664,0.07070458,0.097722135,0.030462958
0.11233135,0.07075516,0.0977815,0.03048359
0.11227955,0.07070529,0.09772619,0.030458994
0.11229141,0.07072535,0.097743995,0.030470116
0.1123052,0.07073085,0.0977534,0.030471666
0.11233729,0.07075071,0.09777692,0.030479427
0.112305254,0.07072289,0.09774544,0.030466255
0.112321675,0.070741065,0.09776401,0.030475516
0.11232803,0.07074129,0.097766645,0.030474726
0.11233823,0.07074757,0.097773805,0.030477159
0.11234738,0.07075195,0.09777932,0.03047853
0.11235879,0.07075829,0.09778685,0.03048077
0.11236599,0.070761226,0.09779056,0.030481486
0.11237581,0.07076683,0.09779712,0.030483536
0.11238886,0.070774056,0.09780583,0.030486118
0.112397775,0.07077789,0.09781061,0.030487124
0.11240359,0.070780486,0.09781361,0.030487817
0.11241343,0.070786305,0.097820446,0.03049001
0.11242254,0.07079077,0.09782603,0.03049143
0.11243196,0.0707957,0.097831935,0.030493097
0.112441264,0.07080048,0.0978377,0.030494675
0.11245061,0.07080531,0.0978435,0.030496284
0.112463705,0.07081273,0.097852334,0.030498976
0.11247061,0.07081515,0.097855486,0.03049938
0.112478554,0.07081959,0.097860545,0.030500947
0.112487875,0.070824616,0.09786663,0.030502697
0.112500876,0.070831895,0.09787539,0.030505326
0.11250962,0.070835635,0.09788007,0.030506298
0.112517275,0.0708395,0.097884566,0.030507542
0.112528615,0.07084599,0.097892255,0.030509917
0.112537466,0.070850074,0.09789733,0.03051111
0.112546876,0.07085507,0.09790324,0.030512812
0.11255605,0.070859775,0.09790889,0.03051435
0.1125653,0.07086456,0.09791461,0.03051594
0.1125726,0.070868,0.09791882,0.030516973
0.112582065,0.070873305,0.09792508,0.030518878
0.112591125,0.07087785,0.09793065,0.030520344
0.112598464,0.070881344,0.0979349,0.030521415
0.11262842,0.07090071,0.09795756,0.030529194
0.1126215,0.070890374,0.09794664,0.030523442
0.112630256,0.070898496,0.09795459,0.030527256
0.11263492,0.0708997,0.09795687,0.03052732
0.112644665,0.07090574,0.09796391,0.030529665
0.11265344,0.07090994,0.09796926,0.030530982
0.11266448,0.07091607,0.09797654,0.030533161
0.11272143,0.07095323,0.09802013,0.030548226
0.11270166,0.07092908,0.097994015,0.030535348
0.11273205,0.07095526,0.09802116,0.030547408
0.11274954,0.070960745,0.0980298,0.030548118
0.11277137,0.07097329,0.098043896,0.030552626
0.112782665,0.07097727,0.09804876,0.030553238
0.11279203,0.070982106,0.098053955,0.030554757
0.11279744,0.07098426,0.098056465,0.030555217
0.112805136,0.070988715,0.09806161,0.030556843
0.11281409,0.0709935,0.09806744,0.030558491
0.11275704,0.07095275,0.09802022,0.030541055
0.112777196,0.070977636,0.09804666,0.030554311
0.11278303,0.07097606,0.098048665,0.030552577
0.112791084,0.07098113,0.098054305,0.030554561
0.11279811,0.070984446,0.09805853,0.030555576
0.11281276,0.070993334,0.098069035,0.030559005
0.11281715,0.07099367,0.09806992,0.030558458
0.11282705,0.070999965,0.098076984,0.030560933
0.112835616,0.07100399,0.09808207,0.030562157
0.11284464,0.07100877,0.09808778,0.03056379
0.1128517,0.07101205,0.09809179,0.03056476
0.11286087,0.0710172,0.09809786,0.0305666
0.11286965,0.071021594,0.09810323,0.030568028
0.11287857,0.071026236,0.098108806,0.030569592
0.11289107,0.07103326,0.09811717,0.030572137
0.11289579,0.07103433,0.098118715,0.030572005
0.11290544,0.071040325,0.098125495,0.03057432
0.11291761,0.071046874,0.09813353,0.030576622
0.112926014,0.07105055,0.098138064,0.0305776
0.11293687,0.071056664,0.09814518,0.030579804
0.11294541,0.07106063,0.098150015,0.030580947
0.11295977,0.07106911,0.09815992,0.030584123
0.11306964,0.071142025,0.098245166,0.030613951
0.1129804,0.07106009,0.098153815,0.030574307
0.11300836,0.07109942,0.09819081,0.030595385
0.11300053,0.07108584,0.098180324,0.030588027
0.11301621,0.07109912,0.09819449,0.030594166
0.113044426,0.0711151,0.0982144,0.030600058
0.11304361,0.07110958,0.09820862,0.030596437
0.11304398,0.07111072,0.09820876,0.030597016
0.11306234,0.0711231,0.09822336,0.030602172
0.11309407,0.07114137,0.098245576,0.030608945
0.113048464,0.07110444,0.09820329,0.030592002
0.113066114,0.071126066,0.098225266,0.030603379
0.11307964,0.07113056,0.09823354,0.030604284
0.11310397,0.071145274,0.09825072,0.030609893
0.113101736,0.07113935,0.09824443,0.030606255
0.113112755,0.07114796,0.0982534,0.030610036
0.11318745,0.071197,0.09831114,0.030629987
0.11311104,0.07113055,0.09823656,0.030598564
0.11313172,0.07116138,0.098265946,0.030615406
0.11313432,0.07115678,0.09826515,0.030612255
0.11316375,0.071177274,0.09828848,0.030620854
0.11314961,0.071161866,0.09827192,0.030612972
0.113150224,0.07116577,0.09827472,0.030615404
0.113158815,0.071171016,0.09828168,0.030617526
0.11319508,0.071194276,0.09830933,0.030626886
0.11317157,0.07117139,0.09828405,0.030615572
0.11318968,0.07118926,0.09830239,0.030624315
0.11319176,0.07118642,0.09830105,0.030622166
0.113201745,0.07119339,0.098308675,0.030625083
0.11320972,0.07119691,0.09831333,0.030626075
0.11321842,0.0712016,0.09831884,0.03062769
0.113226905,0.071205914,0.09832404,0.030629108
0.11323719,0.071211524,0.098330714,0.030631077
0.1132437,0.071214214,0.09833406,0.030631736
0.11325608,0.07122169,0.09834273,0.030634573
0.11326043,0.07122241,0.09834399,0.030634305
0.1134231,0.07133366,0.09847306,0.030680649
0.11347865,0.07134081,0.09848788,0.030675588
0.113307014,0.07121695,0.09833845,0.03062142
0.11334405,0.071276374,0.09839753,0.03065467
0.113366865,0.07127989,0.09841126,0.030653914
0.11347515,0.07135141,0.09849418,0.030682994
0.11333123,0.07123225,0.09835936,0.030627849
0.113361605,0.071283676,0.09840819,0.030656697
0.113429345,0.07131994,0.0984584,0.030669944
0.113384016,0.07127707,0.09841041,0.030648945
0.11338246,0.07128641,0.098416515,0.03065523
0.11339302,0.07129244,0.098425664,0.03065769
0.11340054,0.07129561,0.09843019,0.030658584
0.11341758,0.07130612,0.09844248,0.03066265
0.11346885,0.071338214,0.09848033,0.030675266
0.11347306,0.07133172,0.09847426,0.030670073
0.113463804,0.071325965,0.09846541,0.030667573
0.113476194,0.07133619,0.09847676,0.030672275
0.11344738,0.0713137,0.09845176,0.030662263
0.113493465,0.07135121,0.098493814,0.030679438
0.113516286,0.071357146,0.09850417,0.030679595
0.113476984,0.07132713,0.09846833,0.03066608
0.1134912,0.07134489,0.09848642,0.03067547
0.11346062,0.07131991,0.09846004,0.030664252
0.11347478,0.07133594,0.09847708,0.030672586
0.11347844,0.07133473,0.09847801,0.030671334
0.1134876,0.071340755,0.098484844,0.030673785
0.113500535,0.071347855,0.09849356,0.030676318
0.11350645,0.07134965,0.09849593,0.030676492
0.113511875,0.071352534,0.09849912,0.03067745
0.11352042,0.07135745,0.098504946,0.030679263
0.113530144,0.07136257,0.09851119,0.030681022
0.11353646,0.07136525,0.0985145,0.030681696
0.11354838,0.07137244,0.098522834,0.030684425
0.11355428,0.0713743,0.09852538,0.030684652
0.11356133,0.07137827,0.098529875,0.030686077
0.11356954,0.07138267,0.098535195,0.030687599
0.11357934,0.071387954,0.09854152,0.030689431
0.11358728,0.0713917,0.09854608,0.030690558
0.11359557,0.07139607,0.09855121,0.030692033
0.113602005,0.07139906,0.098554835,0.030692903
0.11361206,0.071404934,0.09856169,0.030695073
0.11361819,0.07140731,0.09856477,0.0306956
0.11363004,0.07141449,0.09857308,0.03069835
0.11363749,0.07141746,0.0985769,0.03069903
0.113647535,0.07142323,0.098583505,0.030701114
0.113650344,0.07142335,0.09858391,0.030700702
0.11366098,0.07143034,0.098591834,0.030703532
0.113666765,0.07143229,0.098594576,0.030703837
0.11367532,0.0714373,0.09860033,0.030705696
0.11368484,0.07144231,0.098606385,0.03070738
0.11369107,0.07144494,0.09860962,0.030708058
0.113701105,0.07145086,0.09861648,0.030710252
0.11371701,0.07145996,0.09862735,0.030713592
0.11371577,0.07145627,0.09862342,0.030711308
0.11372718,0.07146477,0.09863263,0.03071497
0.113732606,0.07146618,0.09863497,0.030715
0.11374282,0.07147242,0.0986421,0.030717403
0.1137487,0.071474604,0.09864497,0.03071782
0.11375714,0.071479484,0.09865059,0.03071962
0.11376494,0.07148334,0.0986553,0.030720837
0.11377297,0.07148752,0.098660275,0.030722246
0.11378094,0.07149161,0.09866516,0.030723583
0.11378726,0.07149461,0.098668754,0.03072448
0.11379545,0.07149919,0.098674126,0.030726109
0.11380328,0.071503095,0.0986789,0.030727377
0.11381124,0.07150725,0.09868382,0.030728761
0.11381916,0.07151132,0.09868867,0.0307301
0.11382709,0.0715154,0.09869355,0.03073145
0.11383662,0.0715206,0.09869969,0.030733267
0.11384429,0.07152421,0.09870407,0.03073433
0.11385393,0.07152957,0.098710336,0.030736227
0.113858305,0.07153087,0.09871206,0.030736338
0.11406364,0.07167141,0.098874845,0.030794851
0.113856845,0.07149,0.0986726,0.030708898
0.11389996,0.07156514,0.09874173,0.030751007
0.113890275,0.07154368,0.098728165,0.030739224
0.113900825,0.07155459,0.098738946,0.030744638
0.113905534,0.071555234,0.09874099,0.030744346
0.11391396,0.07156041,0.09874692,0.030746346
0.113921516,0.07156403,0.09875144,0.030747473
0.113931015,0.0715693,0.09875763,0.03074933
0.11393854,0.07157279,0.09876192,0.030750366
0.11394646,0.071577005,0.09876683,0.030751787
0.11397021,0.07159194,0.09878431,0.030757666
0.11395806,0.071579225,0.09877026,0.030751208
0.11396961,0.07159011,0.09878146,0.030756425
0.11397581,0.07159168,0.098784484,0.03075649
0.11398399,0.071596436,0.098789915,0.030758237
0.11399318,0.07160128,0.09879574,0.030759882
0.11399914,0.0716038,0.09879882,0.030760508
0.11400721,0.07160837,0.098804146,0.030762173
0.11401481,0.07161216,0.09880873,0.030763375
0.11402256,0.07161617,0.09881352,0.030764725
0.114030264,0.07162014,0.09881824,0.030766027
0.11404116,0.07162632,0.098825485,0.030768253
0.11405787,0.07163586,0.098836824,0.030771738
0.11405175,0.07162869,0.09882883,0.030767957
0.11406826,0.071641624,0.09884294,0.030773707
0.11418205,0.071716405,0.09893068,0.030804105
0.11415253,0.07167476,0.09888627,0.030781107
0.11410856,0.07165345,0.098855,0.030773917
0.11410013,0.0716549,0.09885623,0.030776525
0.11410129,0.071656115,0.0988596,0.030777426
0.114107355,0.07165983,0.098864794,0.030778987
0.11411478,0.071663745,0.09886985,0.030780373
0.1141223,0.0716676,0.09887458,0.030781655
0.1141299,0.0716715,0.098879255,0.030782964
0.114160925,0.07169153,0.098902576,0.03079097
0.11414163,0.07167248,0.09888155,0.030781511
0.11415907,0.071688995,0.09889861,0.030789457
0.11417008,0.071692534,0.09890444,0.030790014
0.114169866,0.07169079,0.09890225,0.030788822
0.11418185,0.071699284,0.098911725,0.030792415
0.11418681,0.071700305,0.098913565,0.030792257
0.114201166,0.07170952,0.09892407,0.03079592
0.11420291,0.07170802,0.098922834,0.030794596
0.11420856,0.07171193,0.098926924,0.030796194
0.11421761,0.07171704,0.09893315,0.030798065
0.114224814,0.07172034,0.09893727,0.030799031
0.11423399,0.07172546,0.098943256,0.03080085
0.114238136,0.071726695,0.098944865,0.030800944
0.11424622,0.07173166,0.0989505,0.030802848
0.11425192,0.071734056,0.098953605,0.030803476
0.1142643,0.07174167,0.098962426,0.030806396
0.11426787,0.07174183,0.09896301,0.030805884
0.11427309,0.07174502,0.09896645,0.030807095
0.114282236,0.071750335,0.09897278,0.03080906
0.11428932,0.07175355,0.09897678,0.03080998
0.114296906,0.07175761,0.098981515,0.030811366
0.11430582,0.07176241,0.09898722,0.030813023
0.11431152,0.07176477,0.09899011,0.030813597
0.11432233,0.0717713,0.09899765,0.030816087
0.11432608,0.07177191,0.09899868,0.03081583
0.11433573,0.07177807,0.09900562,0.030818257
0.114344135,0.07178201,0.099010564,0.030819446
0.11434845,0.0717836,0.099012434,0.030819725
0.114363946,0.07179361,0.09902394,0.030823717
0.11436843,0.07179374,0.0990247,0.030823033
0.11437209,0.0717958,0.09902668,0.030823717
0.11437684,0.07179839,0.09902978,0.030824648
0.114401035,0.07181417,0.09904822,0.030831018
0.114410244,0.07181594,0.09905117,0.03083058
0.114398524,0.07180676,0.099039905,0.030826362
0.11442993,0.07183079,0.099066906,0.03083698
0.11441613,0.07181483,0.0990504,0.03082876
0.114421785,0.07182227,0.099057205,0.030832656
0.11443278,0.07182822,0.099065095,0.030834815
0.11471005,0.07201694,0.09928368,0.030913087
0.11449904,0.0718188,0.0990649,0.030816572
0.114469394,0.07184706,0.09907595,0.030839488
0.114457905,0.071837984,0.0990739,0.030836394
0.1144721,0.071849674,0.099088944,0.03084207
0.114478506,0.0718509,0.09909211,0.030841932
0.114481635,0.07185219,0.09909353,0.030842237
0.11448794,0.07185601,0.09909795,0.030843696
0.114501074,0.071863845,0.0991073,0.030846687
0.11452671,0.07187905,0.09912532,0.03085242
0.11450467,0.07185931,0.099103004,0.030842949
0.11452022,0.0718749,0.09911909,0.030850617
0.11452474,0.071874246,0.09912014,0.030849524
0.11453124,0.071878344,0.099124536,0.030851087
0.11453838,0.071882024,0.09912902,0.030852323
0.11455,0.071888745,0.099136956,0.030854816
0.114596374,0.071918555,0.0991717,0.0308667
0.114555076,0.07188152,0.099130265,0.030848972
0.11457154,0.07190207,0.09915032,0.030859718
0.114571944,0.07189778,0.099148095,0.030856999
0.11459678,0.071915336,0.09916788,0.030864418
0.114592016,0.07190718,0.099159606,0.030859783
0.114598915,0.071913525,0.09916572,0.030862741
0.11481592,0.07206117,0.09933696,0.030923992
0.11463083,0.07189236,0.09915002,0.030842744
0.114642546,0.07194233,0.09919018,0.03087331
0.11464673,0.07193696,0.099192955,0.03086983
0.11464714,0.071937285,0.099193454,0.030870045
0.11469127,0.07196749,0.09922858,0.03088264
0.114685096,0.07195471,0.099215716,0.030875139
0.11467856,0.07195266,0.09921114,0.030874703
0.11469285,0.07196339,0.099223666,0.030879468
0.1147329,0.07198797,0.0992531,0.030889034
0.11466565,0.071934424,0.099192284,0.030864753
0.11471751,0.07198413,0.09924535,0.030888941
0.114706784,0.07196463,0.09922818,0.030878043
0.114727385,0.07198251,0.09924628,0.030886265
0.11471839,0.07197182,0.099235386,0.030880727
0.11472276,0.07197716,0.09924037,0.030883487
0.11473222,0.07198246,0.09924727,0.030885458
0.11473292,0.071981244,0.099246204,0.030884521
0.11495312,0.07213272,0.09942093,0.030947732
0.114844054,0.07201526,0.0992938,0.030887708
0.11494572,0.07211267,0.099391416,0.030934272
0.1147696,0.07196821,0.09923322,0.030868424
0.11476898,0.07200503,0.09926427,0.030892966
0.11477058,0.0720007,0.09926791,0.030890707
0.11478491,0.07201065,0.09928021,0.030895043
0.11478446,0.072007455,0.09927748,0.03089304
0.11479142,0.072012685,0.09928307,0.030895315
0.114793666,0.07201278,0.09928365,0.03089502
0.114799865,0.072016776,0.09928822,0.030896619
0.114808075,0.072021216,0.099293664,0.030898187
0.114811875,0.07202238,0.099295214,0.030898297
0.11495659,0.072121315,0.0994094,0.030939423
0.11487902,0.07204014,0.09932114,0.030898342
0.11484199,0.07203386,0.09930397,0.03089992
0.114976905,0.07213108,0.099418335,0.030941995
0.1148438,0.07201268,0.099288814,0.030885901
0.11489667,0.07207866,0.099353716,0.030920435
0.11485977,0.07203877,0.09931607,0.030900734
0.11487129,0.0720557,0.09933209,0.030909952
0.114875086,0.07205474,0.099333465,0.03090886
0.11488544,0.072061524,0.09934117,0.0309116
0.11488729,0.07206081,0.09934078,0.030910814
0.11490072,0.07206992,0.09935106,0.03091457
0.11490487,0.072070174,0.09935192,0.030914022
0.1149082,0.072072,0.099353716,0.030914638
0.1149323,0.072087966,0.09937223,0.030921148
0.11491944,0.07207451,0.09935764,0.030914357
0.1149301,0.07208498,0.09936822,0.03091945
0.11493675,0.072087005,0.09937172,0.030919716
0.11494513,0.0720918,0.09937721,0.030921457
0.11494884,0.072092846,0.09937859,0.030921493
0.11495618,0.07209737,0.0993837,0.03092323
0.1149627,0.07210046,0.09938755,0.030924182
0.11496952,0.07210406,0.09939176,0.030925391
0.114976265,0.07210749,0.09939585,0.030926514
0.11498301,0.07211099,0.099399984,0.030927671
0.114991136,0.072115414,0.09940517,0.030929206
0.11499625,0.072117515,0.09940774,0.0309297
0.11500331,0.07212154,0.09941235,0.030931164
0.1150099,0.072124794,0.09941631,0.030932194
0.11502219,0.07213215,0.09942484,0.030934954
0.115022495,0.07213011,0.0994228,0.030933524
0.11503323,0.072137736,0.099431165,0.030936731
0.115039,0.07213955,0.09943382,0.03093696
0.11504326,0.072141655,0.099436104,0.030937592
0.11505027,0.07214573,0.09944085,0.030939108
0.11505676,0.07214892,0.099444754,0.030940121
0.115063466,0.072152436,0.09944888,0.030941285
0.115070105,0.07215583,0.099452905,0.030942405
0.11507678,0.07215928,0.09945695,0.03094353
0.11510812,0.072179675,0.099480584,0.030951729
0.11508767,0.07215969,0.09945857,0.030941872
0.11510518,0.07217657,0.09947586,0.030950002
0.11510606,0.07217305,0.09947356,0.0309476
0.11511274,0.07217802,0.09947866,0.030949717
0.11511628,0.072179094,0.099480286,0.03094984
0.115123354,0.07218342,0.09948528,0.030951511
0.11512973,0.072186485,0.09948904,0.03095245
0.11513774,0.072190925,0.09949424,0.030954005
0.11514545,0.0721948,0.09949887,0.030955255
0.11515056,0.072197,0.09950148,0.030955825
0.11515605,0.07219996,0.099504866,0.03095683
0.11516272,0.07220356,0.099509135,0.030958088
0.11516921,0.072206855,0.099513076,0.030959146
0.115175776,0.07221026,0.099517085,0.030960279
0.11518637,0.07221641,0.09952427,0.030962542
0.11518822,0.07221577,0.099523775,0.030961778
0.11519569,0.072220795,0.09952928,0.030963821
0.11520319,0.07222452,0.09953389,0.030965006
0.11520825,0.07222672,0.09953653,0.030965589
0.11521639,0.07223148,0.09954202,0.030967351
0.11522257,0.07223425,0.099545404,0.03096812
0.11522786,0.07223687,0.09954844,0.030968947
0.11523452,0.07224056,0.09955272,0.030970236
0.115244955,0.07224654,0.09955977,0.030972427
0.11525084,0.072248705,0.0995625,0.030972838
0.11525759,0.0722525,0.09956671,0.030974153
0.115259975,0.07225293,0.099567324,0.030974017
0.115267076,0.07225749,0.09957251,0.030975835
0.11527324,0.07226035,0.09957613,0.030976696
0.11527976,0.072263815,0.09958017,0.03097786
0.11529682,0.0722744,0.099592485,0.03098198
0.115290985,0.07226722,0.09958468,0.030978162
0.11530117,0.07227581,0.09959367,0.030982085
0.11530507,0.072276264,0.09959499,0.030981757
0.11531338,0.0722815,0.099600874,0.0309838
0.11532202,0.07228587,0.09960617,0.030985218
0.115324184,0.072285905,0.0996063,0.03098483
0.11533135,0.07229059,0.09961151,0.030986719
0.115337394,0.07229338,0.09961503,0.03098753
0.115346536,0.072298646,0.09962115,0.030989464
0.1153617,0.072307445,0.09963147,0.030992692
0.1153563,0.072301,0.099624336,0.030989287
0.11536887,0.07231109,0.09963514,0.030993806
0.115375005,0.07231263,0.09963779,0.030993812
0.11537906,0.07231458,0.09963983,0.030994372
0.11538444,0.072317585,0.099643275,0.030995442
0.11538949,0.072320096,0.09964634,0.030996244
0.11539466,0.072322786,0.099649504,0.03099714
0.1154037,0.07232812,0.099655755,0.030999124
0.11540692,0.07232868,0.09965663,0.03099893
0.11543736,0.072349206,0.09968009,0.03100736
0.11541627,0.072328836,0.09965778,0.030997366
0.115473606,0.07237321,0.09970673,0.031016994
0.11545246,0.072346844,0.099679604,0.031003064
0.115470745,0.07236524,0.09969738,0.031011958
0.11546341,0.07235584,0.0996883,0.031007025
0.115473695,0.07236491,0.09969775,0.031011257
0.115456566,0.072350815,0.09968241,0.03100486
0.11547182,0.07236491,0.09969769,0.031011647
0.11547418,0.072363,0.099697046,0.031010056
0.11554459,0.07241143,0.09975237,0.031030199
0.115543164,0.07239683,0.09973819,0.031020576
0.11582725,0.072594635,0.09996238,0.031103227
0.11582378,0.07253696,0.09990649,0.03106478
0.11553874,0.07235021,0.09967724,0.030987764
0.11556057,0.072419494,0.099745825,0.031030588
0.11554466,0.072395965,0.099733435,0.031019097
0.11556988,0.072417684,0.0997579,0.031029386
0.115544714,0.072394736,0.09973382,0.03101855
0.11554767,0.07240238,0.099740736,0.031023113
0.11554502,0.072399125,0.099738486,0.031021552
0.11554723,0.07240124,0.099740975,0.031022651
0.115550935,0.072403215,0.09974368,0.031023372
0.115558535,0.07240774,0.099749126,0.031025112
0.11556305,0.072409414,0.09975135,0.031025466
0.11556951,0.07241313,0.09975564,0.03102684
0.11557553,0.07241608,0.09975922,0.031027775
0.11558299,0.07242018,0.099764004,0.031029208
0.11558892,0.07242294,0.099767305,0.031030007
0.11560021,0.072429724,0.099775136,0.031032577
0.11560553,0.07243129,0.09977722,0.03103269
0.11560696,0.07243151,0.099777296,0.031032566
0.11561249,0.072435126,0.09978137,0.031034024
0.11561845,0.07243815,0.099785134,0.031035015
0.11562454,0.07244129,0.09978887,0.031036068
0.11563063,0.0724444,0.09979255,0.031037088
0.11566696,0.072468355,0.099820174,0.031046791
0.115702145,0.07248566,0.09984127,0.03105219
0.11566888,0.072457016,0.09980791,0.031038571
0.11565493,0.07245478,0.09980243,0.031039357
0.115663454,0.07246223,0.09981214,0.031043075
0.11566932,0.07246426,0.099815734,0.031043522
0.11567291,0.07246582,0.0998176,0.031043949
0.11568055,0.072470486,0.099822976,0.031045727
0.11568496,0.07247209,0.09982508,0.031046042
0.11569132,0.07247578,0.09982928,0.031047396
0.1156972,0.072478674,0.09983278,0.031048296
0.11570451,0.0724827,0.09983745,0.031049708
0.115710326,0.07248539,0.09984066,0.031050494
0.11571768,0.072489485,0.09984539,0.031051936
0.11572221,0.072491296,0.09984759,0.031052345
0.115728505,0.07249492,0.09985171,0.031053659
0.11573438,0.072497815,0.09985519,0.03105457
0.11573915,0.07250009,0.099857874,0.03105526
0.11574656,0.07250436,0.09986283,0.031056827
0.115751,0.072506085,0.09986498,0.031057198
0.11575727,0.0725097,0.0998691,0.031058513
0.11576434,0.07251343,0.09987354,0.031059772
0.11577137,0.07251703,0.09987778,0.031060949
0.11577597,0.07251899,0.099880084,0.031061431
0.11578094,0.07252167,0.09988313,0.031062353
0.11578819,0.072525784,0.099887945,0.031063834
0.115793884,0.07252836,0.099891104,0.031064564
0.115799904,0.07253157,0.099894784,0.031065654
0.11580456,0.072533734,0.09989733,0.03106627
0.11581191,0.072538,0.09990228,0.031067844
0.11581752,0.07254053,0.09990536,0.031068556
0.11582231,0.0725429,0.0999081,0.031069292
0.115830824,0.07254792,0.099913895,0.03107117
0.11583501,0.07254927,0.099915646,0.03107132
0.115840055,0.07255213,0.09991883,0.031072332
0.115847215,0.07255613,0.099923536,0.031073766
0.115852825,0.07255871,0.099926665,0.031074509
0.11586,0.07256273,0.09993128,0.031075928
0.115863204,0.072563656,0.09993246,0.031075977
0.11586955,0.072567545,0.09993686,0.031077469
0.11587519,0.07257024,0.09994015,0.031078292
0.115881085,0.072573364,0.099943765,0.03107933
0.115886904,0.072576314,0.09994725,0.0310803
0.11589395,0.07258017,0.09995174,0.031081624
0.115899585,0.0725828,0.09995487,0.031082401
0.11590429,0.0725851,0.0999575,0.031083098
0.11597996,0.072636366,0.100016415,0.031104231
0.11591595,0.072577745,0.09995174,0.03107603
0.11596865,0.07262865,0.10000424,0.031100629
0.11595764,0.072608694,0.09998632,0.031089447
0.1159312,0.072594374,0.09996713,0.031084253
0.11597832,0.0726314,0.10000931,0.031100927
0.115952045,0.07260341,0.09998033,0.03108688
0.11597562,0.07262615,0.10000342,0.031097826
0.1159698,0.07261661,0.099994674,0.031092567
0.11597109,0.07261936,0.09999668,0.031094126
0.115978114,0.072623685,0.10000208,0.031095829
0.11597986,0.07262353,0.10000226,0.031095438
0.11598387,0.07262611,0.100005135,0.03109647
0.11599442,0.07263258,0.10001277,0.031098982
0.11599573,0.072631516,0.10001188,0.031098027
0.11600833,0.07264018,0.10002152,0.031101612
0.1160056,0.072635844,0.10001706,0.031099187
0.116020106,0.07264669,0.10002893,0.031103887
0.11601568,0.0726407,0.10002282,0.031100646
0.116024606,0.072648086,0.10003059,0.031104013
0.11603282,0.072651796,0.100035526,0.031105103
0.11603591,0.07265256,0.10003643,0.031105047
0.11604211,0.07265642,0.10004069,0.031106528
0.11604286,0.07265575,0.10004015,0.031105965
0.116050504,0.07266101,0.100046046,0.031108141
0.1160615,0.07266704,0.10005337,0.031110289
0.11605816,0.07266284,0.10004867,0.03110801
0.11606667,0.07266959,0.10005593,0.031111035
0.11607848,0.07267591,0.100063756,0.031113228
0.116078585,0.07267392,0.10006164,0.03111185
0.116086565,0.072679676,0.10006782,0.031114275
0.11609508,0.072683915,0.100073084,0.031115642
0.11609452,0.072682075,0.10007103,0.03111449
0.11610125,0.07268702,0.10007641,0.031116601
0.116105214,0.072688356,0.10007832,0.031116834
0.11611581,0.07269504,0.10008597,0.031119453
0.11611819,0.0726947,0.1000859,0.031118795
0.11612107,0.07269646,0.100087635,0.031119447
0.11613739,0.07270716,0.10010001,0.031123772
0.11613418,0.07270182,0.10009447,0.031120744
0.116140515,0.072707266,0.10009992,0.031123215
0.11614438,0.072708495,0.10010185,0.031123413
0.116157204,0.07271674,0.10011129,0.031126682
0.11615572,0.072713286,0.10010775,0.031124622
0.116163924,0.072719544,0.10011438,0.031127345
0.1161664,0.07271957,0.100114875,0.031126939
0.11617372,0.07272432,0.10012019,0.031128839
0.11617998,0.072727226,0.10012378,0.031129682
0.11618433,0.07272918,0.10012603,0.03113022
0.11618777,0.07273082,0.1001279,0.03113071
0.11619587,0.07273582,0.10013365,0.03113264
0.116199724,0.072736956,0.10013522,0.031132719
0.11620792,0.072742045,0.10014094,0.031134682
0.116214074,0.07274475,0.10014426,0.031135418
0.11621846,0.072746776,0.10014653,0.031135969
0.116225325,0.07275077,0.10015109,0.031137437
0.116227105,0.07275074,0.100151226,0.031137105
0.11623326,0.07275477,0.1001557,0.03113872
0.116240725,0.07275872,0.10016051,0.031140076
0.11624362,0.07275943,0.1001614,0.031140015
0.116249606,0.07276313,0.10016554,0.031141443
0.116253726,0.07276484,0.10016769,0.031141866
0.11625942,0.0727681,0.100171424,0.031143045
0.11626589,0.07277151,0.100175485,0.0311442
0.11627233,0.0727748,0.10017934,0.031145277
0.11627541,0.0727758,0.100180544,0.031145396
0.116282396,0.07278018,0.10018547,0.031147083
0.11628859,0.07278311,0.10018906,0.03114797
0.11639823,0.07285753,0.10027436,0.031178651
0.116281845,0.0727563,0.100161985,0.031130992
0.11632539,0.072812095,0.10021651,0.031160356
0.11630521,0.07278597,0.10019366,0.031146891
0.11631541,0.0727985,0.10020553,0.031153405
0.11631975,0.0727987,0.100207336,0.031152893
0.11633343,0.072807595,0.10021734,0.03115644
0.116340786,0.07281005,0.1002206,0.03115679
0.11633394,0.07280429,0.10021371,0.031154064
0.11645135,0.07288659,0.100307465,0.031188672
0.11633063,0.072780445,0.10019042,0.031138549
0.11636168,0.072828785,0.10023587,0.031165048
0.116354465,0.07281381,0.100225605,0.03115686
0.1163653,0.07282391,0.100235775,0.031161672
0.11636678,0.07282244,0.100235045,0.03116048
0.11637413,0.07282754,0.10024055,0.03116258
0.11637783,0.07282861,0.10024213,0.031162675
0.11638352,0.07283201,0.10024592,0.03116393
0.11638871,0.07283451,0.10024895,0.031164702
0.11639408,0.07283731,0.10025221,0.031165639
0.116400495,0.072840795,0.100256264,0.031166838
0.116410054,0.072846234,0.10026259,0.031168811
0.11641143,0.072845474,0.100261845,0.03116803
0.11641648,0.07284891,0.10026549,0.03116942
0.11642162,0.07285145,0.100268625,0.03117024
0.116500415,0.0729048,0.10032981,0.031192197
0.11643155,0.072842196,0.10026073,0.031162176
0.116441354,0.07286464,0.100280225,0.031175194
0.11644666,0.07286411,0.100283235,0.031174235
0.116448805,0.072865024,0.10028426,0.031174479
0.11645448,0.072868556,0.100288354,0.03117586
0.116458416,0.072870165,0.100290455,0.031176267
0.11646279,0.07287255,0.100293174,0.031177087
0.11646812,0.07287542,0.100296564,0.031178089
0.11647548,0.07287955,0.1003014,0.031179557
0.116478205,0.072880104,0.10030215,0.031179436
0.11648395,0.072883695,0.10030614,0.031180827
0.11648896,0.07288606,0.10030904,0.031181535
0.11649425,0.07288885,0.10031224,0.031182466
0.11649945,0.072891496,0.10031536,0.03118333
0.11650467,0.07289419,0.10031849,0.03118421
0.11650986,0.07289687,0.10032161,0.031185085
0.11651507,0.07289955,0.100324705,0.031185951
0.11652028,0.072902225,0.10032783,0.031186836
0.11652547,0.07290489,0.100330934,0.031187708
0.11653065,0.07290757,0.10033404,0.03118858
0.11653582,0.07291022,0.10033714,0.031189444
0.116542086,0.07291363,0.1003411,0.031190628
0.11654924,0.07291745,0.10034556,0.031191925
0.11655306,0.072918825,0.1003472,0.031192152
0.116559625,0.07292277,0.1003516,0.031193629
0.116563424,0.07292417,0.10035335,0.031193893
0.11656778,0.07292657,0.10035606,0.031194733
0.11657406,0.072930105,0.1003602,0.031196006
0.1165779,0.072931625,0.10036206,0.03119634
0.11658544,0.07293621,0.10036725,0.031198082
0.11658797,0.07293656,0.10036784,0.031197857
0.1165947,0.072940886,0.100372635,0.031199561
0.11660372,0.07294578,0.10037849,0.031201273
0.11660294,0.072943665,0.100376174,0.031199966
0.11660919,0.072948344,0.100381166,0.031201977
0.11661489,0.07295097,0.10038455,0.031202756
0.11661888,0.07295277,0.10038662,0.031203251
0.11662312,0.07295502,0.1003892,0.031204006
0.11662828,0.072957836,0.10039247,0.031204984
0.11663439,0.072961085,0.10039631,0.031206105
0.116638236,0.072962664,0.1003982,0.031206476
0.116643555,0.07296572,0.10040165,0.031207573
0.11664851,0.07296816,0.100404575,0.031208348
0.11665363,0.072970815,0.10040763,0.031209227
0.11665868,0.0729734,0.100410655,0.031210061
0.11666372,0.072976016,0.10041368,0.031210918
0.11666877,0.072978586,0.10041669,0.031211754
0.11667593,0.07298265,0.10042137,0.031213209
0.11667852,0.072983146,0.100422055,0.031213077
0.116684064,0.072986625,0.10042588,0.03121442
0.11668993,0.07298962,0.10042949,0.0312154
0.116693795,0.07299127,0.10043143,0.03121581
0.11669903,0.072994255,0.10043481,0.031216878
0.116703965,0.07299669,0.1004377,0.031217648
0.11670899,0.07299931,0.10044073,0.03121851
0.11671398,0.073001854,0.10044371,0.03121935
0.11671896,0.07300445,0.10044669,0.031220187
0.11672397,0.073007,0.10044969,0.03122102
0.116730005,0.073010296,0.100453496,0.031222163
0.11673378,0.07301182,0.10045533,0.031222519
0.116739,0.07301481,0.10045871,0.0312236
0.11674387,0.073017225,0.10046157,0.03122435
0.116749905,0.07302054,0.10046539,0.031225504
0.116754696,0.07302277,0.10046802,0.031226138
0.11675973,0.07302542,0.100471064,0.031227035
0.11676468,0.073027946,0.100473985,0.031227846
0.11677066,0.07303121,0.10047777,0.03122897
0.11677338,0.07303202,0.10047875,0.031229034
0.11677872,0.07303529,0.10048243,0.031230286
0.1167845,0.07303828,0.10048601,0.03123127
0.116789326,0.07304058,0.10048871,0.031231958
0.11679327,0.073042504,0.100490876,0.031232536
0.11679937,0.07304601,0.10049493,0.031233821
0.11680302,0.073047414,0.100496665,0.031234117
0.11680818,0.0730504,0.100500025,0.031235198
0.116812974,0.07305277,0.10050283,0.031235931
0.11682202,0.073058166,0.100509025,0.03123796
0.116827264,0.073060125,0.100511454,0.031238329
0.11683127,0.07306209,0.100513555,0.031238917
0.1168343,0.07306346,0.10051512,0.031239303
0.116842486,0.07306862,0.100521006,0.031241309
0.11684367,0.07306788,0.10052042,0.031240614
0.11684829,0.07307101,0.10052378,0.031241886
0.11685605,0.07307546,0.10052905,0.031243512
0.11686043,0.07307706,0.10053103,0.031243805
0.116866514,0.073080584,0.10053496,0.031245083
0.11687318,0.07308407,0.100539036,0.031246234
0.11687779,0.073086075,0.100541376,0.031246763
0.11688376,0.07308944,0.10054516,0.031247951
0.116884366,0.073088795,0.100544505,0.031247392
0.11688792,0.07309126,0.10054715,0.031248413
0.11689576,0.07309594,0.10055269,0.03125019
0.11689797,0.07309604,0.100553036,0.031249858
0.11690033,0.073097415,0.100554414,0.03125034
0.11690643,0.07310115,0.10055878,0.03125179
0.11690989,0.07310238,0.100560404,0.03125202
0.116917975,0.07310741,0.1005661,0.031253967
0.11692719,0.07311224,0.10057183,0.03125557
0.11693743,0.0731177,0.1005781,0.031257402
0.11710687,0.07323259,0.100709274,0.031304672
0.116943024,0.07308705,0.10054838,0.031235565
0.117004216,0.0731662,0.10062473,0.03127715
0.11698168,0.07313335,0.10059704,0.031259816
0.11697277,0.07313394,0.10059432,0.031261574
0.11698316,0.07314185,0.100604355,0.031265207
0.11699124,0.07314517,0.100609116,0.03126609
0.11697882,0.073135346,0.100597836,0.031261645
0.11698448,0.073141836,0.10060456,0.031265
0.11699709,0.073148996,0.10061365,0.03126767
0.11701239,0.07315723,0.10062337,0.031270504
0.11699604,0.073143326,0.10060751,0.03126398
0.11700175,0.07315084,0.10061487,0.031267975
0.117002286,0.073149525,0.10061446,0.031267103
0.117010646,0.073155366,0.10062104,0.031269558
0.11700863,0.07315228,0.10061793,0.031267863
0.1170136,0.07315633,0.10062221,0.03126968
0.11701495,0.07315617,0.10062242,0.03126937
0.1170261,0.07316371,0.100630954,0.031272464
0.117022686,0.073159166,0.10062621,0.031270035
0.11702802,0.07316381,0.10063097,0.031272173
0.11704004,0.07317087,0.10063948,0.031274837
0.11703571,0.073165685,0.10063385,0.03127211
0.1170471,0.07317467,0.10064348,0.031276107
0.11704828,0.07317308,0.10064236,0.03127485
0.11704799,0.07317298,0.10064184,0.0312748
0.117052294,0.07317596,0.10064529,0.031276066
0.11705871,0.07317949,0.10064962,0.031277332
0.11707084,0.073186696,0.10065798,0.031280026
0.11708016,0.07319093,0.10066299,0.031281188
0.117073745,0.07318499,0.10065604,0.031278275
0.11708042,0.07319108,0.10066239,0.03128116
0.11708515,0.07319278,0.10066497,0.031281516
0.11708792,0.073193945,0.10066627,0.031281807
0.11708993,0.07319489,0.10066731,0.03128207
0.11709487,0.07319792,0.10067086,0.031283256
0.11709929,0.07320004,0.100673445,0.031283896
0.11712326,0.07321578,0.10069142,0.03129024
0.117105424,0.07319892,0.1006729,0.031282037
0.11711561,0.073210105,0.100683935,0.031287648
0.11712013,0.07321058,0.1006858,0.031287283
0.117124036,0.07321272,0.10068804,0.03128801
0.11715174,0.07323109,0.10070905,0.031295452
0.11713241,0.0732125,0.10068862,0.03128632
0.11713723,0.07322038,0.1006957,0.031290658
0.11715018,0.073227644,0.10070519,0.031293374
0.11714669,0.07322288,0.1007001,0.031290792
0.117152,0.07322757,0.10070482,0.031292956
0.117156036,0.07322916,0.10070706,0.03129333
0.117163576,0.073233694,0.100712255,0.031295054
0.11716283,0.0732318,0.10071025,0.031293895
0.11717221,0.07323857,0.10071769,0.03129678
0.11717475,0.07323843,0.10071796,0.031296246
0.117176056,0.07323907,0.10071845,0.03129642
0.117181964,0.07324291,0.10072286,0.03129797
0.11718611,0.07324462,0.10072504,0.031298388
0.11719076,0.07324716,0.100727916,0.031299263
0.11721132,0.073260486,0.10074316,0.03130458
0.1172,0.073248774,0.10073037,0.031298686
0.11720507,0.073255055,0.10073622,0.03130193
0.117208704,0.07325616,0.10073827,0.031302094
0.117213376,0.0732588,0.100741304,0.03130306
0.117219664,0.0732623,0.10074539,0.031304285
0.117231406,0.07326925,0.10075341,0.031306874
0.11722822,0.07326491,0.10074865,0.031304497
0.117235266,0.07327068,0.100754656,0.0313071
0.117238015,0.07327105,0.10075553,0.031306878
0.11724476,0.07327536,0.100760326,0.031308573
0.117273994,0.073294215,0.10078201,0.031316075
0.117251195,0.07327297,0.100758545,0.03130579
0.11727535,0.07329491,0.1007814,0.031316128
0.11726126,0.0732797,0.10076604,0.031308502
0.11727158,0.073290326,0.100776635,0.03131374
0.11726761,0.07328503,0.10077174,0.031310968
0.11727648,0.07329225,0.10077948,0.03131423
0.11727883,0.073291935,0.10077974,0.031313643
0.117289394,0.07329902,0.10078756,0.03131651
0.11728436,0.0732935,0.10078162,0.031313684
0.11729156,0.07329973,0.10078813,0.03131657
0.11729691,0.073301785,0.10079107,0.031317055
0.1172976,0.073301435,0.1007906,0.031316664
0.11730173,0.07330425,0.10079368,0.031317826
0.11730693,0.07330699,0.10079704,0.03131877
0.117313035,0.07331027,0.10080085,0.031319894
0.11731535,0.07331081,0.100801505,0.031319816
0.11732201,0.07331508,0.10080626,0.031321496
0.1173287,0.07331841,0.10081027,0.031322557
0.11732823,0.07331694,0.10080858,0.031321634
0.11733259,0.073320195,0.100812055,0.031323034
0.1173395,0.07332405,0.100816675,0.031324416
0.117342524,0.07332489,0.10081776,0.031324442
0.11734725,0.0733277,0.10082085,0.031325486
0.11736248,0.07333732,0.10083191,0.03132925
0.11736508,0.07333623,0.100831054,0.031328045
0.117363885,0.07333533,0.10082944,0.03132758
0.117368154,0.07333852,0.10083297,0.03132897
0.11736951,0.073338546,0.100833304,0.031328768
0.11737707,0.07334359,0.10083899,0.031330824
0.11737889,0.07334337,0.10083903,0.03133036
0.117382884,0.07334595,0.10084179,0.031331368
0.11739712,0.07335498,0.10085222,0.031334933
0.11739981,0.07335415,0.100851625,0.031333875
0.11739584,0.07335127,0.10084785,0.03133259
0.11740324,0.073357165,0.100854374,0.031335246
0.11740211,0.0733548,0.10085219,0.03133388
0.11740926,0.073360145,0.100858025,0.0313362
0.117411904,0.07336048,0.100858815,0.031335983
0.11741482,0.07336215,0.10086057,0.031336576
0.117420144,0.07336529,0.100864224,0.03133775
0.11742329,0.07336648,0.1008657,0.031337984
0.117427826,0.0733691,0.100868635,0.03133893
0.11743291,0.073371775,0.10087178,0.031339828
0.11743797,0.073374376,0.10087477,0.03134067
0.11744125,0.073375754,0.100876376,0.03134101
0.11744572,0.07337831,0.100879245,0.03134192
0.11744991,0.07338038,0.10088167,0.031342573
0.1174533,0.07338198,0.10088353,0.03134305
0.1174577,0.073384434,0.10088633,0.031343915
0.11746367,0.073387764,0.10089019,0.031345088
0.11746855,0.07339003,0.10089286,0.03134575
0.11747366,0.073392764,0.10089594,0.031346645
0.117474236,0.07339226,0.10089537,0.031346206
0.11748089,0.07339685,0.10090047,0.0313481
0.11748457,0.07339803,0.10090211,0.031348262
0.11748724,0.07339933,0.100903474,0.031348646
0.11749345,0.07340316,0.10090785,0.03135012
0.11749638,0.07340399,0.10090898,0.031350166
0.117500015,0.07340609,0.100911245,0.031350914
0.117504254,0.07340834,0.100913875,0.031351674
0.11751021,0.07341168,0.10091774,0.031352863
0.11751501,0.07341391,0.10092038,0.031353515
0.117517434,0.073414795,0.10092132,0.031353652
0.117522836,0.07341815,0.100925066,0.031354938
0.117524974,0.073418595,0.100925736,0.031354867
0.11753044,0.07342208,0.10092959,0.031356223
0.11753432,0.0734237,0.100931615,0.031356625
0.117538616,0.07342604,0.10093423,0.031357422
0.11754274,0.0734281,0.100936644,0.031358093
0.11754605,0.07342968,0.10093845,0.03135855
0.11755123,0.073432684,0.10094187,0.031359646
0.117555186,0.073434465,0.10094399,0.031360134
0.117558554,0.07343612,0.10094586,0.03136065
0.11756283,0.07343848,0.10094856,0.031361476
0.117568664,0.073441744,0.100952335,0.031362623
0.1175708,0.07344217,0.100952886,0.031362522
0.1175771,0.07344623,0.100957386,0.031364117
0.11757905,0.073446356,0.10095773,0.031363867
0.11758363,0.073449306,0.100960925,0.031365015
0.11758933,0.07345232,0.10096453,0.031366047
0.11759149,0.0734528,0.10096514,0.03136599
0.117596,0.073455624,0.100968234,0.03136707
0.11760082,0.07345808,0.10097118,0.031367876
0.11760397,0.073459424,0.10097272,0.031368203
0.11760829,0.07346187,0.10097546,0.03136908
0.1176123,0.07346387,0.10097781,0.031369705
0.11761987,0.07346839,0.10098297,0.031371396
0.11762166,0.07346822,0.10098293,0.03137096
0.11762803,0.07347245,0.10098752,0.031372648
0.11763163,0.07347371,0.10098913,0.031372856
0.11763678,0.0734767,0.10099244,0.031373933
0.11763893,0.07347724,0.10099316,0.031373918
0.11764254,0.07347943,0.100995526,0.031374738
0.117649145,0.073483326,0.10100005,0.03137617
0.11765021,0.07348283,0.10099963,0.031375654
0.11765318,0.07348483,0.1010017,0.03137646
0.11768537,0.07350639,0.10102637,0.03138527
0.11765666,0.07348038,0.10099779,0.031372845
0.117667526,0.07349442,0.10101131,0.03138023
0.11766884,0.07349224,0.1010106,0.031378664
0.11767364,0.073495686,0.10101419,0.031380106
0.11767824,0.07349788,0.10101688,0.03138077
0.11768138,0.073499255,0.10101847,0.03138114
0.11768643,0.07350223,0.10102182,0.031382225
0.11769278,0.07350566,0.10102584,0.03138342
0.11769563,0.07350649,0.101026826,0.03138346
0.117699966,0.07350909,0.10102964,0.03138441
0.11770302,0.073510386,0.10103121,0.031384736
0.117706366,0.07351218,0.10103323,0.03138536
0.1177096,0.0735138,0.10103512,0.031385873
0.11771538,0.073517226,0.101039045,0.031387147
0.117765926,0.07355098,0.101077534,0.03140088
0.11789828,0.07363241,0.10117145,0.0314321
0.117770754,0.07352018,0.10104562,0.03137884
0.117736414,0.07352542,0.101040736,0.03138778
0.11774451,0.07353346,0.10105478,0.03139242
0.117744066,0.0735309,0.10105424,0.031391054
0.11774787,0.073533826,0.10105757,0.03139238
0.11775241,0.073536105,0.1010605,0.03139315
0.11774958,0.07353336,0.101057455,0.031391807
0.11775968,0.07354098,0.101065904,0.031395134
0.117765605,0.073542945,0.10106871,0.031395447
0.117762886,0.07354019,0.1010654,0.031394035
0.11776721,0.073543824,0.10106921,0.031395704
0.11777324,0.07354703,0.10107321,0.031396806
0.117773525,0.07354616,0.10107231,0.031396165
0.11777982,0.07355055,0.10107716,0.03139801
0.11778153,0.073550485,0.101077326,0.031397656
0.11778512,0.07355279,0.10107979,0.031398553
0.11778901,0.073554754,0.101082146,0.0313992
0.1177929,0.07355677,0.10108448,0.031399865
0.11779682,0.07355878,0.101086795,0.031400513
0.11780073,0.073560774,0.101089135,0.031401172
0.11780547,0.073563375,0.101092085,0.03140206
0.11780843,0.07356455,0.10109348,0.03140233
0.11781253,0.07356691,0.10109611,0.031403176
0.11781635,0.0735688,0.10109832,0.031403765
0.11782108,0.0735714,0.101101294,0.031404663
0.117826484,0.073574275,0.1011046,0.031405635
0.1178457,0.073586546,0.10111859,0.031410478
0.11783243,0.073573776,0.10110448,0.03140421
0.117837474,0.07358041,0.10111071,0.03140769
0.1178395,0.07358034,0.10111149,0.031407356
0.11784617,0.073584706,0.10111639,0.03140911
0.11785191,0.07358736,0.10111963,0.03140989
0.11785562,0.07358897,0.10112138,0.031410288
0.11785552,0.07358831,0.10112057,0.031409845
0.11786004,0.0735915,0.101124085,0.031411186
0.11786359,0.07359301,0.10112606,0.031411596
0.11786833,0.0735957,0.1011291,0.031412557
0.11787039,0.07359627,0.1011298,0.03141256
0.11787457,0.07359886,0.10113267,0.03141355
0.11787827,0.07360061,0.10113478,0.031414077
0.11788215,0.07360266,0.1011371,0.031414755
0.117885955,0.07360459,0.101139344,0.031415384
0.117890604,0.07360713,0.10114223,0.031416256
0.11789429,0.073608845,0.101144224,0.031416748
0.117901385,0.07361312,0.10114906,0.03141835
0.11790225,0.0736124,0.10114836,0.031417705
0.11790672,0.0736155,0.10115164,0.031418968
0.11791109,0.07361761,0.10115421,0.03141962
0.117913224,0.07361834,0.10115505,0.031419724
0.11791652,0.07362029,0.1011572,0.03142044
0.11792112,0.07362282,0.10116019,0.03142135
0.11792395,0.073623955,0.10116154,0.031421594
0.11792875,0.0736268,0.10116472,0.03142265
0.11793153,0.07362783,0.101165995,0.031422846
0.11793633,0.07363069,0.101169184,0.031423923
0.11793907,0.07363171,0.10117044,0.03142411
0.11794468,0.07363513,0.10117426,0.031425405
0.11795842,0.07364355,0.101183936,0.031428624
0.117948726,0.073634334,0.10117372,0.031424113
0.11795602,0.073641635,0.10118109,0.031427678
0.11795854,0.073641576,0.10118181,0.031427257
0.11796265,0.07364416,0.10118456,0.03142824
0.11796549,0.073645316,0.10118599,0.031428523
0.11796941,0.07364757,0.10118851,0.031429324
0.11797385,0.07364991,0.101191245,0.03143012
0.117976695,0.07365109,0.10119261,0.031430397
0.11798141,0.07365387,0.10119574,0.031431433
0.117984936,0.07365545,0.10119759,0.03143185
0.11798795,0.07365695,0.10119927,0.031432316
0.1179918,0.07365907,0.10120167,0.031433053
0.11799547,0.07366091,0.10120382,0.03143364
0.11800156,0.07366448,0.101207875,0.031434946
0.11800487,0.07366563,0.1012093,0.031435132
0.11800878,0.07366782,0.10121166,0.031435896
0.118013225,0.07367018,0.10121437,0.031436685
0.11801525,0.073670805,0.10121509,0.03143673
0.11801927,0.07367326,0.10121783,0.031437673
0.11802284,0.07367496,0.101219855,0.031438172
0.11802501,0.07367584,0.10122087,0.03143839
0.118029706,0.07367873,0.10122413,0.031439494
0.11803316,0.07368022,0.101225935,0.03143988
0.11803692,0.07368226,0.1012282,0.03144057
0.11803982,0.07368357,0.10122973,0.03144093
0.11804517,0.07368679,0.10123336,0.03144214
0.11804698,0.07368704,0.10123376,0.031441975
0.11805181,0.07369013,0.10123716,0.031443197
0.11805751,0.07369312,0.101240695,0.031444203
0.11806089,0.07369445,0.10124224,0.03144449
0.118062384,0.07369498,0.10124271,0.03144454
0.118065596,0.07369697,0.101244934,0.031445313
0.11806924,0.07369883,0.10124716,0.03144593
0.118072845,0.073700696,0.10124931,0.031446535
0.11807725,0.07370312,0.10125207,0.031447366
0.11808154,0.07370528,0.10125456,0.031448055
0.1180851,0.073706985,0.10125652,0.03144857
0.11808726,0.073707856,0.10125747,0.031448763
0.11809112,0.07371018,0.10126008,0.03144963
0.11809463,0.07371187,0.10126211,0.03145014
0.118098296,0.0737138,0.10126429,0.03145078
0.118101895,0.073715635,0.10126639,0.03145138
0.118106276,0.07371803,0.101269126,0.031452198
0.11810976,0.07371965,0.10127099,0.031452656
0.11811342,0.07372159,0.10127317,0.03145331
0.11811625,0.0737229,0.10127466,0.031453677
0.11812075,0.0737255,0.10127762,0.031454634
0.118124925,0.07372754,0.101280026,0.031455267
0.11812694,0.07372822,0.1012808,0.03145536
0.118130825,0.073730595,0.101283416,0.031456247
0.11813428,0.07373226,0.10128539,0.031456754
0.1181379,0.073734164,0.101287544,0.03145738
0.11814147,0.073735975,0.10128962,0.031457964
0.11814504,0.073737815,0.101291746,0.03145857
0.11814938,0.07374017,0.10129443,0.031459372
0.11815279,0.073741764,0.10129628,0.03145983
0.118155666,0.07374317,0.10129785,0.03146025
0.118159354,0.07374522,0.10130016,0.03146097
0.118163615,0.0737475,0.10130278,0.031461734
0.118167795,0.073749624,0.101305224,0.031462427
0.11817127,0.07375131,0.10130712,0.03146291
0.118174866,0.073753186,0.101309225,0.031463534
0.11817691,0.07375395,0.10131012,0.031463694
0.1181807,0.07375625,0.10131269,0.031464554
0.11818562,0.073758915,0.1013158,0.031465482
0.11818891,0.07376034,0.10131746,0.031465836
0.11819107,0.073761255,0.10131847,0.031466078
0.11819482,0.0737635,0.10132097,0.031466898
0.11820196,0.073767714,0.10132583,0.031468462
0.11820116,0.07376585,0.10132384,0.031467352
0.11820558,0.07376923,0.10132738,0.031468816
0.11820872,0.07377048,0.101329036,0.031469107
0.11821234,0.07377245,0.10133125,0.03146979
0.11821728,0.073775224,0.10133441,0.031470764
0.11822129,0.07377709,0.101336576,0.03147131
0.11822477,0.07377884,0.1013385,0.031471837
0.118226096,0.07377914,0.10133884,0.0314718
0.11822994,0.0737816,0.10134158,0.03147277
0.11823326,0.07378315,0.10134345,0.03147323
0.11823679,0.07378502,0.10134558,0.031473856
0.118241,0.07378728,0.10134816,0.031474624
0.11824436,0.07378887,0.10134998,0.031475075
0.11824717,0.07379022,0.101351514,0.031475488
0.11825146,0.07379272,0.10135432,0.03147639
0.11825476,0.07379419,0.10135607,0.031476803
0.11825755,0.07379557,0.10135762,0.03147723
0.11826111,0.07379754,0.101359844,0.031477913
0.118265264,0.07379975,0.10136239,0.03147866
0.118268594,0.073801324,0.101364195,0.031479105
0.1182721,0.07380317,0.101366274,0.031479727
0.11827772,0.07380641,0.10136998,0.03148091
0.118277885,0.07380552,0.10136902,0.031480264
0.11828199,0.073808454,0.101372145,0.031481482
0.11828588,0.073810294,0.101374425,0.03148204
0.11828927,0.07381198,0.10137632,0.031482574
0.118292004,0.07381327,0.10137779,0.031482942
0.11829554,0.07381526,0.10138001,0.031483646
0.11829892,0.07381693,0.10138197,0.03148417
0.118304506,0.073820196,0.1013857,0.031485375
0.11830611,0.07382027,0.101385854,0.031485137
0.118309215,0.07382225,0.101387925,0.031485885
0.11833128,0.07383685,0.10140455,0.031491794
0.11831505,0.0738214,0.10138764,0.03148426
0.11832913,0.07383497,0.10140145,0.031490784
0.11832691,0.07383008,0.101397194,0.03148797
0.1183332,0.073835306,0.10140247,0.031490326
0.11833008,0.073831774,0.10139886,0.03148853
0.11833685,0.07383724,0.101404704,0.03149099
0.1183379,0.0738365,0.10140431,0.031490326
0.11834253,0.07383969,0.101407714,0.031491626
0.11834415,0.07383988,0.1014081,0.031491473
0.118346445,0.073841274,0.10140956,0.03149199
0.11834992,0.07384322,0.101411834,0.03149269
0.11835393,0.073845364,0.10141432,0.031493407
0.118356474,0.0738464,0.10141552,0.03149366
0.11836071,0.07384892,0.10141834,0.031494584
0.11836389,0.073850304,0.10141999,0.031494956
0.118366614,0.07385166,0.10142149,0.031495377
0.11837005,0.073853575,0.10142364,0.031496044
0.11837478,0.07385618,0.10142667,0.03149697
0.118376486,0.07385651,0.10142709,0.031496875
0.11838089,0.07385931,0.101430155,0.031497966
0.11838325,0.07386011,0.10143117,0.03149809
0.118386805,0.0738622,0.10143347,0.031498846
0.11839005,0.07386377,0.10143532,0.031499334
0.11839341,0.07386554,0.10143731,0.031499915
0.11839674,0.07386724,0.10143925,0.031500455
0.11840005,0.07386896,0.10144119,0.03150101
0.11843274,0.0738909,0.101466015,0.031509954
0.11842904,0.073882006,0.10145684,0.031504586
0.11841898,0.07387678,0.101449236,0.031502694
0.11841654,0.07387685,0.10144917,0.031503204
0.11841664,0.07387709,0.10144996,0.031503424
0.11842014,0.07387941,0.10145285,0.03150441
0.118423216,0.073880814,0.10145465,0.03150483
0.11842654,0.07388259,0.10145668,0.031505417
0.11842982,0.073884256,0.101458594,0.031505957
0.11843311,0.073885955,0.101460524,0.0315065
0.118438475,0.07388908,0.10146407,0.03150765
0.11844072,0.073889636,0.10146478,0.03150763
0.118443586,0.0738913,0.10146653,0.031508215
0.118446186,0.07389257,0.101468004,0.031508602
0.11844955,0.07389443,0.101470135,0.031509254
0.11845277,0.073896036,0.101472005,0.03150977
0.11845605,0.07389776,0.101473935,0.03151033
0.118459314,0.0738994,0.101475835,0.03151086
0.11846326,0.073901564,0.10147829,0.0315116
0.11846641,0.07390305,0.10147997,0.031512026
0.11847039,0.073905274,0.10148246,0.0315128
0.118473515,0.07390668,0.10148411,0.031513207
0.11847682,0.073908456,0.10148607,0.031513784
0.11847936,0.07390961,0.10148739,0.031514116
0.11848273,0.07391152,0.10148954,0.031514786
0.118485905,0.073913075,0.10149136,0.031515278
0.11848985,0.073915236,0.10149381,0.031516023
0.118492275,0.07391621,0.10149494,0.031516246
0.118495665,0.073918164,0.101497106,0.031516943
0.11849883,0.07391972,0.10149891,0.031517416
0.118510924,0.07392753,0.10150771,0.03152051
0.11850381,0.07392029,0.10149984,0.0315169
0.11850922,0.07392576,0.101505265,0.031519577
0.11851086,0.07392557,0.10150561,0.031519193
0.11851511,0.07392834,0.101508625,0.031520296
0.11851737,0.07392907,0.10150958,0.031520385
0.11852145,0.07393156,0.101512305,0.03152132
0.118524455,0.073932864,0.10151386,0.031521663
0.118527055,0.07393416,0.10151529,0.03152206
0.11853101,0.07393645,0.10151786,0.031522892
0.118533365,0.07393732,0.101518944,0.031523068
0.11853674,0.07393929,0.101521105,0.031523775
0.1185412,0.07394176,0.10152392,0.031524625
0.1185435,0.07394254,0.101524845,0.03152474
0.118546225,0.07394407,0.10152649,0.03152527
0.11854943,0.073945776,0.10152847,0.031525854
0.118552566,0.07394738,0.101530306,0.031526368
0.11855642,0.07394948,0.10153269,0.03152709
0.11856014,0.07395134,0.10153484,0.03152768
0.11856258,0.073952384,0.10153601,0.031527936
0.118566565,0.073954746,0.10153862,0.0315288
0.118568204,0.073955126,0.101539135,0.03152878
0.118571654,0.07395727,0.101541474,0.031529594
0.11857467,0.07395871,0.10154317,0.031530015
0.11857785,0.073960386,0.10154507,0.03153058
0.11858166,0.07396245,0.1015474,0.031531285
0.11858601,0.07396477,0.101550065,0.031532068
0.11858698,0.07396467,0.10154995,0.03153181
0.11859055,0.07396704,0.10155252,0.03153277
0.118594155,0.07396883,0.10155467,0.03153333
0.11859721,0.07397032,0.10155635,0.031533778
0.11859973,0.07397152,0.101557694,0.031534135
0.11860295,0.07397333,0.101559706,0.031534765
0.11860668,0.0739753,0.101562,0.031535435
0.11860903,0.07397626,0.10156311,0.03153566
0.118612304,0.07397815,0.10156519,0.031536326
0.11861535,0.073979646,0.10156693,0.031536795
0.118618466,0.073981285,0.101568766,0.031537328
0.11862158,0.07398284,0.10157058,0.03153784
0.11862467,0.07398445,0.10157237,0.031538352
0.11862844,0.0739865,0.1015747,0.03153906
0.118631415,0.07398789,0.1015763,0.031539455
0.11863455,0.07398955,0.10157814,0.03154
0.118637644,0.073991105,0.10157992,0.0315405
0.11864007,0.07399225,0.101581216,0.03154083
0.11864326,0.07399404,0.10158322,0.03154146
0.11864629,0.07399554,0.10158496,0.031541936
0.118649386,0.07399716,0.101586774,0.031542458
0.118652456,0.07399874,0.10158856,0.031542964
0.11865552,0.07400031,0.101590365,0.03154348
0.118658595,0.074001886,0.101592146,0.031543985
0.11866165,0.074003465,0.101593934,0.031544495
0.11866601,0.074005924,0.10159672,0.03154537
0.11866884,0.07400711,0.101598084,0.031545646
0.11867071,0.07400793,0.10159895,0.031545866
0.11867396,0.07400986,0.10160111,0.03154658
0.118676916,0.07401128,0.1016028,0.031547017
0.118679985,0.0740129,0.10160461,0.031547546
0.11868366,0.07401488,0.101606876,0.031548228
0.118685946,0.07401581,0.101607926,0.03154843
0.11868915,0.07401766,0.10160995,0.031549092
0.11869212,0.07401911,0.10161166,0.03154954
0.118695796,0.07402114,0.101613946,0.031550255
0.11869873,0.0740225,0.10161549,0.031550623
0.1187018,0.074024126,0.1016173,0.03155117
0.11870543,0.0740261,0.10161955,0.031551834
0.118707076,0.07402657,0.10162009,0.03155187
0.11871033,0.07402858,0.10162233,0.031552635
0.118713245,0.07402998,0.10162395,0.03155304
0.118716285,0.07403158,0.101625755,0.03155358
0.11871928,0.0740331,0.101627484,0.031554062
0.11872229,0.07403465,0.10162925,0.03155457
0.118725285,0.07403619,0.10163099,0.031555068
0.11872829,0.07403775,0.10163274,0.031555567
0.11873129,0.07403927,0.10163449,0.031556066
0.11873428,0.07404084,0.10163623,0.03155656
0.1187379,0.0740428,0.101638466,0.03155724
0.118740775,0.07404414,0.10163999,0.031557623
0.11874317,0.07404529,0.10164128,0.03155797
0.11874624,0.074047014,0.10164321,0.03155857
0.11874982,0.074048914,0.10164539,0.031559207
0.11875269,0.074050255,0.10164693,0.0315596
0.11875507,0.07405142,0.10164822,0.031559944
0.11875816,0.07405313,0.10165013,0.031560548
0.11876106,0.07405459,0.10165181,0.031561
0.11876529,0.07405701,0.10165452,0.03156186
0.118766785,0.074057244,0.10165486,0.031561766
0.11877004,0.07405931,0.10165709,0.031562563
0.11877287,0.074060634,0.101658665,0.031562954
0.11877588,0.07406223,0.10166044,0.031563472
0.11877881,0.0740637,0.101662144,0.03156395
0.11878176,0.07406523,0.10166386,0.031564444
0.11878469,0.074066736,0.10166556,0.031564932
0.11878825,0.07406869,0.10166776,0.031565595
0.118790455,0.07406957,0.101668775,0.031565797
0.11879481,0.07407221,0.1016717,0.03156679
0.118798085,0.07407365,0.1016734,0.031567175
0.11879915,0.07407385,0.10167359,0.031567104
0.11880241,0.07407598,0.101675905,0.031567935
0.11880582,0.07407769,0.10167792,0.031568483
0.11880865,0.07407905,0.1016795,0.031568896
0.11881162,0.0740806,0.10168122,0.031569403
0.1188139,0.07408165,0.10168242,0.031569704
0.11881691,0.07408335,0.1016843,0.031570297
0.11883026,0.074092,0.10169409,0.03157374
0.11884122,0.07409701,0.10170001,0.031575132
0.11882302,0.07408269,0.10168357,0.03156867
0.11883546,0.07409513,0.10169655,0.031574786
0.11886501,0.074112445,0.101717375,0.03158127
0.118829004,0.07408224,0.10168366,0.031567283
0.118839815,0.074097626,0.10169854,0.031575583
0.11884006,0.07409447,0.10169708,0.031573605
0.11884374,0.074097365,0.10169999,0.031574894
0.1188457,0.07409793,0.10170082,0.03157493
0.118848786,0.07409977,0.10170283,0.031575605
0.118852176,0.074101545,0.10170489,0.031576186
0.118854366,0.07410245,0.10170591,0.031576406
0.11885737,0.074104175,0.101707816,0.03157702
0.118860185,0.07410555,0.10170942,0.03157745
0.11886308,0.074107066,0.10171112,0.03157794
0.11886593,0.07410852,0.101712756,0.031578407
0.11886879,0.074109994,0.10171442,0.03157889
0.118871644,0.07411147,0.101716086,0.031579357
0.11887511,0.07411335,0.1017182,0.031580012
0.118877865,0.07411461,0.10171968,0.031580366
0.11888075,0.074116156,0.101721354,0.03158088
0.118882984,0.07411718,0.10172252,0.03158117
0.11888594,0.07411885,0.10172438,0.031581756
0.11888934,0.07412065,0.10172644,0.031582363
0.11889146,0.07412151,0.10172745,0.031582564
0.11889565,0.07412405,0.101730265,0.031583514
0.118898205,0.074125044,0.10173146,0.031583723
0.11890236,0.0741275,0.10173415,0.03158462
0.11890255,0.07412687,0.101733506,0.031584155
0.11890588,0.07412924,0.10173602,0.031585142
0.11890908,0.07413076,0.10173789,0.031585608
0.11891126,0.07413172,0.10173896,0.031585854
0.1189142,0.07413339,0.1017408,0.03158645
0.118917555,0.07413517,0.10174285,0.031587042
0.118919685,0.074136026,0.10174384,0.03158725
0.11892323,0.07413814,0.101746164,0.03158802
0.118925884,0.074139304,0.10174753,0.031588327
0.118928134,0.07414042,0.10174877,0.031588674
0.118931025,0.07414202,0.10175056,0.03158923
0.11893438,0.07414381,0.1017526,0.031589836
0.11893649,0.07414467,0.10175358,0.031590033
0.118939415,0.074146345,0.10175544,0.031590626
0.11894273,0.07414809,0.10175745,0.03159122
0.11894661,0.0741502,0.101759814,0.031591922
0.11894746,0.07415009,0.1017597,0.0315917
0.11895123,0.074152604,0.10176243,0.031592708
0.118953735,0.0741536,0.10176368,0.03159293
0.118956015,0.07415476,0.10176493,0.031593308
0.11895945,0.07415674,0.10176714,0.031594012
0.11896149,0.0741575,0.10176807,0.03159417
0.118965,0.07415961,0.101770386,0.031594943
0.1189676,0.07416075,0.10177172,0.03159524
0.118969835,0.07416186,0.10177296,0.031595588
0.11897268,0.074163444,0.10177471,0.031596143
0.11897656,0.074165605,0.10177718,0.031596906
0.11897911,0.07416667,0.10177841,0.031597156
0.11898138,0.07416781,0.10177963,0.031597514
0.11898361,0.07416896,0.10178092,0.03159789
0.118986435,0.0741705,0.101782665,0.031598415
0.11898913,0.074171856,0.10178422,0.031598832
0.11899246,0.074173674,0.10178627,0.031599473
0.1189945,0.0741745,0.101787224,0.031599656
0.11899738,0.07417616,0.10178904,0.031600244
0.119000055,0.074177474,0.101790555,0.03160065
0.1190028,0.07417891,0.10179216,0.03160112
0.1190061,0.07418069,0.101794176,0.03160173
0.11900931,0.0741823,0.10179603,0.03160225
0.119011395,0.07418321,0.10179701,0.031602457
0.11901424,0.07418484,0.10179881,0.031603042
0.1190169,0.07418614,0.10180031,0.031603444
0.11901962,0.07418757,0.1018019,0.031603914
0.119021766,0.07418855,0.10180301,0.031604186
0.11902456,0.07419012,0.10180477,0.031604744
0.11902721,0.07419145,0.10180629,0.03160515
0.119029924,0.074192844,0.10180788,0.03160562
0.11903262,0.07419423,0.10180943,0.031606056
0.11903532,0.07419562,0.10181099,0.03160651
0.11903801,0.074197,0.10181255,0.03160695
0.1190407,0.07419839,0.10181411,0.031607404
0.1190434,0.07419978,0.10181566,0.031607848
0.11904608,0.07420116,0.10181721,0.03160829
0.11904875,0.07420254,0.10181877,0.031608738
0.11905145,0.074203916,0.10182032,0.03160918
0.11905413,0.074205294,0.10182187,0.03160962
0.119056776,0.074206665,0.10182341,0.031610068
0.11906004,0.074208416,0.1018254,0.031610675
0.11906261,0.07420962,0.101826765,0.031611007
0.11906532,0.07421107,0.10182835,0.031611487
0.119067974,0.07421241,0.10182989,0.03161192
0.11907007,0.074213386,0.10183099,0.031612203
0.11907282,0.07421495,0.10183269,0.031612746
0.11907543,0.07421624,0.10183421,0.031613156
0.119078085,0.07421762,0.10183574,0.0316136
0.11908072,0.07421897,0.10183728,0.03161404
0.11908394,0.07422073,0.101839244,0.031614643
0.1190865,0.074221924,0.10184061,0.031614974
0.11908862,0.07422295,0.10184174,0.031615287
0.11909135,0.074224465,0.101843424,0.031615812
0.11909394,0.07422577,0.101844914,0.031616222
0.119096585,0.074227154,0.10184645,0.031616673
0.119099215,0.07422848,0.10184798,0.031617105
0.11910185,0.074229844,0.1018495,0.031617537
0.11910447,0.0742312,0.10185102,0.031617973
0.119107105,0.07423255,0.10185254,0.031618413
0.11910971,0.07423389,0.10185405,0.03161885
0.119112335,0.074235246,0.101855576,0.031619273
0.11911496,0.074236594,0.10185708,0.031619713
0.11911757,0.07423793,0.101858586,0.031620152
0.11912018,0.07423927,0.1018601,0.031620577
0.11912279,0.074240625,0.10186162,0.031621005
0.119125955,0.07424234,0.10186355,0.031621605
0.1191279,0.07424311,0.10186444,0.031621773
0.119131215,0.07424507,0.1018666,0.0316225
0.11913365,0.07424616,0.10186786,0.031622782
0.119135775,0.07424721,0.10186901,0.0316231
0.11913898,0.07424905,0.10187108,0.031623773
0.11914089,0.0742498,0.10187194,0.03162392
0.11914363,0.07425138,0.10187368,0.031624492
0.11914615,0.07425261,0.1018751,0.031624872
0.11914876,0.07425398,0.101876624,0.031625316
0.11915133,0.07425528,0.10187811,0.03162574
0.119153924,0.07425663,0.1018796,0.03162617
0.11915649,0.07425793,0.10188109,0.03162659
0.119159065,0.07425926,0.101882584,0.031627018
0.11916217,0.07426098,0.10188449,0.031627603
0.11916411,0.07426174,0.10188537,0.031627767
0.11916682,0.07426329,0.10188708,0.031628326
0.119169325,0.07426454,0.10188849,0.03162871
0.11917189,0.07426587,0.10188999,0.031629145
0.11917445,0.07426718,0.10189145,0.03162957
0.119177006,0.07426849,0.10189294,0.031629995
0.11917957,0.07426982,0.101894416,0.031630415
0.11918212,0.07427113,0.10189589,0.03163084
0.119184665,0.07427243,0.101897374,0.031631257
0.11918723,0.07427374,0.10189884,0.031631686
0.1191903,0.07427543,0.10190073,0.031632256
0.119192734,0.074276544,0.101902016,0.031632584
0.11919533,0.07427794,0.10190353,0.031633038
0.1191984,0.07427958,0.10190539,0.031633597
0.11919976,0.07427999,0.101905845,0.03163361
0.11920305,0.07428206,0.10190812,0.03163442
0.11920593,0.07428341,0.10190971,0.03163481
0.11920845,0.07428464,0.10191108,0.031635195
0.1192099,0.07428524,0.1019117,0.031635318
0.11921315,0.074287236,0.10191392,0.03163607
0.11921495,0.07428787,0.1019147,0.031636182
0.11921762,0.074289426,0.10191641,0.031636752
0.119220614,0.074291006,0.10191819,0.031637266
0.11922304,0.074292146,0.1019195,0.0316376
0.11922507,0.07429313,0.101920575,0.031637896
0.11922765,0.074294575,0.10192217,0.0316384
0.11923011,0.0742958,0.101923585,0.03163878
0.11923262,0.07429709,0.10192504,0.031639207
0.11923512,0.07429838,0.10192649,0.03163962
0.11923762,0.07429967,0.101927914,0.03164003
0.11924011,0.074300945,0.10192936,0.031640448
0.1192426,0.07430224,0.1019308,0.031640857
0.11924509,0.07430351,0.10193224,0.03164127
0.11924758,0.0743048,0.101933666,0.031641673
0.11925005,0.07430607,0.101935096,0.031642094
0.1192536,0.074308075,0.10193736,0.03164281
0.11925486,0.074308276,0.10193762,0.031642724
0.119257584,0.07431003,0.10193948,0.03164339
0.11925995,0.07431113,0.10194079,0.031643715
0.11926247,0.07431245,0.10194225,0.031644147
0.1192649,0.074313685,0.10194366,0.031644553
0.11926791,0.07431535,0.1019455,0.031645115
0.11926976,0.07431608,0.101946354,0.03164527
0.119272344,0.074317575,0.10194798,0.031645812
0.119274765,0.07431876,0.10194936,0.031646173
0.11927723,0.07432005,0.10195078,0.03164659
0.119279675,0.07432129,0.10195219,0.031647
0.11928214,0.07432257,0.10195361,0.031647407
0.119285114,0.07432418,0.101955414,0.031647958
0.11928746,0.07432528,0.10195666,0.031648263
0.119289435,0.07432624,0.10195771,0.031648558
0.11929247,0.074328005,0.10195966,0.031649202
0.11929479,0.074329026,0.10196087,0.031649478
0.11929676,0.07433001,0.10196193,0.031649776
0.11929926,0.07433141,0.10196348,0.03165026
0.11930166,0.0743326,0.10196486,0.031650633
0.119304106,0.074333884,0.10196627,0.03165104
0.11930652,0.074335106,0.10196767,0.03165145
0.11930896,0.074336365,0.101969056,0.031651847
0.11931189,0.07433795,0.10197086,0.031652402
0.11931371,0.0743387,0.101971686,0.03165255
0.11931627,0.074340165,0.10197329,0.03165308
0.11931861,0.07434132,0.101974614,0.031653438
0.119321056,0.0743426,0.101976044,0.031653855
0.11932396,0.07434417,0.10197783,0.03165439
0.119326316,0.074345276,0.10197903,0.0316547
0.11932824,0.07434619,0.101980075,0.031654984
0.11933071,0.07434759,0.10198161,0.031655464
0.11933309,0.07434876,0.10198295,0.031655833
0.11933703,0.07435107,0.10198556,0.03165668
0.11933763,0.07435075,0.10198524,0.03165635
0.11934041,0.074352674,0.101987235,0.031657126
0.11934264,0.074353635,0.10198843,0.0316574
0.1193456,0.07435531,0.101990275,0.031657986
0.119348384,0.07435669,0.10199187,0.03165841
0.119350225,0.0743575,0.10199272,0.031658605
0.119352214,0.07435856,0.101993896,0.03165897
0.11935515,0.07436024,0.101995766,0.031659562
0.11935741,0.07436125,0.10199695,0.031659838
0.11935933,0.074362196,0.10199799,0.031660132
0.11936177,0.07436355,0.10199949,0.031660605
0.119364105,0.07436472,0.102000825,0.031660967
0.11936648,0.07436596,0.102002196,0.03166137
0.11936885,0.07436716,0.10200357,0.031661756
0.11937122,0.074368395,0.10200493,0.03166215
0.11937358,0.0743696,0.10200629,0.031662542
0.119375944,0.07437082,0.102007635,0.031662937
0.1193783,0.07437202,0.102009006,0.03166333
0.11938066,0.07437324,0.102010354,0.031663716
0.119383015,0.074374445,0.102011696,0.031664103
0.11938537,0.07437566,0.10201303,0.031664494
0.11938772,0.07437685,0.10201441,0.031664886
0.11939006,0.07437807,0.10201575,0.031665266
0.11939242,0.07437929,0.10201709,0.031665664
0.119394764,0.074380495,0.10201843,0.031666048
0.11939708,0.07438171,0.10201978,0.031666428
0.119399436,0.074382916,0.10202112,0.03166682
0.11940176,0.0743841,0.10202247,0.031667206
0.11940409,0.07438529,0.10202381,0.03166759
0.11940692,0.07438684,0.10202554,0.031668123
0.11940918,0.07438789,0.10202671,0.031668406
0.11941104,0.074388795,0.1020277,0.03166869
0.11941394,0.07439048,0.10202957,0.031669293
0.11941614,0.07439146,0.10203072,0.03166956
0.11941801,0.07439238,0.102031715,0.031669844
0.11942042,0.074393705,0.10203319,0.031670306
0.11942318,0.07439519,0.10203487,0.0316708
0.11942541,0.07439623,0.10203605,0.031671107
0.11943563,0.07440293,0.10204349,0.031673755
0.11942822,0.074395835,0.102035776,0.031670306
0.1194326,0.07440062,0.10204045,0.0316727
0.11943406,0.07440049,0.10204084,0.031672403
0.1194366,0.07440208,0.10204253,0.031673018
0.11943881,0.07440313,0.102043755,0.031673316
0.11944114,0.07440436,0.102045104,0.031673726
0.11944343,0.07440552,0.10204641,0.031674094
0.119445704,0.074406706,0.10204773,0.03167447
0.119448006,0.074407876,0.10204905,0.03167485
0.1194503,0.07440906,0.10205036,0.03167524
0.119452566,0.07441023,0.102051675,0.031675614
0.119454846,0.07441142,0.10205299,0.031675987
0.119457126,0.074412584,0.10205429,0.031676363
0.11945941,0.07441374,0.10205561,0.031676743
0.119461685,0.074414924,0.10205693,0.03167712
0.119463965,0.074416086,0.102058224,0.031677492
0.11946623,0.07441727,0.102059536,0.03167788
0.119468495,0.07441843,0.10206083,0.031678244
0.119470775,0.0744196,0.102062136,0.03167863
0.11947303,0.074420765,0.10206344,0.031679
0.11947577,0.07442226,0.10206512,0.03167951
0.11947747,0.07442295,0.10206588,0.03167966
0.11947985,0.074424304,0.10206737,0.03168015
0.11948496,0.07442739,0.102070846,0.031681303
0.119483836,0.07442567,0.102069,0.031680346
0.119486816,0.074428074,0.10207145,0.03168141
0.119488776,0.07442877,0.10207241,0.03168155
0.11949111,0.07443009,0.10207384,0.031682003
0.11949381,0.074431516,0.10207545,0.031682488
0.11949692,0.07443321,0.10207734,0.031683058
0.11949856,0.074433774,0.10207797,0.031683132
0.119500004,0.074434526,0.10207874,0.031683367
0.119502835,0.07443621,0.102080636,0.031684004
0.11950443,0.07443679,0.10208136,0.031684108
0.11950728,0.074438505,0.10208322,0.031684745
0.11950889,0.074439086,0.102083914,0.03168485
0.11951174,0.0744408,0.10208577,0.03168548
0.11951477,0.07444237,0.102087565,0.03168599
0.11951641,0.07444296,0.10208822,0.031686097
0.119518764,0.074444346,0.10208972,0.03168659
0.11952,0.074444756,0.10209019,0.031686638
0.11952238,0.07444621,0.10209178,0.031687196
0.11952452,0.07444723,0.102092974,0.031687498
0.11952724,0.07444872,0.10209465,0.03168802
0.11952982,0.07445003,0.10209611,0.031688437
0.11953152,0.074450746,0.1020969,0.03168861
0.11953384,0.07445208,0.10209835,0.031689074
0.11953599,0.07445313,0.10209955,0.031689405
0.11953821,0.074454285,0.10210084,0.031689778
0.11954276,0.07445703,0.102103926,0.03169081
0.11954268,0.07445615,0.10210295,0.031690214
0.11954538,0.074458145,0.102105014,0.03169106
0.11954739,0.07445895,0.10210604,0.031691253
0.119549155,0.07445987,0.10210702,0.03169154
0.11955094,0.07446078,0.102108054,0.031691838
0.11955316,0.074462004,0.102109425,0.03169226
0.119555786,0.074463405,0.10211102,0.031692732
0.11955743,0.07446406,0.10211177,0.031692885
0.11955973,0.07446539,0.1021132,0.03169335
0.119561866,0.07446644,0.10211439,0.03169368
0.11956406,0.07446758,0.10211566,0.03169406
0.11956716,0.07446935,0.10211762,0.031694677
0.11956869,0.07446984,0.10211821,0.031694733
0.11957103,0.07447123,0.10211967,0.03169523
0.11957408,0.07447288,0.102121554,0.0316958
0.119574696,0.07447277,0.10212144,0.031695608
0.11957718,0.07447443,0.1021232,0.03169628
0.119579196,0.07447533,0.10212431,0.031696532
0.1195814,0.07447652,0.102125615,0.031696923
0.11958355,0.0744776,0.10212682,0.03169727
0.11958571,0.07447871,0.10212807,0.03169763
0.11958785,0.074479826,0.10212929,0.031697985
0.11959046,0.07448126,0.1021309,0.03169847
0.11959207,0.07448189,0.10213161,0.03169861
0.119594336,0.0744832,0.10213302,0.031699076
0.11959644,0.07448424,0.102134205,0.03169939
0.11959905,0.074485675,0.10213581,0.03169989
0.11960064,0.074486315,0.102136515,0.03170003
0.1196029,0.0744876,0.10213793,0.0317005
0.11960499,0.07448864,0.10213911,0.03170081
0.11960714,0.07448974,0.10214036,0.031701174
0.11960973,0.07449116,0.10214192,0.031701654
0.11961133,0.07449179,0.10214264,0.031701792
0.119613566,0.074493095,0.10214403,0.031702254
0.11961565,0.07449411,0.1021452,0.03170257
0.11961779,0.07449523,0.10214643,0.031702932
0.1196199,0.07449631,0.102147646,0.031703275
0.11962202,0.0744974,0.10214887,0.031703636
0.11962414,0.07449849,0.102150075,0.031703983
0.119626254,0.07449959,0.10215128,0.031704325
0.11962838,0.074500665,0.102152504,0.03170468
0.119630486,0.07450176,0.1021537,0.031705033
0.11963258,0.07450285,0.102154925,0.03170538
0.1196347,0.07450391,0.10215613,0.031705726
0.1196368,0.07450501,0.10215733,0.03170608
0.11963891,0.0745061,0.10215855,0.031706426
0.119641,0.07450718,0.102159746,0.03170677
0.11964355,0.074508555,0.10216129,0.03170725
0.11964556,0.074509494,0.10216234,0.031707503
0.119647235,0.07451031,0.10216323,0.031707752
0.119650304,0.07451215,0.10216524,0.031708427
0.119652204,0.07451288,0.102166116,0.031708583
0.11965347,0.07451346,0.10216672,0.031708736
0.119655706,0.07451479,0.102168165,0.03170923
0.11965772,0.07451576,0.10216929,0.031709526
0.11966025,0.07451716,0.102170855,0.031710006
0.11966226,0.07451809,0.1021719,0.031710267
0.119664386,0.074519224,0.10217311,0.03171064
0.11966601,0.07451996,0.10217395,0.031710844
0.11966814,0.07452117,0.1021753,0.03171128
0.11967018,0.07452218,0.102176435,0.031711586
0.119672276,0.074523255,0.10217764,0.03171194
0.11967433,0.07452431,0.10217882,0.031712275
0.1196764,0.07452538,0.10218,0.03171262
0.11967847,0.074526444,0.10218119,0.031712957
0.11968054,0.0745275,0.10218236,0.0317133
0.119682595,0.074528575,0.10218355,0.03171364
0.11968465,0.07452962,0.10218473,0.03171398
0.11968715,0.07453098,0.10218623,0.031714447
0.119688675,0.0745316,0.10218692,0.03171458
0.11969085,0.07453285,0.10218828,0.031715028
0.119692855,0.07453383,0.10218939,0.03171533
0.11969753,0.07453673,0.102192625,0.031716432
0.11969694,0.07453543,0.102191225,0.031715665
0.11970002,0.0745378,0.102193676,0.031716686
0.11970088,0.07453773,0.10219375,0.03171651
0.11970317,0.074539244,0.102195345,0.031717096
0.1197051,0.07454013,0.102196395,0.03171734
0.11970717,0.074541226,0.10219759,0.031717706
0.11970918,0.074542254,0.10219874,0.031718038
0.11971123,0.074543305,0.10219992,0.031718377
0.11971369,0.07454465,0.10220141,0.031718835
0.11971521,0.07454526,0.10220208,0.03171897
0.11971777,0.07454678,0.102203764,0.03171953
0.119719684,0.07454762,0.102204725,0.031719755
0.11972132,0.07454843,0.102205604,0.03172
0.119723834,0.07454987,0.10220722,0.03172052
0.11972574,0.07455075,0.10220819,0.031720757
0.119727805,0.074551836,0.102209404,0.031721123
0.119729385,0.07455257,0.102210194,0.03172132
0.11973148,0.07455374,0.10221149,0.031721737
0.119733885,0.07455503,0.10221293,0.03172216
0.117842354,0.07325072,0.10075765,0.03118428
0.11815265,0.0738329,0.10136677,0.031523474
0.11800639,0.07361262,0.10122491,0.031412415
0.11804526,0.073681995,0.10129133,0.031452283
0.11803278,0.07365902,0.10127663,0.031440303
0.11804203,0.07366935,0.10128693,0.031445738
0.118043624,0.07366779,0.10128662,0.031444665
0.11804624,0.07366938,0.1012884,0.03144542
0.118051454,0.073672295,0.10129196,0.03144658
0.11805318,0.07367236,0.101292334,0.03144644
0.118057184,0.07367477,0.10129509,0.03144744
0.11806063,0.07367626,0.101297006,0.031447925
0.11806429,0.07367812,0.10129917,0.031448577
0.11806947,0.07368097,0.10130245,0.03144963
0.11807125,0.073681206,0.101302825,0.031449504
