0.08323147,0.58055496,0.2667392,0.037891053
0.07039747,0.505425,0.22670448,0.0301716
0.09209049,0.49871087,0.25404876,0.05511262
0.10279045,0.5380337,0.29078686,0.054163553
0.08977583,0.5383923,0.28549397,0.03743632
0.093038544,0.56517,0.29908526,0.04041552
0.08401879,0.5713223,0.28505233,0.032536894
0.07958184,0.5521187,0.26801392,0.032676145
0.08858941,0.5655006,0.2827778,0.04034875
0.07733533,0.52853996,0.25384316,0.03229564
0.08377606,0.4987285,0.25095314,0.043442644
0.11181493,0.5836953,0.31847423,0.059511166
0.07361239,0.5289487,0.25883666,0.024805412
0.080497816,0.48015875,0.24729899,0.042218026
0.094681114,0.4646151,0.26677972,0.057939373
0.11281517,0.5203982,0.32088476,0.06428107
0.094109885,0.53702843,0.31339827,0.03782957
0.09108497,0.5598433,0.31324205,0.037199758
0.08380513,0.5671546,0.2962568,0.032562926
0.08372412,0.57888836,0.28915635,0.03374515
0.07931012,0.5676415,0.27254176,0.031594355
0.07287751,0.50229484,0.23869687,0.03257569
0.09817038,0.5241607,0.27938423,0.057038303
0.092157684,0.52875453,0.28419214,0.042442016
0.094912864,0.55613476,0.30009815,0.04245071
0.08981254,0.58086896,0.30293664,0.03527739
0.079802305,0.5736687,0.2809887,0.029722922
0.073207736,0.52102995,0.24601729,0.031164097
0.09019058,0.5177949,0.26649216,0.04919032
0.09660446,0.54499626,0.28955036,0.04728603
0.090206824,0.56528777,0.2896782,0.03726184
0.08051794,0.54834706,0.267686,0.032337323
0.09096686,0.5745308,0.28695545,0.041272197
0.080442846,0.5581233,0.26911905,0.031704664
0.0818978,0.5375162,0.26278546,0.036817342
0.08927841,0.54080945,0.27529344,0.042910736
0.08202916,0.5044409,0.25853357,0.037724026
0.07822593,0.41962048,0.23013265,0.044195086
0.1259619,0.5036943,0.31952792,0.09203102
0.10006988,0.5372296,0.31826276,0.04124303
0.09009135,0.5515381,0.3094386,0.03547278
0.08571238,0.5568997,0.29955995,0.03464372
0.08422206,0.5569397,0.29169506,0.03502171
0.086805455,0.5714535,0.29449475,0.036607
0.078288965,0.5496045,0.26891,0.031408567
0.09571761,0.6065115,0.3042951,0.043019954
0.08195268,0.62769943,0.2927298,0.026978001
0.07086831,0.59799165,0.2588122,0.024028812
0.08450936,0.62939894,0.27897155,0.03447031
0.073697634,0.6142525,0.25743943,0.025161523
0.07644913,0.605856,0.25316983,0.02970677
0.07527976,0.58284974,0.24200691,0.030200189
0.08363517,0.59051526,0.255399,0.03651488
0.07988396,0.58273804,0.24972014,0.0321849
0.08094268,0.57945234,0.24842404,0.034091104
0.07532547,0.5312763,0.22974834,0.032929737
0.08617079,0.5066816,0.24231389,0.046454918
0.10981404,0.5816501,0.30604848,0.057468653
0.07423805,0.5253832,0.2520043,0.025879133
0.088923894,0.52027684,0.26619646,0.046427134
0.094332606,0.5374296,0.2840154,0.046167992
0.10161718,0.6070584,0.32067978,0.042969417
0.06994068,0.5507241,0.25900474,0.022432737
0.08164348,0.526159,0.25955278,0.04023244
0.09695513,0.56291544,0.2933956,0.048233878
0.07774938,0.5179838,0.25911623,0.031272203
0.08401772,0.4768309,0.25416747,0.044965904
0.10098857,0.49198392,0.28645954,0.0597474
0.100834206,0.51918447,0.30525517,0.04979944
0.09572725,0.54509,0.31228602,0.04118621
0.100132376,0.6193624,0.34282392,0.038777582
0.07561177,0.62122464,0.30189213,0.02187512
0.06746371,0.5777352,0.25477168,0.0239386
0.08075736,0.57876664,0.26025015,0.03672239
0.09556791,0.6495137,0.3035609,0.03913714
0.07524661,0.66167367,0.278445,0.021345971
0.061078403,0.5916265,0.22280937,0.019869141
0.08169716,0.5982782,0.24655044,0.038368806
0.08177408,0.59896785,0.25415143,0.033145994
0.08307363,0.61143804,0.2628978,0.032516617
0.07722369,0.6038652,0.2519994,0.028574608
0.0744935,0.57162154,0.23740749,0.030036055
0.08753573,0.59356195,0.26121977,0.03978012
0.077637166,0.57498,0.2449359,0.030281806
0.08265196,0.5716095,0.25047985,0.036443073
0.0808332,0.5516111,0.24576809,0.035420094
0.08309783,0.52740085,0.24606326,0.03967087
0.096472755,0.5536027,0.27942055,0.04840813
0.083560936,0.5299907,0.26505035,0.035105452
0.089629225,0.5305066,0.27388802,0.04329882
0.09912324,0.58235997,0.30610093,0.04500699
0.07343974,0.52585053,0.2569834,0.026739206
0.10239506,0.58833694,0.31309298,0.0518303
0.078332394,0.57321024,0.27876604,0.026906217
0.08292862,0.5784201,0.27796686,0.03456225
0.075154446,0.53535485,0.25064966,0.031234724
0.082686156,0.50002474,0.2494373,0.042924378
0.10978904,0.573644,0.31365228,0.059136353
0.08875662,0.60291564,0.30521497,0.0302266
0.07210305,0.5616449,0.26185805,0.025205404
0.07554034,0.51091343,0.24252008,0.03589466
0.06892692,0.37504163,0.19634242,0.041818663
0.11164863,0.36433825,0.25312823,0.10922127
0.094747566,0.2844524,0.22986238,0.08255472
0.15518716,0.37370566,0.34142038,0.16663218
0.12788545,0.43997753,0.3669711,0.07557421
0.06799605,0.27228415,0.2325365,0.034594122
0.17727761,0.42786887,0.40434882,0.19996196
0.10524066,0.4495022,0.36428854,0.045752756
0.11544312,0.52976465,0.40367597,0.053846717
0.084172845,0.5203044,0.35406464,0.028394528
0.08474292,0.5123391,0.33247703,0.036875058
0.08024796,0.46739516,0.29584,0.03829831
0.10714141,0.52179855,0.34141305,0.061100103
0.090518035,0.5244802,0.3284858,0.036764376
0.085097186,0.49824628,0.3113907,0.037485983
0.08066508,0.43689513,0.27593118,0.041829046
0.11296513,0.49625605,0.32824686,0.07273783
0.104360625,0.56679916,0.34133652,0.04427707
0.08010826,0.5600802,0.2975075,0.027258225
0.0783546,0.5448164,0.26993603,0.032966897
0.08716817,0.5544765,0.27732563,0.04081382
0.08196554,0.53613365,0.2633759,0.035828292
0.0860211,0.53518486,0.2616418,0.041064817
0.08810645,0.5303077,0.2665921,0.042040594
0.1030777,0.5981961,0.31260845,0.04730983
0.07387282,0.5558611,0.2646116,0.02454052
0.074905954,0.49116302,0.24067034,0.03598912
0.10296182,0.5291457,0.29029664,0.060950704
0.08716808,0.5157163,0.2746178,0.038240653
0.095346026,0.53568333,0.2933336,0.046368394
0.09329882,0.5613218,0.30306777,0.03984296
0.057298876,0.38156068,0.19561754,0.024731731
0.082401715,0.25933093,0.18859245,0.08875047
0.18690984,0.42510164,0.37233898,0.23462602
0.096892774,0.3982695,0.30747408,0.0464962
0.081071876,0.27866676,0.24166502,0.05744823
0.11589695,0.25112998,0.2689911,0.13996708
0.13336425,0.27193025,0.3106776,0.15760827
0.13873614,0.3179951,0.35406214,0.1338448
0.12830442,0.3507236,0.3727075,0.093533926
0.10045969,0.2954172,0.3231828,0.066145085
0.13629973,0.33588585,0.38280243,0.12091704
0.12935244,0.3771721,0.4118992,0.084167235
0.12009424,0.41732615,0.42611504,0.06293765
0.108182244,0.4388449,0.42405504,0.04991519
0.0901371,0.3966862,0.37667382,0.04229362
0.09794752,0.36808306,0.3616612,0.06200692
0.109229386,0.36928162,0.3693025,0.07546665
0.11212437,0.39629966,0.36914968,0.07150105
0.08247105,0.302885,0.28151134,0.050458834
0.12784633,0.32832378,0.33780715,0.12755936
0.11994784,0.34798133,0.34484136,0.091687016
0.12997134,0.41771448,0.38259575,0.08688709
0.100556955,0.41188294,0.3462136,0.049198538
0.10958078,0.44516194,0.35952786,0.06276689
0.09293542,0.4226262,0.32445383,0.047039043
0.11862086,0.4998631,0.37636372,0.069356374
0.08911033,0.4984812,0.33432356,0.034715757
0.092623286,0.5135624,0.3302067,0.042998303
0.08663748,0.5012562,0.31036317,0.038991787
0.09165307,0.49973983,0.31216472,0.0454138
0.09491144,0.5096283,0.3211352,0.04604482
0.09457349,0.53139156,0.32590055,0.04254294
0.07844552,0.4847819,0.27973604,0.033494662
0.085421436,0.44150764,0.26518384,0.04942589
0.11644494,0.51059794,0.3273381,0.07373276
0.08318071,0.47334164,0.2760051,0.034911443
0.10766974,0.53097725,0.32046703,0.059756998
0.09031883,0.54594374,0.30564857,0.035869356
0.08181493,0.5245602,0.28090712,0.034256656
0.092033915,0.54429406,0.29426157,0.04424865
0.080689766,0.51152647,0.26743808,0.03503782
0.092251755,0.51841456,0.28115118,0.047902986
0.09447796,0.5361655,0.29456225,0.044715244
0.084436476,0.5129739,0.2767801,0.03692883
0.09736363,0.54389745,0.3030555,0.04815679
0.087947935,0.5500425,0.2950066,0.036057476
0.08834322,0.56623137,0.29701233,0.03698831
0.08320893,0.5656694,0.28611958,0.033220157
0.07931997,0.540236,0.26788613,0.03352443
0.0921357,0.56992024,0.28947583,0.04328352
0.08356426,0.57569385,0.2779217,0.03271408
0.084294565,0.5863917,0.27886963,0.03402477
0.081994966,0.5936977,0.27396455,0.031871933
0.08093169,0.59753555,0.27049017,0.031352125
0.07776044,0.5828086,0.25927672,0.030395035
0.08174897,0.5820878,0.26162,0.034459364
0.07800948,0.5555394,0.24876305,0.032714054
0.08960048,0.5765436,0.27054703,0.04157206
0.09269214,0.6296567,0.29516512,0.036115266
0.08088081,0.6598424,0.28817096,0.024907436
0.07697551,0.6960028,0.28429702,0.022758326
0.072418265,0.72960657,0.2769998,0.019500349
0.062046755,0.71733445,0.24303009,0.015829464
0.055202186,0.64001817,0.19712779,0.017051274
0.07412804,0.6330807,0.2189029,0.03202837
0.07417819,0.6154996,0.22104825,0.02902978
0.07417119,0.58232236,0.21844333,0.03070706
0.08767332,0.6037449,0.24981058,0.039696988
0.06694654,0.5109875,0.2052332,0.026711453
0.10329226,0.55857503,0.2708971,0.06172554
0.09028728,0.5762811,0.27538732,0.036345582
0.08274785,0.5723559,0.2663514,0.032413952
0.08226049,0.5667451,0.2621063,0.034541756
0.089255095,0.5977856,0.2797433,0.037996083
0.072519064,0.5510009,0.24225715,0.027193353
0.08207028,0.5244612,0.24562632,0.041041978
0.10464082,0.5910669,0.30271938,0.052531336
0.07245358,0.5285548,0.24999292,0.025329553
0.08423278,0.49199858,0.25447372,0.04511269
0.060031187,0.2829451,0.17035526,0.038848456
0.17456265,0.423905,0.3496612,0.21923284
0.11663595,0.48510194,0.35152483,0.05795104
0.09513305,0.48774576,0.32929924,0.039715834
0.10089265,0.5311176,0.3441312,0.046781644
0.07465642,0.46203136,0.27719393,0.030494668
0.10360405,0.49926227,0.31407005,0.06314654
0.10331612,0.5563183,0.33748466,0.046778727
0.07603438,0.5065354,0.2816713,0.028065357
0.09517746,0.5286626,0.30515394,0.049762186
0.093626596,0.55618393,0.3138258,0.040637154
0.080786616,0.5314775,0.28678876,0.03213496
0.087980375,0.5321583,0.29011747,0.041613635
0.08951668,0.5415879,0.29263744,0.040701322
0.083858505,0.5211019,0.2786323,0.0370046
0.09322496,0.5410587,0.2938421,0.045143057
0.08824257,0.55325836,0.2883603,0.03751201
0.08160248,0.5462311,0.26608348,0.034266595
0.08338852,0.52713585,0.2608862,0.03896194
0.07557896,0.44193348,0.22787964,0.039268862
0.12046191,0.51655877,0.3122518,0.0834475
0.10170202,0.5647164,0.32450074,0.041042358
0.082344666,0.5589769,0.29400545,0.029260244
0.042191155,0.2634687,0.14033191,0.021199599
0.16181259,0.35577908,0.30515152,0.24443984
0.050944854,0.1188418,0.12844248,0.049816042
0.19850144,0.24098237,0.31839648,0.41475746
0.18870957,0.4574557,0.45184705,0.21005851
0.08870846,0.42210972,0.3518295,0.032094087
0.111279435,0.46649015,0.38143617,0.06355651
0.09768805,0.47747004,0.36550707,0.043723825
0.086125664,0.43682033,0.32431173,0.040837575
0.07690269,0.31717274,0.2582101,0.049855046
0.10874206,0.27416182,0.27852952,0.116786286
0.14050537,0.31886077,0.34634998,0.14930777
0.15820348,0.45112583,0.44280308,0.11263863
0.10118167,0.46373472,0.39450505,0.03550185
0.0864963,0.42191526,0.3435485,0.039352592
0.11118205,0.46958128,0.37822044,0.06614647
0.093715385,0.47386777,0.34858268,0.04185105
0.09134952,0.4824334,0.32185677,0.044125296
0.09386683,0.48995635,0.31761473,0.04719225
0.090690576,0.50021213,0.29808104,0.043819256
0.09682179,0.52239007,0.31301638,0.047455013
0.100126565,0.57674557,0.33861327,0.042593893
0.08962448,0.6231172,0.33929017,0.029765679
0.07383848,0.619753,0.3022211,0.02242237
0.0757467,0.628178,0.28851157,0.026712371
0.060593575,0.5367981,0.22053564,0.022171212
0.07904043,0.49828354,0.22291589,0.04554296
0.058770258,0.29280818,0.15068886,0.039743677
0.068123855,0.11650684,0.119781286,0.11579576
0.047379304,0.022611769,0.05902806,0.18963157
0.22060236,0.19273981,0.29317,0.66635007
0.15788978,0.34517652,0.36355597,0.31257042
0.10831617,0.35321108,0.33790156,0.09841257
0.10964504,0.32634422,0.32641813,0.0854743
0.08798485,0.20612977,0.2471494,0.078095235
0.16108336,0.2590319,0.3436845,0.22128771
0.13060278,0.2576641,0.33833304,0.12499944
0.13551871,0.25885648,0.35549328,0.12722388
0.14050825,0.27128828,0.38066384,0.12389969
0.123797886,0.24127646,0.35864577,0.10029645
0.14160134,0.2562272,0.3819195,0.13130943
0.15748064,0.3280473,0.4352405,0.12434811
0.1430695,0.40962148,0.46014684,0.07405512
0.11940654,0.47521782,0.45752567,0.045360472
0.09557698,0.5085763,0.41815683,0.032846652
0.08872563,0.54045206,0.39056188,0.033239365
0.060158808,0.40572235,0.26833245,0.024348848
0.110771164,0.42403102,0.33176592,0.09059039
0.107493185,0.45487753,0.34271944,0.06236522
0.10652255,0.5035783,0.3546507,0.05202079
0.08753269,0.49768755,0.3164561,0.036135316
0.091294505,0.51553935,0.30568135,0.04370175
0.07441182,0.43267858,0.24786322,0.035960317
0.06759065,0.26393497,0.18003646,0.05420401
0.035724077,0.035772085,0.059309117,0.076993704
0.29621917,0.30675784,0.39746055,0.6757276
0.13633217,0.4430417,0.38544127,0.11629391
0.11174573,0.50746435,0.38886946,0.05001687
0.0928108,0.52821815,0.3619251,0.03437686
0.082633175,0.5081637,0.32328388,0.033296637
0.08557459,0.47867838,0.30526125,0.041967377
0.1033041,0.5073485,0.3386839,0.05564954
0.09400717,0.5107721,0.33525226,0.04077754
0.09172926,0.52325857,0.32696787,0.04013756
0.091085784,0.5416938,0.32389936,0.039164465
0.07923369,0.5038522,0.28664836,0.033247128
0.09860804,0.54127234,0.31659552,0.050737616
0.09224058,0.5786704,0.3170294,0.036632355
0.08215713,0.59428394,0.29577562,0.029333923
0.07379383,0.5743608,0.25951618,0.02759637
0.088974714,0.62769145,0.2817016,0.03788183
0.06829707,0.59007394,0.23318663,0.022875374
0.08010668,0.5785383,0.24491945,0.036143012
0.08681118,0.5997801,0.26335245,0.037301976
0.082370065,0.60833204,0.26486135,0.031026525
0.08787791,0.65610105,0.2890499,0.031982463
0.07691233,0.68231755,0.27958548,0.02242868
0.07365696,0.7144282,0.27361748,0.02090848
0.0684268,0.73405415,0.260227,0.018033521
0.06718653,0.7567408,0.2536009,0.017350148
0.059031025,0.7369932,0.22337888,0.014694643
0.05774138,0.69116664,0.19902766,0.017151646
0.061444078,0.63514566,0.18801741,0.022470418
0.07641558,0.63219184,0.21423997,0.032825906
0.07735433,0.6281571,0.22576578,0.029939318
0.07713023,0.62166464,0.2314961,0.029405365
0.07439054,0.5969651,0.22560707,0.02901063
0.082691275,0.60400623,0.24346727,0.035373595
0.06895908,0.5297803,0.2100002,0.028107116
0.094963625,0.55434376,0.2549149,0.053022217
0.102644,0.633954,0.30229905,0.04301529
0.068132035,0.5805005,0.24261296,0.020277547
0.07064747,0.5073367,0.21876425,0.03329544
0.11259841,0.5973878,0.30479512,0.06497779
0.07084041,0.5274161,0.24278396,0.023665525
0.09945587,0.5735016,0.2937088,0.051977847
0.09274955,0.6184895,0.31047878,0.034189124
0.039784208,0.31503147,0.14484628,0.01505703
0.10660596,0.25821343,0.20932937,0.15707168
0.17432609,0.39953366,0.3576104,0.21857119
0.11861607,0.45573857,0.35737237,0.063246444
0.08997359,0.41335395,0.30881712,0.042053483
0.11087704,0.4443784,0.33926097,0.07055053
0.09928223,0.44462982,0.32715526,0.051821027
0.0771679,0.33180657,0.25322866,0.04519797
0.12094477,0.34619775,0.30515105,0.118071005
0.139624,0.43741032,0.37761766,0.104123734
0.10992953,0.47210696,0.37528232,0.04890981
0.096403345,0.47680554,0.35821092,0.04172172
0.10032543,0.51631665,0.3660629,0.046264887
0.07454542,0.43643266,0.29412326,0.03139858
0.11395459,0.49869102,0.35530463,0.07326359
0.09349141,0.508479,0.33829322,0.039237633
0.102962054,0.5756779,0.36902583,0.04407478
0.07597297,0.57278305,0.30565998,0.024196127
0.083015956,0.59765875,0.3007504,0.03323128
0.06928186,0.5399092,0.2520849,0.02625959
0.088604435,0.5479221,0.27374685,0.04547655
0.088417344,0.5604944,0.27867818,0.03911275
0.08569749,0.56644714,0.2765525,0.03572595
0.0884116,0.5952118,0.2861587,0.036170915
0.073470324,0.5644939,0.24796909,0.027202955
0.076346934,0.5214818,0.23313227,0.036141295
0.105035044,0.5915894,0.29531744,0.055381563
0.0860097,0.6150837,0.2886601,0.029083129
0.07109957,0.5734127,0.24985932,0.02482493
0.07179855,0.5028058,0.22486721,0.033944618
0.09792749,0.5262876,0.26724467,0.058211423
0.09088893,0.5255747,0.27022392,0.042475495
0.09005868,0.520654,0.2735982,0.042548206
0.09280214,0.5263708,0.2849535,0.04445536
0.08933303,0.519792,0.28350225,0.04102768
0.099470824,0.56480765,0.3137329,0.046248764
0.07441217,0.5085041,0.2610256,0.028381655
0.09389864,0.5224733,0.28456047,0.050888248
0.09639296,0.5553324,0.30321285,0.04426996
0.08360308,0.54483867,0.2840737,0.03317877
0.08220104,0.5188477,0.27033314,0.037226416
0.091844514,0.52682954,0.28401637,0.04620858
0.09335332,0.55016065,0.2947294,0.042529758
0.08724929,0.55451363,0.29019296,0.03600125
0.07926909,0.5142889,0.2663908,0.03416438
0.098341085,0.5520806,0.30124927,0.050391406
0.084340505,0.5482194,0.2818815,0.03377149
0.08953407,0.5697849,0.29111117,0.03899357
0.07273559,0.5055526,0.24554883,0.029775308
0.09739512,0.5313527,0.28261846,0.054905687
0.102814086,0.60092163,0.320312,0.044480648
0.08722152,0.6476191,0.31694788,0.026938826
0.07151116,0.64213717,0.28138846,0.020838281
0.06032474,0.55546695,0.22086039,0.021611227
0.08961954,0.58113915,0.2610319,0.047452133
0.07533728,0.53187245,0.23564182,0.031402234
0.06572776,0.38284898,0.18583621,0.037488077
0.13560987,0.4681776,0.303246,0.12535542
0.106342115,0.5012371,0.3098861,0.05119647
0.08857369,0.4726215,0.28416526,0.03984828
0.049971696,0.20853585,0.14727499,0.033141676
0.15643714,0.26486248,0.28126386,0.27243325
0.15562768,0.3768664,0.36445954,0.17094907
0.11987185,0.42357945,0.368775,0.06927977
0.11174509,0.46572182,0.3777446,0.055049066
0.09654777,0.47549284,0.3554619,0.04242522
0.07924191,0.4009967,0.29127538,0.03920593
0.11488973,0.4371796,0.3419484,0.08305305
0.10040431,0.4246203,0.33441806,0.054360457
0.11649069,0.4732842,0.38138044,0.066114254
0.08953718,0.44374976,0.33841962,0.038845584
0.10753748,0.48508158,0.368346,0.059099596
0.10042909,0.52905697,0.37136933,0.042845957
0.079997204,0.50955796,0.31519526,0.030463843
0.089751944,0.51780427,0.3144558,0.043650586
0.091965586,0.5395953,0.3160542,0.041753877
0.08763547,0.55779123,0.30485082,0.03615827
0.07364904,0.5176028,0.25178075,0.030208997
0.090454645,0.52020466,0.26938507,0.048882015
0.07914233,0.4549383,0.23905206,0.04002414
0.1129122,0.5085546,0.30284128,0.07306843
0.10294627,0.55680233,0.32245913,0.04436917
0.08518515,0.55718434,0.30038655,0.03110279
0.08214917,0.5526784,0.2828071,0.033826806
0.07537167,0.4977079,0.24867214,0.034136582
0.09304251,0.49663523,0.26886308,0.05387415
0.0958066,0.50227123,0.28243682,0.050248783
0.083051205,0.4445146,0.25343233,0.042179614
0.107492134,0.46716875,0.2954565,0.07022777
0.094022274,0.43980777,0.28353363,0.05028735
0.08524436,0.353921,0.24855821,0.0547058
0.12056019,0.37100172,0.30187568,0.10728517
0.13735697,0.46553555,0.37542138,0.093049675
0.06306469,0.27651218,0.22355789,0.028850518
0.12458533,0.27606487,0.28402975,0.15886028
0.158201,0.38810253,0.38402915,0.15838842
0.09388051,0.3301355,0.3076886,0.05139624
0.11065604,0.30691153,0.31285548,0.094506845
0.15456253,0.41787022,0.4164289,0.12893893
0.101173036,0.40087315,0.37000278,0.044911426
0.12299662,0.47175792,0.4220645,0.06868627
0.08484719,0.4246681,0.35224998,0.033906564
0.10360986,0.44119442,0.36691612,0.061353143
0.11095957,0.49885368,0.39687297,0.056290824
0.075232,0.41904682,0.30878094,0.030491952
0.09783195,0.40162703,0.31485307,0.06744771
0.10218192,0.3891211,0.3135196,0.06901641
0.09769285,0.3503473,0.29008856,0.067932546
0.12518339,0.39271775,0.33940756,0.09966068
0.09533988,0.33754477,0.2942162,0.05913801
0.119852014,0.35943174,0.32270917,0.09915851
0.11610661,0.375498,0.3328424,0.08126519
0.12303524,0.42675558,0.3671257,0.07790188
0.08938852,0.37034756,0.30437544,0.045871988
0.11346144,0.38656607,0.33013445,0.08481648
0.108822644,0.38823357,0.33252078,0.07053603
0.12706909,0.46378645,0.38812226,0.07826758
0.084575824,0.39834902,0.31760895,0.036674008
0.08689908,0.31112504,0.27715594,0.063153386
0.11331261,0.28749833,0.29849702,0.115200534
0.045405965,0.062084537,0.11195514,0.060829196
0.18665652,0.1553012,0.27658817,0.48121727
0.1384905,0.20005235,0.30128813,0.27938747
0.13416988,0.21566683,0.32822195,0.20692255
0.16787553,0.3037178,0.42416218,0.19699462
0.13218237,0.32699752,0.42680174,0.08722858
0.12649238,0.3471439,0.43355367,0.075345635
0.11130515,0.3312045,0.40785274,0.063663706
0.10699032,0.2967601,0.37779447,0.07287375
0.12164469,0.2970933,0.38880795,0.09902459
0.13950445,0.36165538,0.43518993,0.10343009
0.12744616,0.4286182,0.4539047,0.06487696
0.10033012,0.44026333,0.41177756,0.040631123
0.094257735,0.4399056,0.37556782,0.04460762
0.10390066,0.493319,0.37566152,0.052778546
0.10009361,0.564504,0.37375918,0.04050422
0.07655031,0.55513823,0.31295377,0.025554672
0.078084245,0.5540868,0.2799111,0.032906592
0.09481069,0.60899884,0.31533885,0.041796397
0.073671855,0.59624505,0.2708693,0.024041025
0.084940426,0.6397869,0.2851425,0.033169538
0.07105219,0.6209147,0.25379983,0.023064993
0.088389225,0.6899913,0.29205456,0.032785933
0.06250743,0.64654714,0.2364386,0.016766565
0.051203102,0.47832754,0.16481021,0.021196235
0.113668144,0.55543196,0.26752308,0.08544027
0.097651504,0.61230123,0.28777733,0.03849193
0.07835425,0.60870737,0.26457232,0.025506135
0.07660885,0.59656656,0.25379556,0.029101763
0.07387479,0.5561826,0.23578769,0.030763416
0.0678331,0.44195992,0.1974987,0.035227127
0.09866105,0.4149966,0.23751257,0.07839029
0.1153403,0.4412414,0.2874606,0.08293264
0.10397677,0.4398073,0.29316783,0.0588678
0.11258767,0.48328647,0.3269593,0.063200064
0.08555335,0.42952287,0.2814215,0.03994013
0.09226161,0.37758675,0.27002126,0.06214772
0.13285771,0.46019238,0.35393348,0.10021464
0.09929444,0.46245372,0.33185837,0.044627387
0.09526899,0.4493113,0.32132939,0.04856346
0.056327704,0.22175491,0.18366028,0.036504228
0.07054223,0.08507425,0.13047132,0.1445296
0.2364244,0.28075644,0.37379616,0.5148552
0.15281077,0.42743284,0.4247402,0.14640012
0.10446189,0.4334117,0.39249098,0.046682496
0.09862457,0.41768804,0.3718602,0.04939529
0.08705502,0.34361655,0.315387,0.05104763
0.10385886,0.3081128,0.30731153,0.0882329
0.13607799,0.3636931,0.3686546,0.120401755
0.111494824,0.35977408,0.3540257,0.06917744
0.13645871,0.44764152,0.42180085,0.08671097
0.1007338,0.45459604,0.39064276,0.040366292
0.091558814,0.43678376,0.3547329,0.04315552
0.10238283,0.46384695,0.35958534,0.05615654
0.09491649,0.46569517,0.3421979,0.046122212
0.09362028,0.46350777,0.32588446,0.0475704
0.100701034,0.49473223,0.333585,0.0523634
0.08816142,0.49260607,0.3003479,0.039957307
0.08756579,0.47503084,0.28139985,0.044784013
0.10018012,0.48969707,0.30526456,0.056130357
0.09898573,0.5112814,0.31667605,0.04801994
0.08980977,0.50338465,0.3036295,0.040096905
0.101623684,0.55662155,0.3325,0.047927424
0.078940496,0.5353107,0.2865106,0.029168798
0.08994556,0.5621165,0.29506838,0.041408546
0.08660936,0.58243066,0.29257452,0.034664538
0.088481046,0.6289837,0.30353308,0.032985177
0.06787077,0.57940996,0.25220758,0.022103032
0.08472918,0.595549,0.2723288,0.038054362
0.075151354,0.5640663,0.24904773,0.029422484
0.080962576,0.54157037,0.24870291,0.037844293
0.085707,0.52599865,0.25432166,0.042158764
0.07945764,0.4613857,0.23298436,0.04094007
0.09559516,0.43528548,0.2530654,0.06378363
0.12267992,0.5135238,0.3245348,0.07759308
0.098362796,0.54710877,0.32000238,0.0384334
0.08158742,0.52376133,0.28566793,0.031752724
0.08144804,0.48324773,0.26461166,0.040102422
0.074290425,0.36792806,0.21842921,0.04587773
0.09039097,0.27026665,0.21328893,0.091228515
0.10429802,0.20216371,0.21756384,0.14172368
0.12846667,0.19807392,0.25528812,0.20619428
0.1410203,0.23140769,0.3029951,0.20996447
0.11602373,0.20326443,0.28411633,0.14632523
0.13439064,0.20663808,0.31331334,0.18481064
0.15340522,0.25272223,0.37494963,0.18762873
0.13702072,0.2659549,0.39100993,0.12367506
0.13136312,0.2643004,0.39939237,0.10739113
0.13134405,0.26433617,0.41000727,0.10615562
0.1293331,0.2649094,0.4141428,0.10246286
0.13052012,0.27220395,0.4239297,0.10252975
0.14274131,0.3165771,0.47014308,0.104671806
0.12796323,0.34304792,0.47626415,0.071500234
0.12134842,0.3819157,0.47403517,0.062202007
0.09779819,0.36680943,0.40992218,0.046738315
0.10187768,0.3672361,0.37617433,0.06288331
0.10395831,0.3669139,0.353833,0.06822408
0.1334435,0.47562885,0.41799137,0.08532281
0.10365932,0.53857195,0.40369233,0.0373787
0.076282166,0.5095377,0.32943767,0.026077151
0.09628964,0.57434464,0.34677082,0.044903006
0.079756424,0.5848865,0.31003466,0.0275659
0.084421106,0.6254745,0.3098734,0.03143409
0.07674147,0.6474864,0.2895331,0.024620496
0.07082453,0.6458166,0.26209867,0.022815078
0.06848468,0.62171113,0.2367464,0.024214998
0.07798651,0.63409305,0.24612093,0.030967593
0.082015514,0.6740055,0.2628932,0.02893898
0.06976709,0.66510606,0.2414345,0.0209085
0.06205786,0.5946778,0.20549893,0.021850482
0.08598188,0.62068754,0.24618852,0.04045667
0.08060127,0.63494015,0.25077575,0.02923535
0.06742945,0.5798927,0.21661016,0.02423697
0.08330556,0.5842479,0.23870672,0.039539266
0.087338574,0.60746723,0.25929806,0.03660722
0.0734818,0.56318015,0.23423398,0.027742498
0.095284864,0.61621886,0.28046596,0.0441576
0.067983925,0.5456301,0.22823969,0.023631707
0.081606194,0.5090855,0.2354572,0.043569632
0.09940287,0.53583556,0.27605858,0.054764654
0.10042453,0.5881967,0.30749828,0.043034084
0.07784834,0.5637181,0.27305394,0.026880344
0.091393754,0.6068288,0.2984612,0.039004818
0.07971871,0.61594,0.28331363,0.027151791
0.07669869,0.6129967,0.2712935,0.027492987
0.07467113,0.59294033,0.25652528,0.02837485
0.0754605,0.5640088,0.24342869,0.03184292
0.085567504,0.56712383,0.25857234,0.03993894
0.09021556,0.5941478,0.27921033,0.03838267
0.073330544,0.5468637,0.24328636,0.027708435
0.086680755,0.5448183,0.25849205,0.043073956
0.08651172,0.534875,0.26175424,0.040353116
0.09277583,0.55416524,0.28004128,0.043537892
0.08276888,0.5319033,0.26476824,0.035073522
0.09516745,0.5667211,0.29094326,0.045095302
0.07743394,0.53017986,0.2560553,0.03074489
0.09635363,0.57044977,0.29061037,0.047580045
0.07629235,0.522921,0.25386027,0.030145252
0.09662045,0.5557345,0.2893187,0.049606565
0.09243596,0.590225,0.30173522,0.036971603
0.08046905,0.5865894,0.28410277,0.028708288
0.0698901,0.51549596,0.2408106,0.028561056
0.10024358,0.5617954,0.2921995,0.055526685
0.074286975,0.49600324,0.24411894,0.030177858
0.08645889,0.45278725,0.24653123,0.051775225
0.10961298,0.48714188,0.29633087,0.07005714
0.101189,0.5121129,0.30744523,0.0484311
0.09333326,0.52230984,0.30353573,0.0410086
0.09404355,0.54885167,0.310862,0.041322645
0.08128733,0.52555466,0.2823683,0.03311718
0.09755154,0.5746364,0.31344667,0.046037983
0.085838206,0.5966219,0.30465347,0.030868374
0.07624023,0.5832217,0.2766474,0.02742936
0.08242207,0.59401125,0.27927732,0.033801783
0.08496881,0.6259343,0.2879035,0.032202475
0.06272133,0.5335018,0.22328469,0.022074573
0.09358055,0.55470407,0.26853445,0.052595448
0.0789718,0.5046345,0.24538541,0.035119355
0.096921556,0.5227069,0.27617836,0.053369276
0.09113424,0.5220525,0.27769402,0.042370584
0.09857401,0.56658816,0.30318904,0.04527299
0.07963511,0.5459514,0.27000916,0.030109486
0.08408958,0.53499776,0.2665959,0.039036542
0.09179623,0.5539831,0.28311902,0.043373954
0.07754031,0.503972,0.25074944,0.03340903
0.09413521,0.50820476,0.27402028,0.052332666
0.0891591,0.48833528,0.2684957,0.04478022
0.103737324,0.5262595,0.30490085,0.055271316
0.10160127,0.5837509,0.3311264,0.041856144
0.08862556,0.6269445,0.32871523,0.028719913
0.07098212,0.6051053,0.28350958,0.021898428
0.06658352,0.53246313,0.23958924,0.026978094
0.08315792,0.505813,0.24686402,0.046129946
0.0863975,0.4681817,0.24607068,0.048672184
0.11148023,0.5260137,0.30318832,0.066367134
0.037575185,0.18147032,0.11374011,0.019615576
0.22132781,0.37529212,0.367988,0.3892129
0.122916766,0.4577378,0.36149508,0.07583778
0.10364287,0.48699248,0.3547093,0.046154156
0.09133221,0.48375785,0.32913372,0.040222567
0.081666365,0.425501,0.2835759,0.0416283
0.10748194,0.45116895,0.3165909,0.07198658
0.0897199,0.40516472,0.28243887,0.049710322
0.122174814,0.4714085,0.34442976,0.08264729
0.102900356,0.50123364,0.34318167,0.04585424
0.09406696,0.51005924,0.33568287,0.040228646
0.0930846,0.5191073,0.3376797,0.041125365
0.07352947,0.42514923,0.27423567,0.03350515
0.107611805,0.4486636,0.31591582,0.075907655
0.10976557,0.4987914,0.3419621,0.05878394
0.09765251,0.5318247,0.33752325,0.04077793
0.083889835,0.5190471,0.30547687,0.033685323
0.08760485,0.5367151,0.29175234,0.040372394
0.08128663,0.5006658,0.26978186,0.037243217
0.081118956,0.4347076,0.24730532,0.045409136
0.113639206,0.47686234,0.3067216,0.07812845
0.10722692,0.5245663,0.3299242,0.051370963
0.090045504,0.53287786,0.31028116,0.03553952
0.09013398,0.5526021,0.30866957,0.038344942
0.07892146,0.52508444,0.27478513,0.03247956
0.0962961,0.56639993,0.30490538,0.046868354
0.087776445,0.5896553,0.30311662,0.033195518
0.073105365,0.5449918,0.26225364,0.027252156
0.08712913,0.54924035,0.27575818,0.042413976
0.092399575,0.58785456,0.293373,0.040118095
0.08251016,0.5988797,0.2820878,0.029931627
0.06845421,0.526467,0.23512563,0.026608098
0.089136764,0.5191934,0.25932983,0.04970459
0.10198158,0.57076836,0.30086088,0.050067283
0.081795745,0.55760455,0.2757707,0.030200725
0.08571198,0.5653622,0.27735922,0.03705354
0.0855486,0.5808361,0.27712965,0.035394914
0.08213425,0.5839463,0.27060816,0.032477368
0.08317171,0.5925134,0.27254802,0.033368133
0.085233815,0.6192287,0.2823498,0.0326814
0.07708939,0.6192004,0.2681175,0.026604602
0.075863816,0.61463493,0.25770763,0.027896442
0.07419377,0.5916089,0.24450679,0.028751774
0.08913762,0.63443553,0.2781778,0.037262205
0.076148465,0.63685113,0.2623335,0.024667788
0.08616382,0.7032367,0.29206774,0.029034404
0.07126216,0.7276828,0.27461693,0.017724833
0.0667863,0.7444931,0.26013663,0.016992358
0.057221007,0.70846164,0.21790084,0.01487071
0.059819795,0.66110265,0.1978862,0.019960495
0.06940989,0.63597476,0.20608072,0.027471073
0.057422295,0.49487826,0.16391249,0.024773223
0.07275477,0.36039752,0.16573592,0.056943983
0.1487135,0.4687317,0.3049668,0.14855413
0.094269596,0.4400932,0.26969528,0.045122586
0.0766142,0.3071711,0.21121313,0.05075136
0.108934954,0.25876012,0.2381452,0.12884745
0.16687775,0.37536484,0.3620516,0.19059074
0.12859987,0.45183632,0.3825752,0.07169997
0.10243822,0.4717937,0.36233363,0.043217007
0.09575662,0.4824504,0.34763965,0.043644395
0.09166825,0.4796585,0.33047643,0.043495085
0.08727741,0.44428605,0.3049305,0.044860538
0.1122217,0.49183425,0.3562,0.066578716
0.09021806,0.46182087,0.33251858,0.039649878
0.10084832,0.46910268,0.3520029,0.053887777
0.08323268,0.4029433,0.3021145,0.0421163
0.11289585,0.43683177,0.342659,0.07819385
0.10326449,0.46052852,0.33619797,0.05420047
0.10657987,0.51776737,0.3513659,0.0517399
0.08511721,0.5006691,0.31240833,0.034002177
0.10081177,0.5612995,0.33799735,0.047837023
0.07115422,0.50282705,0.26291335,0.026250957
0.08211573,0.4594062,0.24918145,0.047162943
0.10725084,0.49652767,0.29611564,0.0678345
0.11320477,0.58549917,0.3468403,0.051532514
0.07315671,0.533683,0.27887323,0.022837976
0.0922208,0.5626198,0.30220696,0.044435736
0.07622902,0.51811904,0.26366004,0.031011255
0.09652753,0.5544353,0.29567656,0.049603805
0.08319703,0.53993607,0.27700424,0.033957064
0.09575107,0.58566684,0.30557704,0.043027274
0.06201395,0.45750272,0.21801588,0.023631616
0.04083301,0.14403908,0.09892547,0.038270406
0.23158911,0.33940074,0.35981283,0.4487785
0.13295168,0.44833213,0.37082115,0.0984198
0.092345044,0.41719028,0.3195388,0.042671293
0.08772227,0.3452643,0.27774182,0.056826223
0.09745386,0.277847,0.2612956,0.08984604
0.13877527,0.32210147,0.32990003,0.1505173
0.1048466,0.277207,0.2909316,0.08508954
0.13421822,0.30506057,0.33868706,0.13420205
0.116959766,0.28836825,0.33015022,0.096603535
0.118445545,0.2664998,0.33038452,0.10723488
0.10897156,0.21092896,0.30029106,0.110316746
0.14444615,0.23605703,0.3549352,0.17877135
0.14950457,0.28272122,0.4069779,0.14711243
0.1455969,0.335124,0.45190424,0.10392317
0.10917348,0.2968774,0.4057158,0.060529508
0.11941627,0.29556215,0.4031286,0.08920771
0.12255157,0.32091445,0.4016929,0.090600125
0.11436779,0.30681926,0.3946503,0.07964731
0.12293491,0.319002,0.4098967,0.09115731
0.117813446,0.3263609,0.40447065,0.079976186
0.11825408,0.3467341,0.40259486,0.07881727
0.120821275,0.3917144,0.41400754,0.0742571
0.10967786,0.41850898,0.4051058,0.056580607
0.101622984,0.4372062,0.38317066,0.050399072
0.100096405,0.45782042,0.37170398,0.050222334
0.0884194,0.43512255,0.32776457,0.04351339
0.102826096,0.4622769,0.33767298,0.060041822
0.09116572,0.44777304,0.30696255,0.046363853
0.11391167,0.5213198,0.35451433,0.06359592
0.09000963,0.53220683,0.32842806,0.034139156
0.07990493,0.49450076,0.2909757,0.034188643
0.108428486,0.5792373,0.34623727,0.055557333
0.071833774,0.5272049,0.27463526,0.023888513
0.07789981,0.473975,0.25098062,0.040597934
0.10331368,0.5092278,0.29235628,0.0629519
0.09122984,0.5058142,0.28342545,0.04244583
0.094906,0.5206104,0.29300192,0.04628012
0.08601089,0.49893388,0.2751871,0.0395771
0.09516454,0.50828236,0.28993022,0.049649384
0.09465333,0.52074426,0.29759902,0.045135453
0.088841006,0.51363105,0.28896996,0.040326867
0.08578965,0.48539832,0.27439356,0.04196337
0.097156785,0.49718252,0.2918306,0.053303372
0.10006399,0.5308241,0.31088307,0.048530813
0.07435011,0.448604,0.25014412,0.03234904
0.112576395,0.5009501,0.31379065,0.07441993
0.06568318,0.33809328,0.21257395,0.032357134
0.14501971,0.43187067,0.33629015,0.14568014
0.07010574,0.26856688,0.21595101,0.040408712
0.06397743,0.094248086,0.13216338,0.102910005
0.17987397,0.18560576,0.28157783,0.42529616
0.19250393,0.37999877,0.42469332,0.29406774
0.113082774,0.41973332,0.39505646,0.06303362
0.1020224,0.4134076,0.3750092,0.05202577
0.10416598,0.41369367,0.37027922,0.058185764
0.09331726,0.3628866,0.33171645,0.05401701
0.12847959,0.421338,0.3959767,0.09228933
0.105988935,0.42975998,0.38465628,0.05146989
0.09592832,0.40492177,0.35650226,0.04935898
0.09504568,0.36225644,0.3295306,0.059359495
0.12076117,0.39895,0.37082082,0.088099405
0.11580739,0.4502715,0.38338885,0.06329627
0.09944575,0.46582055,0.36135224,0.04487643
0.08544337,0.43376553,0.30655846,0.04124516
0.10865031,0.47804898,0.33860764,0.066078685
0.093362525,0.48789504,0.31298527,0.04324496
0.083185,0.44507283,0.27190366,0.0418234
0.11534498,0.51097596,0.3337193,0.071629606
0.092519194,0.51896477,0.31608924,0.037859183
0.09221367,0.5349255,0.31644478,0.040441982
0.07098374,0.43907857,0.24951746,0.03159719
0.11916002,0.51761913,0.3307037,0.08175488
0.091819026,0.52901405,0.31009173,0.036737002
0.09083935,0.5443481,0.30946755,0.038929023
0.07768134,0.49597186,0.2705292,0.033178523
0.10262873,0.54718995,0.31302398,0.055468667
0.08007307,0.5165606,0.27335966,0.031940863
0.08760831,0.5030869,0.27334857,0.044724353
0.096590005,0.5207657,0.2936749,0.049772643
0.055923305,0.3046017,0.17716514,0.028831115
0.16209312,0.42861164,0.33838484,0.19301835
0.12002656,0.5061426,0.35818443,0.06040454
0.09643058,0.5317826,0.34277132,0.036137022
0.09356639,0.5765702,0.343049,0.03612611
0.07770607,0.5658093,0.30388206,0.027169473
0.08516652,0.588715,0.30610463,0.035028595
0.073203444,0.55076003,0.2668298,0.02778792
0.08643998,0.56428486,0.27704436,0.040678836
0.08177406,0.5499246,0.26627436,0.03478097
0.08341725,0.52934635,0.26284808,0.038629446
0.085374326,0.50189173,0.26062554,0.04258649
0.06932828,0.36103392,0.20206968,0.040271852
0.13725549,0.43662372,0.31379202,0.13142899
0.106085874,0.44908717,0.3101163,0.0566233
0.10775824,0.48232174,0.3285628,0.056481443
0.091039576,0.4639262,0.30189362,0.042375043
0.099360295,0.48537624,0.30884036,0.053818084
0.0994334,0.51275647,0.31898844,0.048430536
0.08266467,0.46973377,0.2813898,0.037174217
0.10372023,0.50246716,0.3162455,0.059377242
0.08423792,0.45509374,0.2812307,0.039422072
0.109637156,0.4999898,0.32896307,0.06514191
0.07660137,0.4059439,0.26206243,0.03549587
0.119957745,0.45898324,0.33185294,0.08862665
0.105471514,0.48963606,0.34024748,0.051366393
0.094539404,0.4945801,0.32858512,0.04198392
0.083759815,0.4512164,0.2912813,0.040167168
0.10185071,0.46951544,0.31246176,0.061311077
0.052230798,0.22760803,0.16246146,0.03157863
0.13428588,0.23418507,0.25311252,0.22590472
0.12850855,0.24669304,0.28151375,0.17738226
0.14287679,0.29842538,0.33831584,0.16551445
0.14268693,0.3729943,0.39034098,0.115491234
0.091917954,0.29384696,0.30899858,0.05337954
0.1415009,0.35344574,0.385638,0.1300845
0.1224745,0.38767383,0.39538136,0.07428518
0.11555631,0.4156797,0.4044219,0.061750866
0.09540817,0.38054815,0.3618358,0.04834388
0.111640655,0.3938045,0.38113126,0.072651595
0.11701886,0.4435429,0.40684962,0.06610658
0.087792814,0.3904781,0.3475708,0.04091137
0.10076975,0.36484358,0.34365216,0.06851175
0.1195704,0.40280622,0.378476,0.08344564
0.118393525,0.4702811,0.4010249,0.06254528
0.09819847,0.5011817,0.37701723,0.039351095
0.086903684,0.51544213,0.33396655,0.035392947
0.087222055,0.5216857,0.31726173,0.039043576
0.09355588,0.5656549,0.32388,0.041369297
0.07843732,0.54961085,0.28637743,0.029573144
0.08475126,0.5531197,0.28408426,0.03798253
0.087163635,0.57458895,0.28507754,0.03736106
0.04400508,0.29550493,0.14298062,0.02062537
0.088670336,0.17814593,0.16445154,0.14597729
0.20039202,0.33797216,0.35602102,0.3407487
0.12735793,0.41051188,0.3603808,0.09240935
0.113901205,0.45325235,0.36886448,0.059487276
0.09067311,0.4197373,0.32346302,0.042870592
0.092830904,0.37805334,0.2984704,0.058867857
0.1101764,0.38369432,0.31709006,0.08223019
0.09821858,0.33756232,0.29067087,0.068298765
0.122833945,0.35779262,0.33151385,0.10310875
0.12942006,0.41429698,0.3776885,0.0875296
0.11901193,0.4714559,0.40234986,0.058161143
0.09132032,0.44949332,0.36003911,0.037191052
0.09951324,0.45689237,0.36473957,0.052326735
0.09733524,0.461371,0.35783932,0.04868161
0.08578521,0.4133226,0.31324872,0.04404754
0.10468006,0.42293662,0.32872403,0.069050044
0.10299398,0.4430339,0.32172403,0.05945214
0.08920307,0.3958199,0.28323436,0.05025927
0.12414271,0.46095148,0.35030758,0.08698718
0.10247246,0.48316425,0.34353656,0.046896435
0.09333546,0.47982198,0.32783455,0.042739253
0.082209155,0.42020458,0.28218356,0.0421942
0.109280795,0.4518598,0.3179483,0.074003525
0.1037135,0.47728345,0.32436737,0.0545706
0.10278211,0.520279,0.33524027,0.048401084
0.09047606,0.53374535,0.31899014,0.036724832
0.084503114,0.5232324,0.2986012,0.036026783
0.081132464,0.4785408,0.2738392,0.039139744
0.0941203,0.46775323,0.2858383,0.05502912
0.09840387,0.468356,0.29712686,0.055350117
0.10725592,0.5122654,0.32915476,0.056315552
0.08910109,0.5058114,0.30469915,0.03742349
0.09263882,0.51670104,0.30588722,0.044103034
0.091669105,0.52972376,0.3049699,0.041681126
0.08346672,0.50941235,0.28051433,0.037002675
0.099394776,0.5524683,0.31198946,0.04946817
0.0840194,0.5439308,0.29070458,0.03297209
0.09338034,0.58483005,0.31054562,0.040406406
0.08029567,0.58863676,0.28681853,0.02863008
0.081579715,0.60152054,0.28220734,0.031486496
0.07859393,0.60184735,0.2714884,0.029427731
0.079922765,0.6061414,0.27006498,0.030811174
0.07397167,0.57394135,0.24916276,0.028550904
0.08316649,0.5734207,0.25882885,0.037431106
0.085905515,0.5893347,0.26798263,0.036230765
0.07923073,0.57843983,0.25542456,0.031033093
0.082097106,0.57608026,0.2568385,0.034952153
0.065307915,0.45730025,0.20254473,0.029518465
0.10721199,0.48354673,0.26779062,0.07853096
0.100680076,0.498387,0.28392404,0.05290743
0.086625256,0.45387346,0.26108122,0.042950854
0.102822006,0.46362707,0.28796458,0.06344571
0.10258883,0.479078,0.3029707,0.055566818
0.10075849,0.50014925,0.31388903,0.04981093
0.08807985,0.47425342,0.29094076,0.040983524
0.10963918,0.53764755,0.33911332,0.05847461
0.08947625,0.5511364,0.32172728,0.033458114
0.079860866,0.5245664,0.29078,0.032305934
0.101402216,0.592557,0.33532268,0.04751535
0.07519995,0.5672403,0.2881619,0.024750326
0.08636858,0.5913984,0.29909986,0.036555205
0.07668527,0.5706245,0.27447733,0.028797751
0.08121281,0.5602631,0.27089113,0.035279103
0.08829287,0.5809054,0.28470978,0.038591746
0.08089593,0.5825346,0.26964214,0.031219361
0.077186935,0.5575384,0.2518163,0.03179808
0.089862935,0.5836843,0.27484038,0.041273084
0.07522303,0.54453087,0.24375565,0.029707646
0.088935904,0.5551131,0.2632318,0.043766182
0.08107612,0.5249551,0.24867944,0.036104616
0.09758865,0.56153476,0.2844125,0.049032122
0.0912689,0.5958943,0.29289848,0.03565399
0.08827343,0.64282864,0.30369484,0.03056659
0.06789759,0.60383356,0.25539717,0.020888118
0.07719884,0.598856,0.25517672,0.032003887
0.08428009,0.62313044,0.27161318,0.033768043
0.07523339,0.61001194,0.25538337,0.02646493
0.075105324,0.5871562,0.24517448,0.029691434
0.07032184,0.5120514,0.21746165,0.031546965
0.09682329,0.53074104,0.2618908,0.056950793
0.09847516,0.5693934,0.29021084,0.045047976
0.0829286,0.55805373,0.27270645,0.031581532
0.07819443,0.5167415,0.25072882,0.03466872
0.099063605,0.5567105,0.29098082,0.05179061
0.073591396,0.48341963,0.23966274,0.030518385
0.10869462,0.5448454,0.30248412,0.06480785
0.08330218,0.5225423,0.271831,0.033233527
0.09220777,0.5344223,0.28529257,0.044804793
0.08200184,0.49534026,0.26272753,0.037437018
0.11351252,0.5840128,0.3352762,0.060065854
0.08184609,0.58364546,0.3014913,0.025939867
0.08428989,0.6083486,0.30192953,0.03171183
0.08031424,0.62646085,0.29457673,0.027871352
0.079582304,0.6541204,0.29306707,0.026604213
0.06369393,0.5989015,0.2399522,0.020330217
0.08133254,0.6175473,0.25758228,0.035455853
0.08213266,0.64520246,0.26731086,0.030047407
0.08289418,0.6945146,0.2838876,0.026477985
0.06697435,0.6851483,0.25188223,0.017987147
0.06984253,0.69425875,0.24582574,0.021930534
0.06347826,0.6601963,0.21955507,0.01977827
0.07412989,0.6730744,0.23293729,0.027175117
0.073790155,0.686513,0.23805206,0.024055328
0.075524926,0.72133774,0.2503761,0.022942271
0.055424143,0.6420494,0.19454993,0.015437372
0.073700644,0.6365676,0.21511346,0.031422682
0.055136736,0.47727904,0.15988639,0.023208385
0.097103804,0.46173164,0.22136715,0.07630186
0.101671204,0.45659778,0.2514639,0.065766804
0.1208837,0.5357255,0.3191266,0.06904244
0.099951655,0.5872231,0.32707307,0.03597124
0.08848476,0.6349127,0.3242362,0.028292457
0.070766635,0.6213976,0.27933317,0.021248613
0.069568396,0.5869845,0.24956639,0.026226392
0.078357145,0.571108,0.2506821,0.034958698
0.07553666,0.51687807,0.2335073,0.034784
0.09804932,0.54460096,0.2764106,0.053879853
0.08212021,0.506855,0.2550491,0.036007334
0.10422666,0.55900013,0.30424812,0.05436011
0.06618659,0.43021062,0.2231155,0.026863333
0.13270232,0.54152054,0.34361506,0.09779235
0.096385054,0.5875306,0.33513087,0.032666977
0.079892784,0.5924078,0.3037959,0.02620205
0.07791651,0.60111445,0.28205556,0.028837163
0.06690316,0.53326064,0.23154964,0.026406437
0.08353312,0.50963396,0.24092479,0.04634269
0.09361782,0.5112363,0.26278138,0.05133151
0.07372509,0.39583758,0.21490765,0.03937728
0.08463935,0.27630737,0.2021486,0.07892438
0.16201423,0.37604263,0.33783445,0.19318756
0.12766048,0.44429713,0.36314568,0.076588675
0.11316389,0.5018251,0.37693062,0.05023914
0.09307297,0.5195151,0.35158333,0.035394188
0.09408172,0.56234413,0.3534438,0.038269546
0.07976157,0.55895376,0.315875,0.028737264
0.070778534,0.489602,0.2618654,0.030412933
0.09185066,0.48700255,0.27671704,0.05481721
0.10295866,0.5234629,0.30941373,0.054917127
0.09027345,0.51533306,0.30182144,0.038857788
0.08796159,0.4922024,0.29442862,0.04159934
0.09059607,0.47005895,0.29196417,0.047676906
0.10873915,0.5290572,0.3338402,0.058639683
0.08255155,0.50175333,0.28964108,0.032747842
0.10190267,0.5596459,0.32383424,0.05057508
0.080800764,0.55365115,0.285442,0.029753702
0.07883669,0.5317029,0.26032907,0.034616884
0.07608635,0.4607735,0.23195043,0.039376296
0.1112396,0.5127452,0.29624358,0.07276307
0.10046122,0.5507625,0.31187624,0.043802068
0.09317134,0.58645284,0.31864667,0.03520356
0.072734,0.5353729,0.26932725,0.026066989
0.09336574,0.5673867,0.29947302,0.045837183
0.09132419,0.6164919,0.3111391,0.034757376
0.0771436,0.62404394,0.28566724,0.024702797
0.06700741,0.56869286,0.24135873,0.024195421
0.0710232,0.49085996,0.21811204,0.035584774
0.10102283,0.5168458,0.2685833,0.063567236
0.095297836,0.53260314,0.27992195,0.045057576
0.054617323,0.30785915,0.16682258,0.02761725
0.14956428,0.3895616,0.30531844,0.1846474
0.11807208,0.42663136,0.32177764,0.07675623
0.11124846,0.45653063,0.33666682,0.05994152
0.082337014,0.37459704,0.2717824,0.04211515
0.124813735,0.4337944,0.3374638,0.09742725
0.119430825,0.5139706,0.37371185,0.06027847
0.08526413,0.49060032,0.32240295,0.031388976
0.09171332,0.4891946,0.31855127,0.045749757
0.089043416,0.47015992,0.30243674,0.044848952
0.091604635,0.4449528,0.2945354,0.05122283
0.10953316,0.47893596,0.3349847,0.06515936
0.09276088,0.4563416,0.31730455,0.044090565
0.1019032,0.47262397,0.3325064,0.055557493
0.0946414,0.47294444,0.31921765,0.046500955
0.10616259,0.52734166,0.34887028,0.053139225
0.07445072,0.45224702,0.2758291,0.030024335
0.093124054,0.44002965,0.27640936,0.0598368
0.094160795,0.40407094,0.27044463,0.060843024
0.110638306,0.4165502,0.30091432,0.07829068
0.118147284,0.46962628,0.34055933,0.07052301
0.09482171,0.46202478,0.31342918,0.04332149
0.10160944,0.48342556,0.32575393,0.053529274
0.08730956,0.44433627,0.29494464,0.042721976
0.093111075,0.40830344,0.28697616,0.057896752
0.11676439,0.45363677,0.33475316,0.0784775
0.106514074,0.48920906,0.3440631,0.052170105
0.09152884,0.4824935,0.3198752,0.040453643
0.09533417,0.4907016,0.32121262,0.047692653
0.09311131,0.49273315,0.31538913,0.04503477
0.091669865,0.48673216,0.308037,0.04499705
0.1050741,0.54214525,0.34269443,0.05200728
0.08448337,0.53191525,0.31295797,0.031869166
0.09110306,0.56090486,0.31859216,0.039726637
0.08708346,0.59115887,0.31271794,0.0332706
0.08007755,0.60498446,0.29341504,0.028445669
0.06946243,0.5563962,0.2491788,0.025996244
0.078145005,0.5157927,0.24229859,0.03903262
0.08957108,0.50337183,0.25704113,0.04936067
0.10397032,0.55254877,0.29933786,0.053674523
0.09138195,0.5816787,0.2987349,0.034925066
0.07538171,0.54790884,0.25994045,0.028145876
0.083011776,0.5314651,0.25895175,0.039930154
0.09734569,0.5741983,0.2936039,0.046940796
0.0776274,0.54021174,0.2600285,0.029655192
0.098668575,0.60043186,0.30330473,0.04625178
0.07728307,0.587959,0.27169767,0.026097866
0.088551216,0.636244,0.29430658,0.034862902
0.076692164,0.648788,0.27843308,0.023988903
0.06632884,0.60397464,0.23960358,0.022196187
0.08396255,0.6328543,0.26650563,0.035503253
0.073570795,0.61396056,0.24890117,0.025503015
0.08244919,0.6362693,0.26647434,0.032034393
0.07288808,0.6208783,0.2467564,0.024902623
0.07778354,0.62845933,0.2500025,0.029787643
0.079554774,0.64974874,0.25701177,0.028722974
0.053174146,0.4911329,0.17601149,0.019254219
0.06544821,0.31444305,0.15523267,0.05353523
0.13128026,0.33597565,0.25452057,0.1663753
0.109356225,0.30477536,0.25464776,0.10126132
0.06888011,0.1307835,0.15467659,0.08078676
0.2410765,0.34659144,0.40665478,0.42485833
0.12534715,0.4249193,0.38320056,0.07695695
0.10420839,0.43401948,0.3637919,0.050143387
0.10461972,0.4534654,0.36532477,0.053966492
0.10240117,0.47371867,0.3673379,0.049841676
0.0988059,0.49351555,0.36557752,0.045089968
0.091156095,0.48788813,0.34839377,0.040169124
0.09958268,0.5178716,0.36697793,0.046920862
0.09330826,0.5376072,0.36738563,0.03747345
0.06780951,0.42502418,0.2814107,0.027879696
0.09386327,0.38548455,0.2875343,0.06991338
0.12389858,0.44879216,0.34775725,0.09038822
0.089434035,0.4120483,0.29102165,0.04410361
0.113592274,0.4607299,0.3258753,0.0736109
0.093962826,0.44474256,0.29966694,0.047035757
0.10668944,0.48307648,0.3215247,0.06061513
0.07913234,0.41017577,0.25613958,0.03867379
0.117320046,0.45534655,0.31802705,0.08562544
0.10660336,0.4894764,0.3300046,0.05390222
0.08186324,0.4245835,0.2764338,0.03817975
0.11488161,0.4751164,0.33105144,0.07627094
0.08114087,0.394847,0.269121,0.039968476
0.11969198,0.43948427,0.33092016,0.089300044
0.096640565,0.4141338,0.30771458,0.051911637
0.096476,0.37118736,0.29456174,0.06269983
0.08832849,0.2711823,0.25164294,0.0718486
0.16973518,0.40481165,0.3935945,0.18213731
0.09753899,0.3740945,0.3263179,0.04799004
0.1076682,0.36361364,0.3295481,0.07481951
0.11205793,0.3669377,0.33698735,0.079219066
0.12160766,0.40777764,0.36923817,0.08097676
0.10266969,0.39813113,0.34754047,0.055545792
0.107191384,0.40272793,0.3520942,0.06540134
0.113273576,0.44136354,0.37177932,0.065878145
0.08848731,0.3881346,0.31943265,0.044702645
0.12248958,0.44746435,0.37949508,0.08347662
0.10890026,0.49901626,0.38857856,0.049426276
0.093340494,0.5166015,0.36982793,0.036299102
0.078686506,0.4764728,0.3139218,0.032839477
0.08824383,0.45208263,0.30141288,0.049485918
0.11481438,0.5329519,0.35710934,0.06530149
0.09420008,0.58081084,0.34567252,0.033462726
0.053285044,0.40398702,0.20777115,0.019707931
0.11217648,0.42476612,0.28045794,0.10230646
0.08958417,0.3570912,0.2480944,0.060004685
0.07270407,0.19112816,0.17548518,0.07243011
0.13512892,0.19613716,0.24636357,0.24102017
0.11999475,0.18395685,0.24942681,0.19768323
0.13489962,0.20207578,0.28521788,0.22071588
0.14836171,0.25457606,0.34129444,0.20498933
0.13566114,0.28194356,0.3631227,0.13600183
0.14601609,0.3431513,0.4163463,0.118208244
0.111232534,0.31566206,0.38118804,0.065376535
0.13203783,0.34309453,0.4240206,0.095433496
0.098257065,0.26560053,0.36078015,0.061475277
0.12127766,0.24650006,0.37118515,0.116583824
0.13993135,0.27851892,0.41173163,0.13215253
0.12807955,0.28595197,0.41529894,0.09688261
0.12350768,0.2851429,0.40827087,0.090386406
0.13205978,0.32842514,0.42021963,0.096051544
0.12839866,0.38178366,0.43564788,0.07679144
0.11279629,0.42184883,0.41940176,0.05482536
0.09126285,0.39919788,0.35702103,0.04356767
0.10555243,0.4158205,0.36256537,0.06564851
0.11863438,0.5021839,0.40045422,0.064024635
0.09283827,0.530292,0.3697012,0.033690218
0.09223783,0.5806932,0.36651638,0.03497824
0.073362924,0.5579888,0.30877477,0.02474026
0.086965,0.590044,0.3182793,0.037172556
0.07418316,0.5664283,0.27839935,0.027093362
0.07953729,0.55202067,0.26775715,0.035246138
0.090290934,0.589718,0.28450605,0.040513333
0.06747391,0.509831,0.22481486,0.026138633
0.09218415,0.51262456,0.25467262,0.05462249
0.0912865,0.50783014,0.26111528,0.046776798
0.10239922,0.5565553,0.29642132,0.050738953
0.076325715,0.49967173,0.24968185,0.030327262
0.106859624,0.5652099,0.30830052,0.058442984
0.080783226,0.543033,0.27451628,0.029826703
0.087735,0.5516219,0.27989274,0.040094797
0.09888342,0.6245773,0.31698105,0.041258983
0.069092974,0.57799435,0.2589067,0.021211326
0.08252212,0.58162624,0.26917428,0.036723487
0.08187861,0.57714623,0.26816747,0.03376396
0.07377832,0.51784676,0.23956019,0.031703074
0.07545281,0.42159954,0.21683294,0.044080835
0.10855552,0.42497838,0.26890382,0.08568306
0.12208072,0.4922483,0.32729205,0.07596384
0.09922995,0.5103347,0.32103825,0.04183386
0.095120944,0.5357811,0.32065457,0.04079673
0.09740432,0.597654,0.3385104,0.0387394
0.0815533,0.6237045,0.31575722,0.025675023
0.071626976,0.6087515,0.27884737,0.023612943
0.082252964,0.6469044,0.28935537,0.031087616
0.075096145,0.6619919,0.27589026,0.023592567
0.059265837,0.57492,0.2154606,0.019675385
0.08740597,0.5994854,0.25570363,0.043959856
0.079245605,0.58343637,0.25028744,0.031071397
0.08739923,0.60580015,0.27192378,0.03655521
0.069602475,0.5395572,0.23022743,0.026246136
0.087208144,0.5320998,0.25095838,0.0463623
0.09492327,0.56254256,0.27611876,0.04569617
0.08739316,0.58119166,0.27427098,0.034921553
0.0612734,0.44331887,0.19691893,0.0257925
0.11150344,0.48160344,0.27298298,0.086851016
0.1041096,0.5129399,0.29515728,0.053732116
0.08651919,0.47975764,0.27068385,0.039162107
0.08177695,0.39869475,0.24150077,0.0478552
0.1319841,0.48652872,0.33830228,0.100100204
0.08538966,0.43084794,0.2816599,0.037266683
0.10387468,0.43188015,0.3043597,0.06723938
0.11405857,0.4783759,0.34321246,0.066203594
0.102262214,0.51349074,0.3465433,0.04516848
0.08688623,0.50071484,0.3168144,0.03592101
0.09828692,0.5394301,0.3367055,0.04681218
0.07804456,0.4924229,0.2892257,0.03161257
0.087559275,0.46620697,0.2827158,0.0483682
0.1071853,0.513272,0.32356986,0.06105792
0.082575284,0.46455565,0.28159514,0.03617139
0.099805295,0.47152728,0.30407226,0.058796905
0.1024645,0.5059193,0.31891233,0.05269952
0.099289946,0.5471655,0.33042303,0.043220256
0.0685195,0.4425124,0.24904668,0.0276396
0.08159037,0.34837264,0.22759072,0.061459843
0.14349468,0.45056313,0.33841404,0.13152376
0.10617488,0.4769341,0.3307,0.049801815
0.10446632,0.52198005,0.34417483,0.047493957
0.085429184,0.5093382,0.30896306,0.034058467
0.059701066,0.32595804,0.20248589,0.03184206
0.15707213,0.45256183,0.3561039,0.1684803
0.09212802,0.41809696,0.2998639,0.04323633
0.1073025,0.42809793,0.32164755,0.06804576
0.11101738,0.4652536,0.34486753,0.06251707
0.098074876,0.47352648,0.33273423,0.04623769
0.10821179,0.53741956,0.36553362,0.05163573
0.087629914,0.55191237,0.33844998,0.031322256
0.081442155,0.5462442,0.31139937,0.031954642
0.084225126,0.5465034,0.30236715,0.036512733
0.084414646,0.5408543,0.29413337,0.036877654
0.08437401,0.53634536,0.2824845,0.037718304
0.07986913,0.501557,0.25645816,0.03740066
0.096222915,0.51586425,0.28299025,0.05287987
0.10024459,0.5579557,0.31036523,0.046454787
0.08087085,0.5297542,0.2793597,0.031145092
0.08381259,0.50430787,0.26915684,0.040634774
0.09400018,0.52471924,0.2815942,0.04879985
0.086186275,0.503303,0.26903704,0.040273476
0.08265387,0.44869468,0.24732535,0.044283804
0.09940691,0.4393213,0.26913875,0.066102915
0.088931486,0.36950287,0.24564156,0.057740852
0.1292843,0.4270226,0.32150117,0.105615094
0.095159344,0.3813186,0.28587207,0.05311736
0.12750103,0.44409892,0.3523742,0.09035041
0.098049566,0.4303019,0.32506546,0.04754014
0.106084324,0.44896674,0.3396899,0.060432483
0.10216059,0.46487692,0.3416034,0.052543513
0.09357388,0.45183003,0.3227794,0.046606433
0.09450491,0.43544158,0.3115014,0.052740667
0.118877836,0.5147534,0.36986375,0.06823365
0.09204494,0.52531284,0.34716704,0.03429073
0.08881075,0.5345881,0.33659914,0.036540948
0.082364134,0.518128,0.30916086,0.034713894
0.08218371,0.48302966,0.28600797,0.039950594
0.09185159,0.47106552,0.2885633,0.051683802
0.11511409,0.5622773,0.34743392,0.061100516
0.08747345,0.58889425,0.32188022,0.028539728
0.07443413,0.56943434,0.27819926,0.026334694
0.08166883,0.5710816,0.27493614,0.035405997
0.08395465,0.58434266,0.274711,0.03508063
0.0824924,0.5917571,0.27225694,0.032636326
0.06946062,0.5215275,0.22932953,0.0281284
0.09969307,0.5688762,0.28177565,0.054928366
0.08285079,0.5586811,0.2655747,0.032455985
0.085809276,0.5625498,0.26918134,0.037507936
0.07867473,0.5279894,0.24870093,0.03418029
0.09838374,0.5706328,0.28985238,0.04945863
0.08078524,0.547782,0.2670787,0.03124619
0.08325382,0.52637714,0.262366,0.038686413
0.09588715,0.55856705,0.2903676,0.0468051
0.08547071,0.5621447,0.27987212,0.0341774
0.08838224,0.5878837,0.28798276,0.036506455
0.08255873,0.59632975,0.28170317,0.030873995
0.0736577,0.55425936,0.2533115,0.028550126
0.092427865,0.5908383,0.28667977,0.043444615
0.080040775,0.5846295,0.2705019,0.029579848
0.08319477,0.5937731,0.274276,0.033564564
0.07394122,0.55175096,0.2470012,0.029217526
0.08795234,0.56411815,0.2658678,0.042405568
0.08624247,0.57050526,0.27016014,0.036632266
0.08235649,0.55997086,0.2634965,0.03426642
0.0829349,0.5461071,0.26012704,0.036889814
0.052655563,0.3182996,0.15728556,0.027965661
0.1284218,0.33473346,0.25746053,0.1649708
0.12401822,0.3582802,0.2946144,0.1126465
0.12625177,0.40217245,0.3331073,0.09120285
0.10458779,0.38840458,0.31593245,0.060275182
0.11353145,0.40745988,0.33613214,0.07386878
0.10934304,0.42385948,0.34289673,0.06348087
0.10882432,0.45082885,0.35479033,0.05924513
0.10087443,0.46453744,0.3487845,0.049465716
0.10180312,0.49313405,0.35689378,0.04930136
0.09867052,0.5275076,0.3631253,0.04267336
0.09514164,0.5723795,0.37021852,0.03645104
0.08102308,0.57953936,0.34084475,0.027208613
0.06606203,0.49382296,0.27000633,0.025599102
0.09199101,0.48997554,0.29173878,0.05514742
0.09827803,0.5118583,0.30945885,0.05119612
0.10092647,0.5683638,0.33091328,0.04433531
0.0831212,0.5912152,0.29893976,0.028646532
0.08898826,0.6537097,0.31456307,0.031917494
0.075083695,0.683181,0.29078147,0.02101355
0.072366744,0.7157398,0.27909505,0.020324305
0.06896306,0.74695295,0.26653033,0.01792423
0.058335993,0.7223059,0.22561213,0.014597562
0.06081631,0.6941886,0.20845877,0.018786853
0.0610582,0.63837373,0.19148827,0.021429965
0.08201039,0.6734704,0.23394646,0.03396873
0.06389779,0.61333513,0.20136626,0.020796394
0.07682492,0.5958581,0.21839556,0.034394514
0.07717706,0.5619945,0.22066656,0.034125462
0.0884981,0.568826,0.24763817,0.04255653
0.081592284,0.54823077,0.2411889,0.035264436
0.08460811,0.53218764,0.2448152,0.040576275
0.06532299,0.38175133,0.18504167,0.035193622
0.12068211,0.40803427,0.26848856,0.11565576
0.108363226,0.40553772,0.28141806,0.073220454
0.103786916,0.3814079,0.2828501,0.0689554
0.098085314,0.32229015,0.26611215,0.07344003
0.13036162,0.35636488,0.32547337,0.118986405
0.13429265,0.43021002,0.3801504,0.09007225
0.09798214,0.40559888,0.34095702,0.046017434
0.10482018,0.4030295,0.3440209,0.06390767
0.114552096,0.4429166,0.37146533,0.06828126
0.10128709,0.44952396,0.36228433,0.049266193
0.094669804,0.43167198,0.34289882,0.048314422
0.08800655,0.36997113,0.30414447,0.052318037
0.11401337,0.38233513,0.33749092,0.08797828
0.10642576,0.36938605,0.33293262,0.07015755
0.12192234,0.41208223,0.37142357,0.08217815
0.10090016,0.39999115,0.34461358,0.053676315
0.08402356,0.31177357,0.2741426,0.054192256
0.14455654,0.40025064,0.37167147,0.13607052
0.112792775,0.43453705,0.3651916,0.05939677
0.089540824,0.3855021,0.31127504,0.04581582
0.10516718,0.38011757,0.3163182,0.074995175
0.124732696,0.44505942,0.3665187,0.08367682
0.095132284,0.42257464,0.3300626,0.045386653
0.10776417,0.4470562,0.34916544,0.06318889
0.09248094,0.4170827,0.31777206,0.048148066
0.10391101,0.41719198,0.32896736,0.06558134
0.11423359,0.46110284,0.36246347,0.06697157
0.10217005,0.487486,0.3600902,0.046744913
0.09320129,0.49870002,0.34175342,0.040765643
0.089035794,0.4954434,0.3222276,0.04071085
0.09797415,0.53450906,0.33636516,0.04682358
0.07885124,0.49244478,0.28951544,0.032388773
0.09685902,0.51791775,0.31043783,0.051747218
0.09143185,0.53769934,0.3037801,0.040406637
0.07970881,0.49590915,0.27037144,0.034889925
0.10400448,0.54934955,0.31603333,0.055710286
0.08437061,0.5452325,0.28972074,0.032533363
0.0867691,0.5543082,0.28717184,0.037807822
0.0819577,0.5366737,0.27177796,0.035231832
0.089852385,0.55023926,0.28285822,0.04223183
0.08638696,0.55295074,0.27923954,0.03704516
0.09089227,0.58547395,0.29255754,0.038618386
0.0782287,0.5705128,0.2671998,0.02920947
0.08004386,0.552454,0.25888976,0.034843564
0.08739979,0.55812925,0.27089638,0.040453687
0.08732793,0.5665341,0.27669758,0.037526697
0.08012259,0.5414846,0.25984636,0.033543844
0.07772032,0.48049232,0.23875256,0.038432755
0.105465844,0.5210707,0.29019958,0.06372964
0.08977512,0.5124654,0.27931938,0.039959274
0.09859321,0.5463519,0.30419338,0.047149308
0.08466064,0.53706867,0.2838233,0.03421244
0.09830663,0.5946004,0.317686,0.043519266
0.0724175,0.5484557,0.26544112,0.024801467
0.08808968,0.5636274,0.28212914,0.041877933
0.07896959,0.53353214,0.25969788,0.033398304
0.09292321,0.5568735,0.28403223,0.045429464
0.08711011,0.56458366,0.28274268,0.03595976
0.087695554,0.5820869,0.28937605,0.03581197
0.07780799,0.5573533,0.26604137,0.03021943
0.08985902,0.58562374,0.28653914,0.04018343
0.077755764,0.5631261,0.26296085,0.029777158
0.08964876,0.59243196,0.28490287,0.039470404
0.06882531,0.51697505,0.2324587,0.026521243
0.08839101,0.5055548,0.25066477,0.050655942
0.099019304,0.53286535,0.28150523,0.052330084
0.09314982,0.5516684,0.28850925,0.040436517
0.083375975,0.5337073,0.2719605,0.03474634
0.09158727,0.55039436,0.2868552,0.04297216
0.08171863,0.52161694,0.26739126,0.03513373
0.09122249,0.5265225,0.2804723,0.04566168
0.09728928,0.5669735,0.30462492,0.044395346
0.040703576,0.25634208,0.13525431,0.018520666
0.18239747,0.4025476,0.33818308,0.27163115
0.107386895,0.4183389,0.31240925,0.06411143
0.11222506,0.4495309,0.33628228,0.06554169
0.095128216,0.42804062,0.31133407,0.04855042
0.114183076,0.48077708,0.35214284,0.0670395
0.10225667,0.52106977,0.35570124,0.04422295
0.09185788,0.54404396,0.34409967,0.035839036
0.07766505,0.50981057,0.29675496,0.03090202
0.09792868,0.55861074,0.32576913,0.048613716
0.075795114,0.5116173,0.27651754,0.029410804
0.09463619,0.5311345,0.30141613,0.049390465
0.08741568,0.52377445,0.29212445,0.038648017
0.09080113,0.5289682,0.29760104,0.042373445
0.094519265,0.56085265,0.31227973,0.04178869
0.085942656,0.57407755,0.3019454,0.032876465
0.07567663,0.53808385,0.2671893,0.029935868
0.08682187,0.557553,0.2697971,0.041501507
0.080888964,0.53058225,0.25568524,0.03571849
0.09907196,0.58501756,0.29560113,0.04789679
0.072088294,0.52427137,0.2437588,0.026580155
0.09003527,0.5269531,0.26377496,0.04821548
0.093004204,0.5412848,0.2788886,0.04457575
0.09461543,0.5737647,0.29773107,0.04080901
0.081107445,0.55921155,0.27723134,0.030721024
0.09112051,0.59685904,0.29780507,0.038834073
0.07740201,0.5829723,0.2726624,0.027656754
0.08348473,0.59848064,0.27791983,0.034073308
0.07455807,0.56841177,0.2522878,0.028613247
0.085562736,0.57917196,0.26683536,0.038645983
0.07742536,0.5461131,0.24788103,0.032131262
0.08761404,0.544345,0.26286715,0.042700816
0.09632951,0.5859767,0.2943789,0.043291207
0.092505746,0.64595985,0.31281582,0.0322913
0.06828121,0.61354357,0.26100215,0.019906137
0.084148906,0.660107,0.28428635,0.032417826
0.05603984,0.54106355,0.20358728,0.018053165
0.07670775,0.4765709,0.20986874,0.046662163
0.06743443,0.30712327,0.16629033,0.04985342
0.13352308,0.33272767,0.26400283,0.16652709
0.080980696,0.19673546,0.18943341,0.08057584
0.17040671,0.28447112,0.32292676,0.26315784
0.16951358,0.44642696,0.42642188,0.14598428
0.104186095,0.46923,0.38377914,0.038214274
0.09945108,0.4967189,0.37667924,0.042981755
0.08438463,0.46980503,0.33141658,0.036167864
0.087654755,0.43697292,0.3080319,0.047837693
0.10322197,0.4503479,0.32660225,0.06345788
0.104354784,0.4736834,0.34006056,0.05571121
0.095421486,0.46588424,0.33097866,0.045977175
0.10950679,0.5148567,0.3741521,0.0555068
0.08638283,0.4925712,0.34040764,0.0337432
0.09802084,0.52727395,0.35685945,0.046460282
0.08232568,0.51832587,0.3128862,0.032824554
0.08860529,0.5377531,0.30440912,0.040987685
0.08768009,0.5641991,0.29427063,0.037396923
0.079156175,0.54697484,0.26771256,0.032206155
0.08720593,0.56941444,0.27202377,0.03975327
0.080570236,0.5525614,0.2579042,0.03362488
0.087324075,0.5569391,0.26902983,0.04018498
0.093830444,0.59689337,0.29540846,0.03998394
0.07700976,0.57493496,0.2675839,0.027288526
0.079949036,0.56048423,0.26061395,0.034344923
0.08520097,0.566117,0.2661801,0.038160045
0.08278435,0.55854845,0.2609781,0.03541134
0.080240704,0.52742594,0.24895768,0.03628078
0.09329142,0.54444677,0.273641,0.047252387
0.08656363,0.5345395,0.2694036,0.038199075
0.10308769,0.60617936,0.3172802,0.046471428
0.06570674,0.5165273,0.24011575,0.021587826
0.10548841,0.5916587,0.30911058,0.058082305
0.077654935,0.57219607,0.27245158,0.026427835
0.082089044,0.5679674,0.27061757,0.034951694
0.07666783,0.5259612,0.24787539,0.03350194
0.09386704,0.5464065,0.27692416,0.048657328
0.08187564,0.51417947,0.25715202,0.036091134
0.087598555,0.49007055,0.25913778,0.046279024
0.10295739,0.52281,0.2968735,0.05624953
0.09775286,0.5579483,0.31143686,0.041929368
0.086479545,0.5682507,0.29932824,0.032749925
0.085842185,0.58768904,0.29783663,0.03363971
0.08283402,0.6060041,0.292069,0.030709492
0.062620185,0.5045613,0.22212669,0.023760187
0.09882633,0.53675586,0.27446115,0.06073842
0.095030345,0.56905675,0.29106247,0.04180015
0.082010865,0.5530568,0.27333495,0.03184669
0.08087955,0.5252184,0.25962174,0.036436915
0.08796891,0.5117791,0.2663788,0.044853657
0.102160245,0.55925655,0.3062107,0.0508305
0.08072675,0.5321163,0.27406028,0.031001814
0.094174914,0.56626403,0.297178,0.044225648
0.08427809,0.57095915,0.2852311,0.032741033
0.08639779,0.5950272,0.28935012,0.034608394
0.0788999,0.5946644,0.27218834,0.029064478
0.07650925,0.5757036,0.25621623,0.030382415
0.08600274,0.59272873,0.27237996,0.037304096
0.07210808,0.53414464,0.23774435,0.02863537
0.09124958,0.54244614,0.26664525,0.04803486
0.08753174,0.5339835,0.2685146,0.039930534
0.09445062,0.56562877,0.28891373,0.043338098
0.08630701,0.57740283,0.2841644,0.033712003
0.0782181,0.55097413,0.2626356,0.031228615
0.08796763,0.5621371,0.27603367,0.04070939
0.08068759,0.5401813,0.25950938,0.034325164
0.09135963,0.5615208,0.27881202,0.043262273
0.08661455,0.569453,0.27876425,0.035645265
0.07905602,0.5417674,0.25883615,0.03272924
0.093117334,0.5713768,0.28589764,0.044143513
0.08969543,0.60412425,0.29611325,0.034612328
0.07068558,0.54941314,0.2503064,0.025240099
0.094131336,0.59166837,0.29015145,0.04558574
0.07596842,0.5611813,0.2587081,0.02802839
0.0894924,0.58757746,0.28160378,0.04027485
0.082713544,0.59803665,0.27545,0.031189812
0.075904176,0.5759056,0.2546425,0.029074354
0.08072105,0.5643024,0.25409833,0.035555184
0.07947015,0.5305772,0.24465615,0.036225513
0.098646045,0.5738358,0.28761175,0.049436186
0.07736659,0.53418833,0.25378925,0.029846998
0.09477768,0.56623393,0.28529084,0.046492685
0.08692098,0.5814152,0.28353593,0.03419615
0.074706726,0.53670514,0.25046015,0.029619545
0.09125871,0.55301285,0.27514064,0.04581292
0.08284668,0.53362125,0.2619105,0.035971534
0.09481165,0.5642919,0.28865972,0.04509153
0.075858906,0.50768685,0.2505737,0.030982386
0.10453384,0.56863505,0.30548823,0.056075107
0.07854271,0.5343419,0.26749676,0.029285094
0.08913469,0.53914523,0.27906045,0.04310969
0.08552396,0.5247018,0.27221978,0.03894001
0.09525183,0.5505355,0.29544336,0.045659732
0.089114495,0.5667394,0.29527178,0.036241356
0.07720827,0.52981204,0.26324898,0.031167027
0.09056916,0.54242486,0.2795513,0.04509081
0.08561791,0.5310829,0.27268192,0.03826398
0.09202442,0.54767865,0.2866417,0.043191396
0.070072256,0.44409642,0.22752114,0.03154553
0.11640338,0.50415266,0.3062408,0.08233959
0.09114162,0.49225748,0.28659314,0.040798575
0.08916925,0.46377406,0.27556592,0.04621308
0.106940605,0.5035738,0.31344193,0.06118034
0.07822246,0.4218029,0.25603005,0.0365649
0.11655162,0.47410673,0.31866568,0.08170994
0.10943968,0.5332117,0.3448989,0.051200476
0.087676756,0.5343853,0.3176889,0.03261143
0.07769967,0.48477855,0.27598274,0.034119584
0.09728387,0.50188434,0.2997565,0.05525901
0.090277545,0.48910835,0.2904377,0.043939967
0.09991741,0.51397693,0.31313297,0.051442802
0.097810976,0.551331,0.32575482,0.0425622
0.08400514,0.5465278,0.30240816,0.032192595
0.07688773,0.49717805,0.2671355,0.03397835
0.11415194,0.59940314,0.3452067,0.06076851
0.08713531,0.6529753,0.32979342,0.024990864
0.075474076,0.68344223,0.3079907,0.020690618
0.067164056,0.6854425,0.2741699,0.0186873
0.072878495,0.7235173,0.27441418,0.021801474
0.06267653,0.71260446,0.2416224,0.016398305
0.062143434,0.69112027,0.21898916,0.018800506
0.07038853,0.7010279,0.22826585,0.023497911
0.062404435,0.65550655,0.2050457,0.019612705
0.069133,0.62246966,0.20715494,0.027211389
0.07813616,0.62297684,0.22505032,0.03258119
0.07946393,0.6305905,0.23633279,0.030593295
0.0702906,0.5872723,0.21613026,0.026303638
0.076758,0.55221003,0.21903226,0.03584928
0.095407784,0.5925224,0.26382083,0.04692502
0.081297815,0.5871949,0.25378665,0.030390216
0.0789376,0.5713282,0.2455027,0.032397225
0.07850235,0.53693753,0.23710723,0.03551046
0.102018245,0.5990977,0.29314262,0.050401434
0.070838034,0.53108656,0.24033642,0.024821397
0.094797514,0.55670846,0.27894136,0.04975644
0.088263914,0.56440425,0.28220293,0.03672706
0.07761018,0.5173857,0.25603116,0.032670453
0.096600994,0.54350984,0.28966856,0.05046622
0.08514274,0.52653253,0.27643764,0.03650088
0.08923802,0.5232941,0.28085676,0.042740796
0.088339984,0.5146484,0.27792186,0.042019427
0.088437356,0.49848136,0.27450985,0.043834615
0.07396643,0.38524154,0.22370738,0.041191787
0.13177207,0.46457943,0.3224935,0.110631935
0.1072025,0.50560206,0.32929683,0.05013564
0.09136229,0.50128466,0.310374,0.03864168
0.092519134,0.5052083,0.30864578,0.0440537
0.08994944,0.4998699,0.29948252,0.042790856
0.0774857,0.41941568,0.2517675,0.040121194
0.10650035,0.42303953,0.2899475,0.0789253
0.09619099,0.38244113,0.27568778,0.06191883
0.11085151,0.37957436,0.2996965,0.08336394
0.12881716,0.44710132,0.35896805,0.08702683
0.09401653,0.41639462,0.31652495,0.044308394
0.11546235,0.46605244,0.3581249,0.06979331
0.09917059,0.48051676,0.347291,0.04515384
0.099538125,0.5123087,0.35304505,0.04576044
0.0810694,0.47098258,0.30427256,0.034543663
0.08534278,0.42262197,0.28012058,0.049400833
0.056137968,0.19562955,0.15826353,0.04517547
0.19991075,0.3524247,0.36572215,0.32191756
0.11588742,0.38042408,0.34166285,0.07806571
0.12376949,0.43525895,0.3799454,0.07580838
0.09606098,0.41148767,0.3413037,0.045936953
0.10095,0.39963096,0.3342311,0.061303712
0.1117126,0.43069324,0.35307786,0.06960611
0.10877127,0.46916965,0.36344603,0.056521818
0.10340261,0.51558435,0.36792654,0.0459633
0.075802304,0.44890496,0.29423493,0.030844565
0.09620764,0.43830714,0.3048949,0.061133176
0.11631903,0.507164,0.35706398,0.06771272
0.07424712,0.408198,0.2729593,0.031092627
0.110828854,0.42685276,0.3199068,0.08216958
0.116477884,0.48395494,0.3593896,0.06614408
0.08667322,0.44749263,0.30893025,0.037416913
0.08778275,0.39943203,0.27913967,0.052591566
0.11300865,0.43908796,0.3132574,0.08022133
0.086382486,0.3627402,0.2646873,0.05008704
0.07399481,0.20489314,0.19107397,0.07003254
0.14633614,0.23852347,0.28381333,0.23631056
0.15428406,0.32604972,0.35832685,0.18148537
0.09729952,0.2592225,0.2874659,0.074194215
0.11673878,0.22974671,0.2926718,0.13274877
0.15404208,0.29373795,0.37146676,0.17795661
0.11655182,0.27032208,0.34559387,0.093477875
0.108819686,0.21367918,0.31161925,0.104405284
0.12158442,0.18478054,0.30921724,0.15300614
0.16499522,0.2460714,0.39919826,0.21285187
0.16164596,0.32726097,0.46838504,0.13427223
0.10602621,0.27102003,0.39991707,0.057539143
0.11775072,0.23875116,0.39201277,0.0997619
0.11861037,0.20912564,0.37069562,0.11462069
0.15641664,0.2711188,0.43763375,0.16172835
0.108369395,0.22246969,0.36694086,0.08050096
0.14935239,0.27434832,0.4218794,0.1485501
0.12891623,0.2987484,0.41388786,0.09326408
0.08569843,0.18478034,0.2966892,0.06536137
0.11452374,0.14764105,0.28235102,0.1714748
0.18504897,0.25732794,0.40736145,0.2797292
0.11723011,0.23938975,0.357423,0.10158435
0.16808952,0.3382812,0.4624643,0.15530075
0.12058974,0.35666683,0.43688157,0.06080835
0.109401025,0.35520813,0.411436,0.05991066
0.09808092,0.31252214,0.36194804,0.061996184
0.13655728,0.38020882,0.42868993,0.10742539
0.115801655,0.4115992,0.4306519,0.05931253
0.10563303,0.43366596,0.41725355,0.049958292
0.094645716,0.43018764,0.3805383,0.045031264
0.10019893,0.45206743,0.37183985,0.05330895
0.099133775,0.47478905,0.36531028,0.048982084
0.10878083,0.5677159,0.39265728,0.048244424
0.08383743,0.59946495,0.35472402,0.025414193
0.07275174,0.59527797,0.30390579,0.023934906
0.06643265,0.5452003,0.24390091,0.026084347
0.088146515,0.56974566,0.26593176,0.04496142
0.088782124,0.5996249,0.27894726,0.036661968
0.08117186,0.61519915,0.26940602,0.029190958
0.07245015,0.58150905,0.24333535,0.026757544
0.08442932,0.59380424,0.26063886,0.037325244
0.084743455,0.61778885,0.26980913,0.032893658
0.07556796,0.61003405,0.2512109,0.026764002
0.06994891,0.5550874,0.22391142,0.02816462
0.092135705,0.5854284,0.26391423,0.046159606
0.08205007,0.5803086,0.25759766,0.0321053
0.08375484,0.5861333,0.2622955,0.034609478
0.07623692,0.5516683,0.24245752,0.031177046
0.08555989,0.544708,0.2538329,0.041531075
0.09132377,0.5584484,0.27341715,0.042582456
0.08895738,0.56871235,0.28203627,0.037279155
0.073637396,0.5011035,0.24263233,0.030755278
0.099971555,0.53543377,0.28553206,0.056904178
0.087231666,0.52624345,0.2745138,0.03807659
0.096996054,0.56223017,0.30102143,0.045195904
0.08341317,0.5534993,0.2833521,0.032389894
0.08185311,0.5340681,0.2701564,0.035870522
0.100829005,0.6000538,0.31506145,0.046841945
0.08129317,0.61018527,0.2949577,0.02641766
0.08576931,0.6605752,0.30911797,0.029572532
0.07466157,0.687879,0.29047364,0.021004308
0.06359175,0.66065747,0.24831453,0.018282812
0.07065243,0.6565302,0.24406566,0.025075285
0.06663847,0.61424124,0.22163005,0.023818986
0.07089589,0.5654581,0.213159,0.030916054
0.08333591,0.5516884,0.2319315,0.041851494
0.08872267,0.5541372,0.25078407,0.042477313
0.08680464,0.5487859,0.25640336,0.038913745
0.08334311,0.5263024,0.2494203,0.038165275
0.093714304,0.5434119,0.27233234,0.046771497
0.09236922,0.567648,0.28441474,0.040014397
0.084058665,0.56686395,0.27497384,0.03324995
0.0854608,0.5769969,0.2773535,0.035588868
0.0758353,0.5382928,0.24932672,0.031074177
0.090714455,0.5518894,0.2722631,0.045246128
0.08591166,0.5450556,0.27015328,0.03751859
0.08832459,0.5456912,0.27750635,0.04002035
0.09406645,0.5758412,0.30103782,0.041127156
0.08575751,0.58901584,0.29772925,0.0318708
0.08518146,0.6160754,0.3015384,0.03126718
0.070229515,0.57581604,0.25846013,0.024283864
0.09103191,0.6312238,0.29331884,0.039572697
0.0826084,0.6772076,0.29453707,0.025657421
0.038563654,0.40338346,0.14360614,0.01254665
0.09352288,0.33258998,0.19703405,0.106510006
0.123907275,0.346367,0.2624558,0.13439223
0.110227376,0.3198866,0.2664283,0.09483153
0.1364758,0.3723215,0.33124223,0.12031087
0.10105099,0.3269255,0.29250678,0.065712705
0.12282825,0.34246305,0.32624176,0.104009785
0.119768776,0.36006966,0.34010845,0.08751747
0.101866975,0.3177486,0.30746034,0.07030476
0.11359389,0.29970777,0.3130342,0.09980968
0.10021955,0.23016268,0.27249554,0.09573979
0.09597505,0.14466581,0.22492984,0.13443092
0.2238909,0.32768008,0.4395347,0.35326952
0.09806612,0.2596553,0.3327831,0.063458495
0.12978882,0.25025645,0.36516818,0.13180141
