0.009564401,0.037169367,0.1336707,0.005993057
0.0061073955,0.027404457,0.12908636,0.01958829
0.01541248,0.016679503,0.124509506,0.013457752
0.019061867,0.013390327,0.1317888,0.0028925934
0.012782792,0.010581218,0.13889922,0.0057407185
0.0131529495,0.00680325,0.13898964,0.0042313877
0.01068815,0.005182122,0.14101541,0.0078228265
0.009072287,0.0033520411,0.13752232,0.014372989
0.014802255,0.005128177,0.13504837,0.0073176874
0.008368285,0.00443958,0.13726918,0.016566135
0.010753514,0.0063470462,0.12940894,0.019238433
0.020820161,0.007421497,0.13090576,-0.0007783313
0.0043238406,0.006856388,0.14049879,0.01702582
0.01051025,0.0070610256,0.12773077,0.01851018
0.01301306,0.010653279,0.12657104,0.019509988
0.020854754,0.009964722,0.12701906,0.0024947154
0.01327702,0.0098721525,0.14092913,0.0044867145
0.014361897,0.008777543,0.13857041,-0.0003355707
0.0062786234,0.007985581,0.14341061,0.010590976
0.013177678,0.0054517244,0.1353458,0.0068244245
0.010888456,0.007275475,0.1398339,0.009363426
0.006964095,0.006323691,0.13354535,0.020223988
0.015813166,0.0074858796,0.12939143,0.010924767
0.014894319,0.007466115,0.13454472,0.009399395
0.016728813,0.0073604737,0.13671216,0.0008854547
0.012312152,0.0066645583,0.14396186,0.0015302546
0.009200905,0.0052478216,0.14234853,0.0069872397
0.0028748605,0.0069733174,0.13611,0.022668507
0.014094744,0.008425307,0.12600936,0.015883803
0.017089844,0.009846521,0.1311891,0.009034779
0.01750811,0.009440253,0.13616662,-4.0602255e-05
0.005797522,0.0069525847,0.14158411,0.013480705
0.014570262,0.0072266217,0.13331175,0.0055414457
0.010635494,0.007158301,0.13924614,0.010590799
0.012036168,0.007327041,0.13414927,0.011280245
0.011823659,0.008309752,0.13527921,0.012460442
0.01084654,0.009012956,0.13164797,0.016702758
0.00461012,0.009656389,0.122792765,0.03334968
0.021789271,0.014675876,0.11718917,0.0055394527
0.01716679,0.013281025,0.1359379,0.00391795
0.014912832,0.012345955,0.1357809,0.0010517988
0.00969696,0.01060695,0.1420151,0.0061624795
0.011596617,0.009598135,0.1366442,0.007496589
0.013124758,0.008188965,0.1389332,0.005752726
0.010345571,0.007410591,0.13891393,0.009874058
0.016221063,0.007224106,0.13836318,-0.001036464
0.011729865,0.005815444,0.14610088,0.0002828918
0.006301274,0.0058135553,0.14328359,0.009931024
0.013301324,0.004389961,0.13913031,0.004001475
0.010244457,0.0050658523,0.14211443,0.0077457125
0.01274069,0.0029382864,0.13966554,0.0051853796
0.007536909,0.0026842875,0.14097986,0.013646592
0.014651839,0.0023640308,0.13528001,0.0064037847
0.010298324,0.0032088733,0.14019528,0.011313685
0.013268344,0.002342482,0.13588913,0.008854589
0.006925005,0.004065307,0.13637741,0.019384647
0.01280992,0.0044938894,0.12761109,0.018192692
0.020671388,0.0057890466,0.13187236,0.0009604954
0.0061977687,0.0035376437,0.14028677,0.016220296
0.012713351,0.0053357123,0.13086839,0.012748269
0.014849095,0.005315634,0.13435787,0.010014457
0.019442469,0.005232153,0.13660689,-0.004532022
0.0010243866,0.0037824116,0.14592215,0.015574182
0.009279568,0.005267938,0.13036165,0.017441237
0.017775938,0.004745989,0.13233638,0.0065161325
0.009480619,0.005301538,0.13608317,0.01607397
0.009818547,0.0045961128,0.12940489,0.021382239
0.01482,0.0051184036,0.12629688,0.018310087
0.018488364,0.0066575347,0.1290684,0.008932194
0.01607436,0.0063119214,0.13666265,0.0050321054
0.019987976,0.005481264,0.14069028,-0.012722482
0.004953405,0.002517747,0.15446573,0.00025410083
0.0035216874,0.0017725416,0.14264348,0.013476929
0.008450249,0.0034913619,0.13546903,0.017391225
0.020772288,0.003276762,0.13356791,-0.005719108
0.010087525,0.003540141,0.15097624,-0.0013081436
0.0028310143,0.0014755457,0.14281805,0.014617471
0.010063719,0.0034789676,0.13502105,0.014702255
0.015316723,0.004028119,0.13323154,0.009528788
0.016306529,0.0045433966,0.13872261,0.002135422
0.010078505,0.003562132,0.14303096,0.0068398505
0.007698528,0.0030744986,0.13859129,0.014524397
0.015162472,0.003985242,0.13481668,0.006667533
0.011155827,0.0027287507,0.13934103,0.011156819
0.012992676,0.004210426,0.13623244,0.008878938
0.008107723,0.0020198247,0.1367428,0.018178454
0.01275742,0.0037316177,0.12948279,0.016990306
0.017952822,0.004183623,0.13248508,0.0067099473
0.01186183,0.0041622235,0.13781671,0.011090156
0.010714223,0.0035535293,0.13451608,0.015181064
0.017714677,0.003953717,0.13438775,0.0029932575
0.0063814847,0.0050486033,0.1397041,0.016161785
0.018879397,0.0036610554,0.13300315,-0.0036767488
0.005781783,0.0027510996,0.14694881,0.009478999
0.013053055,0.0015113973,0.13591118,0.0053103156
0.0046951775,0.0011414185,0.1399681,0.01910693
0.012839637,0.00093950186,0.12825751,0.016863313
0.020499177,0.0024836655,0.13436963,0.000108146465
0.01431326,0.0003586378,0.14472559,-0.0002203789
0.0039282683,-0.00045719693,0.14424036,0.014372067
0.00612274,0.0014666598,0.13246799,0.023285268
0.003289385,0.005914044,0.115588196,0.041469082
0.017589783,0.011654187,0.10408656,0.031835914
0.013574176,0.016857702,0.099122345,0.042654764
0.026671963,0.023398163,0.10310659,0.006888262
0.023490716,0.025740232,0.12893355,-0.003536885
-0.017943949,0.024716962,0.10863319,0.053038873
0.020652033,0.031497635,0.09712275,0.0047668223
0.017485294,0.035223383,0.11919846,0.0110293515
0.023448111,0.037145913,0.11928305,-0.01732358
0.0037836547,0.035989203,0.14588574,-0.0016721995
0.011223441,0.033774745,0.12960799,-0.0011729945
0.0019533194,0.03329225,0.1328492,0.017492946
0.018464327,0.034016088,0.12160041,-0.0043951822
0.010379314,0.034414742,0.14022374,0.0009521514
0.011012136,0.032559734,0.1320423,0.0029573315
0.00097001594,0.031125769,0.13036928,0.022379763
0.018211484,0.034130283,0.119100414,0.0010096862
0.018694071,0.032819595,0.13731079,-0.00808704
0.010730746,0.032345258,0.14049284,-0.0036847487
0.0029860158,0.029489148,0.13953838,0.010497671
0.012020333,0.02994018,0.12942314,0.006812844
0.009753365,0.030801222,0.1309898,0.012923241
0.014019825,0.031158684,0.1267379,0.008429669
0.013218401,0.032412127,0.130837,0.007286932
0.019911021,0.031317256,0.13214308,-0.011991998
0.0002903632,0.029687908,0.14427692,0.008984185
0.006458732,0.030034514,0.12642345,0.016455298
0.016783778,0.031395376,0.12618248,0.005197439
0.014508454,0.030650767,0.13206235,0.0044025024
0.013713107,0.028377185,0.13467644,0.0017104595
0.012315574,0.023641888,0.13785529,0.0021154946
-0.014448445,0.023042582,0.11976885,0.045431215
-0.0031420963,0.02327605,0.06418988,0.0719085
0.026061907,0.037090413,0.074277274,0.008923959
0.02153437,0.04016903,0.10758199,0.012309063
0.010709649,0.039416164,0.09886031,0.031854294
0.01090089,0.04210255,0.08251318,0.0470549
0.023979098,0.049015857,0.07865832,0.030285036
0.028030334,0.05540282,0.09634518,0.013153378
0.024780931,0.06133456,0.113150805,-0.0041473415
0.0023563453,0.060412895,0.11768923,0.02204035
0.016878806,0.060914315,0.106512025,0.008407709
0.019414674,0.06298459,0.11869432,0.0016183901
0.019513423,0.064656675,0.12518154,-0.011821148
0.009309574,0.063242905,0.13780867,-0.0061313715
0.0050149956,0.05973536,0.13006204,0.0065174494
0.0060229176,0.058953274,0.12113508,0.016613338
0.014696759,0.061832458,0.11481677,0.0096261315
0.016583582,0.063435234,0.121138014,0.0027111454
0.0025102948,0.06424937,0.1165678,0.023996621
0.012045142,0.064061135,0.10248678,0.023669504
0.017695991,0.06864021,0.10192988,0.0185219
0.022980867,0.0718834,0.11065588,-0.0029251277
0.013019012,0.07410338,0.124913625,0.00079007266
0.013740151,0.07320581,0.12172236,-0.0021276772
0.0072700903,0.07167411,0.12344267,0.009648439
0.018354569,0.07132019,0.11893559,-0.009798391
0.008601482,0.074537314,0.13339695,-0.002464958
0.013264191,0.07059224,0.12643449,-0.008479826
0.006070352,0.06840961,0.13348936,0.0015370728
0.012377381,0.065745495,0.12494781,-0.0022248575
0.011439695,0.061311852,0.13167866,-0.0008737374
0.013874375,0.05164506,0.1311115,-0.004479775
0.0037609732,0.04768314,0.1343235,0.010525763
0.0062904377,0.04341145,0.120074965,0.021255521
0.0180819,0.040746037,0.11837868,0.007604719
0.010904552,0.038225,0.1242158,0.016756358
0.019496232,0.03442956,0.12284242,-0.0014828291
0.014256965,0.032524835,0.13742101,-0.0017448597
0.008812163,0.028903306,0.13442703,0.007576146
0.011913209,0.026766535,0.13280553,0.0072080037
0.0104688695,0.026788853,0.13131827,0.011876777
0.014143246,0.026218377,0.12969737,0.007551256
0.01507186,0.027059693,0.1334789,0.0023453583
0.009228539,0.02554575,0.13530166,0.009652942
0.01392595,0.02622749,0.13178214,0.0042296397
0.013148053,0.023005338,0.13648191,0.0037482092
0.011699771,0.021974662,0.13649295,0.005097517
0.010208658,0.018537115,0.13665155,0.008938004
0.011069774,0.01701131,0.1337933,0.010820759
0.015927285,0.013658008,0.13452454,0.0030781655
0.012742732,0.0118341185,0.14033206,0.0036715318
0.0117415665,0.008385962,0.1404026,0.0046299514
0.010618786,0.00838876,0.14087006,0.006668169
0.01255441,0.006149081,0.13961084,0.0051125805
0.009711476,0.005898283,0.14077201,0.009540444
0.012479139,0.0054740747,0.13762882,0.0076123592
0.008809547,0.0053681997,0.13801254,0.014486424
0.014953013,0.0061976006,0.13361335,0.0073447246
0.017213758,0.0056619183,0.14047389,-0.002218072
0.0137610845,0.004061144,0.14679827,-0.0049762656
0.012829466,0.00037533045,0.15065886,-0.008655476
0.010738437,-0.0013979308,0.15442404,-0.009192725
0.003965848,-0.006729553,0.15556906,0.0025339725
-0.00046803473,-0.007806513,0.14593688,0.019972136
0.012452717,-0.0068422286,0.1348782,0.013579236
0.01372518,-0.007963528,0.1379451,0.012509418
0.012529709,-0.0070819743,0.13757518,0.013026763
0.014624159,-0.007303558,0.13846341,0.008703619
-0.0016340981,-0.0065787914,0.13226314,0.03536797
0.01912683,-0.002460982,0.12025449,0.0123168025
0.017257826,-0.002395867,0.1346091,0.0105293365
0.017224714,-0.0027339528,0.13536455,0.0032314095
0.0070608086,-0.0031863253,0.14237705,0.014558435
0.01604683,-0.00325788,0.13431737,0.0048498996
0.0063957847,-0.0028511458,0.14098813,0.017621886
0.012062034,-0.0020074884,0.13026883,0.017476045
0.019321771,-0.0004415755,0.13464966,0.003072243
0.006704136,-0.0017070976,0.14019619,0.017228765
0.010489777,-6.542759e-05,0.13081552,0.019313637
-0.037824567,0.005018165,0.063627765,0.09078467
0.019702498,0.022910599,0.06532882,0.015885558
0.029625976,0.03175839,0.09830433,0.006690929
0.023877503,0.035018608,0.11232329,-0.003923671
0.01690615,0.035069555,0.13079132,-0.0045760423
0.0038160132,0.033443116,0.12529743,0.019742703
0.01659861,0.034926966,0.11818707,0.009289995
0.020562408,0.036200013,0.12857826,-0.004260299
0.007787868,0.03630334,0.13649419,0.006761358
0.0131378155,0.036962237,0.13082896,0.0006281812
0.012918955,0.037802707,0.13560988,-0.00059592293
0.009443506,0.038076498,0.13444312,0.005076663
0.01109188,0.03867371,0.13246733,0.004735293
0.012864894,0.039493073,0.13243435,0.0018812224
0.009519957,0.037824277,0.13330244,0.0072982484
0.014196815,0.039431784,0.1306815,0.0003317739
0.010757713,0.036522884,0.13544823,0.004105186
0.011128114,0.037014134,0.13216795,0.004924069
0.009279143,0.03534737,0.13165636,0.0103791095
-0.0029404082,0.034484304,0.11393569,0.03972502
0.020238284,0.03898413,0.10559107,0.009188096
0.020991797,0.042544406,0.12501259,-0.0006497941
0.015587226,0.04288847,0.13031673,-0.003623288
-0.050645232,0.039973993,0.07580022,0.07901571
0.015121739,0.053438332,0.0663377,0.012844562
-0.011675233,0.06202661,0.014923782,0.07429637
0.023020422,0.08014211,0.043677162,0.0019224309
0.036117576,0.088431135,0.09212206,-0.025043845
0.017792024,0.092313156,0.11476327,-0.01478559
0.014116001,0.084437676,0.1221243,-0.011841512
0.012895988,0.073828146,0.12631385,-0.006643668
0.008384968,0.07106434,0.12633628,0.0037819708
-0.0024634432,0.06648778,0.110695526,0.031832617
0.012663542,0.0678968,0.09433701,0.027705519
0.022260468,0.07344607,0.09971503,0.010363342
0.026297776,0.07696716,0.116512045,-0.020203136
0.007454611,0.07787276,0.13722877,-0.008591777
0.005143849,0.07359471,0.12577417,0.0039043517
0.013469501,0.072105266,0.12355388,-0.0019348778
0.013339356,0.073339656,0.12692831,-0.003378296
0.011260173,0.07298951,0.12944911,-0.0032817975
0.009675143,0.07214485,0.1291007,-0.0008192699
0.010113308,0.0703511,0.1268761,0.0014803973
0.013173397,0.07117968,0.1264061,-0.0029628854
0.016408429,0.06989515,0.13144997,-0.0146754505
0.013767468,0.07184552,0.14031693,-0.021631744
0.003713151,0.0639607,0.14444722,-0.008798024
0.007504223,0.06328479,0.13700047,-0.007154473
-0.0066813654,0.05694455,0.12827356,0.023058193
0.011650648,0.057659492,0.11068057,0.015090761
-0.013449336,0.056218423,0.075351804,0.06299272
0.001338171,0.06707794,0.0059572128,0.086826526
-0.016602557,0.07491995,-0.08436808,0.15219525
0.017307557,0.09364332,-0.039500795,0.08569676
0.037768662,0.12504102,-0.0011186798,0.029716663
0.038082235,0.15217571,0.06384203,-0.031073717
0.0026052955,0.15171312,0.07324061,0.01400934
0.011619511,0.13929147,0.052956548,0.028488202
0.024633456,0.14168172,0.06109894,0.010190209
0.025846649,0.15281929,0.082512714,-0.0028900723
0.018842675,0.15966587,0.09722658,-0.008869203
0.011725487,0.15762414,0.10120236,-0.002575504
0.009453235,0.15249208,0.094286084,0.007942938
0.015938519,0.15066394,0.09332281,0.00056574686
0.018680971,0.15465266,0.10333897,-0.012654592
0.017365124,0.15960123,0.11501867,-0.026366372
0.011663394,0.16023669,0.124827735,-0.029225277
0.008741272,0.15712889,0.12661733,-0.028339216
0.007283722,0.15425014,0.12784754,-0.025852636
-0.01075092,0.14783108,0.11538091,0.009498293
0.011835548,0.14336567,0.10075708,-0.0084207235
0.014938435,0.14906247,0.11354256,-0.015367623
0.014899507,0.15155359,0.117361344,-0.025385365
0.0039430778,0.15129417,0.12510747,-0.014257853
0.009033652,0.14738163,0.1156354,-0.015020368
0.00058295106,0.14488941,0.11251171,0.0041695917
-0.0031405543,0.1391378,0.081064455,0.033088572
-0.086752936,0.1268047,-0.08401659,0.14819956
-0.0012329265,0.13754103,-0.014484521,0.02929596
0.027669337,0.1679943,0.029490257,-0.011940559
0.029896285,0.19888397,0.07955591,-0.07309568
-0.0039344397,0.20304275,0.11814647,-0.040387776
0.008498506,0.15257236,0.10265005,-0.024493981
0.008498205,0.13816126,0.113182604,-0.009696268
0.01728441,0.12910312,0.111227274,-0.023518959
0.0081377635,0.12511586,0.13166505,-0.017733458
0.009608622,0.11515112,0.12430349,-0.016197432
0.007072876,0.109170005,0.12973654,-0.010376045
0.006486893,0.103134975,0.12222386,-0.000941479
0.013819561,0.10026699,0.122125596,-0.010315467
0.013367113,0.09882761,0.12913671,-0.015142226
0.0100687975,0.09599975,0.1326785,-0.0144740995
0.003604997,0.09061263,0.1312632,-0.0016378998
0.013808568,0.088347055,0.12524575,-0.013548541
0.00366062,0.086995676,0.13185409,0.0005438882
0.01114825,0.08718492,0.12149872,-0.00415012
0.0131357815,0.085624315,0.12823872,-0.00860399
0.01340753,0.08748064,0.1295847,-0.014270925
0.012376858,0.085125215,0.13636658,-0.018753361
0.009813325,0.08161166,0.1392294,-0.018301731
0.010521382,0.07691441,0.1413607,-0.02139981
0.007860321,0.07368392,0.14467908,-0.019277854
0.009237803,0.07181497,0.14383037,-0.021541586
0.0026679912,0.06972141,0.1460667,-0.011194946
0.0032571417,0.062317405,0.13761333,-0.0007654647
0.004621043,0.054900322,0.1308628,0.009365481
0.014751609,0.048753385,0.12639499,-0.00018822582
0.014226704,0.0010566332,0.14005807,0.0063877287
0.012711305,-0.005018787,0.14079139,0.007257137
0.007801214,-0.010696638,0.1415861,0.017000906
0.014530593,-0.012286139,0.1358906,0.012014915
0.0047969413,-0.011388816,0.13542221,0.028218301
0.017945375,-0.008537853,0.12646298,0.013089751
0.021918785,-0.00923147,0.139181,-0.0029360547
0.0051468527,-0.009561122,0.14682983,0.013318165
0.0027396565,-0.009442256,0.13377163,0.0290652
0.02046991,-0.0052522365,0.1269777,0.0058276616
0.0053003263,-0.0058842944,0.13672978,0.024316425
0.019809712,-0.0037648326,0.1275222,0.0010969486
0.016604522,-0.005579622,0.14669245,-0.0031535332
-0.042484112,-0.0031276508,0.1051099,0.07368242
0.009059849,0.012543372,0.058945835,0.061032154
0.029761262,0.024423972,0.071931474,0.021161485
0.031606603,0.032720536,0.10807801,-0.00080058596
0.013337643,0.032570098,0.12162131,0.010990391
0.015664337,0.0337115,0.12013519,0.008418658
0.014203352,0.033986375,0.121436276,0.013959717
0.0054183984,0.037173662,0.11063796,0.034116834
0.01850897,0.04158029,0.104254335,0.01996298
0.024242895,0.047831226,0.116308585,-0.0013490758
0.01776664,0.04962571,0.13119946,-0.0068622692
0.010553945,0.050034672,0.13509907,-0.0026800388
0.01190212,0.04851859,0.13422865,-0.003766472
-0.00043884286,0.048626043,0.12955041,0.018959913
0.017239671,0.048592217,0.11972503,-0.0022404331
0.012535825,0.050462462,0.13424848,-0.00063523365
0.017997097,0.048831414,0.13163465,-0.017632745
0.0012173479,0.04847017,0.14651409,-0.0013849433
0.011068529,0.044256564,0.13209003,-0.0048611425
0.0020794016,0.04394242,0.13630381,0.011169265
0.012128055,0.043927312,0.12324246,0.0070354654
0.0131088365,0.043752614,0.12915704,0.005957052
0.014905568,0.04390647,0.1285443,0.00010249741
0.01530738,0.044051897,0.13568161,-0.0074562225
0.0036696575,0.04116301,0.13666998,0.00928665
0.008127422,0.039114445,0.12574081,0.0145397745
0.019763207,0.045976575,0.12554672,-0.007732853
0.015691655,0.038458757,0.1418328,-0.011909397
0.0028391334,0.03767639,0.14226772,0.0040569315
0.0016838073,0.030760268,0.1304955,0.020368414
0.014451359,0.026641168,0.12153444,0.013880749
0.016357485,0.021109369,0.12754868,0.010869502
0.014998839,0.019067409,0.13087603,0.008162133
0.014286583,0.017327385,0.13435489,0.0054717176
0.011014747,0.013043354,0.13537203,0.010921289
0.017082496,0.013034109,0.13457398,-9.364914e-05
0.0037972715,0.009725831,0.1400367,0.017250411
0.013553835,0.008495733,0.12936133,0.011412311
0.016171794,0.006566729,0.13591489,0.005986646
0.013206529,0.007943673,0.13799138,0.005998005
0.006901208,0.0048727468,0.13791345,0.016866839
0.013505202,0.0084886085,0.13055979,0.01236793
0.015962003,0.0067388793,0.13469103,0.007296186
0.014931066,0.006996327,0.13829266,0.003398106
0.005661338,0.0054532625,0.1395379,0.016459133
0.015991772,0.0075116362,0.13219833,0.0046170317
0.0112898955,0.0076078014,0.14000414,0.0088640945
0.015413179,0.0073079155,0.13672715,0.0011190248
0.00033524988,0.0072373087,0.13968834,0.021848395
0.015846929,0.007863241,0.1265668,0.008235424
0.019468341,0.008819768,0.13879916,-0.003958982
0.01717953,0.0050934646,0.14597423,-0.012556534
0.0023204866,0.001981795,0.15519875,0.002481485
-0.0033191608,0.0021677585,0.1388249,0.02596413
0.016110966,0.00432479,0.12755682,0.009959889
0.011909634,0.004616782,0.13479601,0.015209221
-0.0034514156,0.0072814063,0.11693783,0.045386974
0.020990077,0.013323222,0.10766104,0.01578708
0.020683667,0.016079076,0.12346258,0.011093736
0.015725581,0.015080072,0.12670478,0.0116020795
-0.04322463,0.018434968,0.06451124,0.08848835
0.018341424,0.033139534,0.05823938,0.027448483
0.03351751,0.044532925,0.08800758,0.002358006
0.028376995,0.047580283,0.11676108,-0.017217178
0.012556442,0.047245763,0.13665083,-0.0102921445
0.0079025095,0.043434963,0.13280128,0.0017259395
0.0004274351,0.042438347,0.12241297,0.025277276
0.016972743,0.043599073,0.112733215,0.010260976
0.014881448,0.04761322,0.12262791,0.010187769
0.019333467,0.047465224,0.123981215,-0.0065342714
0.0069295056,0.048132863,0.13561182,0.004707028
0.015234971,0.04472747,0.12727447,-0.0047901534
0.01317228,0.04633831,0.13862196,-0.0064795054
0.007803483,0.042731434,0.13643032,0.0024720868
0.010019603,0.04336217,0.1342351,0.0022632806
0.012641037,0.04112599,0.13353373,-0.00024413959
0.0123887705,0.041612964,0.13625729,-0.002324835
0.0038523746,0.03992181,0.13451609,0.012292334
0.01253633,0.04011794,0.12597822,0.0070346775
0.006071471,0.040800482,0.12427002,0.020820774
0.018669607,0.043685004,0.11830516,0.0013054732
0.016817845,0.046132848,0.13339955,-0.0049088
0.0125080645,0.046927605,0.13487282,-0.0049674497
0.007436108,0.04042267,0.13789375,0.0032218937
0.0059928093,0.041596353,0.12898088,0.013663782
0.010514992,0.03847397,0.12212561,0.017198784
0.01632614,0.039877135,0.12127088,0.0092772655
0.009092538,0.034600858,0.123462915,0.020571193
0.01711034,0.03635908,0.11867919,0.009086802
0.012978981,0.0317999,0.12542638,0.01454352
0.005725212,0.02468397,0.11458706,0.034244146
0.018271757,0.02532853,0.10817369,0.022922356
0.02532455,0.02770155,0.11907145,-0.000633925
-0.027445883,0.026702555,0.09628187,0.0631666
0.016116336,0.037753534,0.075072095,0.03325585
0.029706074,0.044318035,0.0925733,0.008015903
0.02110719,0.048519194,0.11344747,0.00734981
0.010926711,0.04788668,0.11388091,0.019603653
0.021309251,0.048487835,0.113957666,0.0001786534
0.012440573,0.0507045,0.1256283,0.008633342
0.020539483,0.049382996,0.12394909,-0.013890632
-0.000861365,0.05092035,0.13906474,0.008045034
0.012667598,0.048254468,0.12233361,0.00083633204
0.016083444,0.05074094,0.13343732,-0.0068920488
0.0021559927,0.047965236,0.13099568,0.014643873
0.009939007,0.050108265,0.12016723,0.014037546
0.013419209,0.050006337,0.1181432,0.014068766
0.012223334,0.052064806,0.11534382,0.018360471
0.018759128,0.05302778,0.11635121,0.00519715
0.0054307077,0.053660326,0.117233954,0.024116779
0.015975775,0.055163007,0.107660964,0.014775009
0.01685638,0.058814734,0.113892786,0.012345259
0.021014823,0.059918806,0.11816245,-0.0052838717
0.0008589247,0.061346106,0.124570444,0.018342508
0.013038011,0.058699045,0.10975124,0.013624306
0.0145377675,0.062039826,0.11307252,0.014837316
0.022301482,0.061846707,0.11625414,-0.009747154
0.0013549478,0.06181006,0.130131,0.0118904635
0.0020232587,0.057727184,0.10486816,0.03286327
0.0146859335,0.06354788,0.09313468,0.029369762
-0.06383237,0.062026758,-0.049912766,0.13392697
0.012715217,0.083827145,-0.012506529,0.047058664
0.033516593,0.10349661,0.008246754,0.030557489
0.03603822,0.123869605,0.05570911,-0.0113866655
0.029630747,0.13110222,0.09536365,-0.03045605
0.016391212,0.12908405,0.11121865,-0.021302342
0.010352087,0.12037761,0.11348883,-0.0068102465
0.011274821,0.11760187,0.11126856,-0.0013413803
0.009779917,0.11662989,0.110318966,0.004899275
0.011650553,0.11683995,0.10671849,0.0054865615
0.017422168,0.1200779,0.11012655,-0.008966301
0.017140558,0.12195546,0.12152987,-0.020242589
0.009632657,0.121557616,0.1284793,-0.016837655
0.00606961,0.11821661,0.12577413,-0.008990942
0.011944878,0.114173144,0.12330626,-0.014646248
0.014063181,0.11517436,0.12957081,-0.02390237
0.0039783544,0.11065853,0.13471021,-0.012055514
0.0057893028,0.10602039,0.12657025,-0.0065690237
0.014177972,0.103303656,0.12634894,-0.018632114
0.0071098753,0.102083534,0.13384554,-0.011691854
0.011151213,0.09702785,0.12963045,-0.016261814
0.0037117067,0.095094286,0.13358867,-0.004839937
0.016361648,0.09245826,0.12619473,-0.026561074
-0.0014277174,0.090407476,0.1426946,-0.007894036
-0.021621237,0.08159705,0.09889122,0.04706608
0.016236313,0.08383462,0.0871262,0.010138297
0.023782033,0.09693799,0.10794315,-0.0090979785
0.015890848,0.094289795,0.1217187,-0.0107433675
0.01198481,0.08933799,0.12725265,-0.010879834
0.0067124357,0.07758679,0.12669449,0.0024409913
0.0008749375,0.05113368,0.1140282,0.030362438
0.017156499,0.04368041,0.105966,0.018661119
0.021458562,0.035531104,0.11751862,0.008738942
0.016240748,0.027687108,0.12610997,0.009336552
0.015791614,0.026740685,0.12927262,0.0051007527
0.0060254787,0.026050067,0.12826486,0.020956108
0.009021584,0.026802769,0.11448115,0.029429367
0.021844491,0.029271115,0.11486466,0.007885292
0.015441145,0.02961571,0.12815844,0.0096497275
0.014394741,0.028314603,0.12728229,0.0077139526
-0.033109188,0.029460369,0.08165244,0.07411435
-0.009552028,0.043525852,-0.019366285,0.10559252
0.022346854,0.065904014,0.021450825,0.022669563
0.04114533,0.08666282,0.0806245,-0.025306173
0.02542932,0.09395716,0.11602859,-0.037689418
-0.00071865454,0.09086205,0.12899451,-0.0062309215
0.0023642054,0.083016045,0.10769865,0.017181965
0.003753899,0.08323261,0.08211707,0.040698703
0.021945644,0.09043376,0.08366973,0.01092524
0.018186737,0.10002027,0.100512594,0.009765544
0.022598865,0.1060096,0.106111266,-0.020243403
0.012161985,0.1051352,0.12917589,-0.01601682
0.008225568,0.10254631,0.12111981,-0.005470929
0.011097508,0.09811338,0.12282286,-0.0051421137
0.012274245,0.09403977,0.12299174,-0.005757611
0.008161424,0.09281654,0.12457133,0.00065620843
0.012949503,0.09182742,0.12117463,-0.0053957556
0.008256118,0.090028375,0.12426167,0.00206705
0.0101355165,0.08918607,0.11768267,0.004364096
0.012507944,0.08810711,0.11779477,0.0031817663
0.014740097,0.087117046,0.11925224,-0.0022402324
0.011730192,0.08673861,0.12359001,-0.0010060198
0.016003761,0.08606005,0.1243709,-0.012893672
0.0064779497,0.082712814,0.132128,-0.0021198895
0.01220916,0.08065921,0.124999166,-0.0070592603
0.009571391,0.07770629,0.13091242,-0.0030811387
0.015329923,0.078028515,0.12829523,-0.015536298
0.0013821754,0.07418571,0.13686876,0.001550751
0.01237754,0.06869077,0.124991216,-0.0061894692
0.0064649032,0.0626852,0.13215873,0.004786993
0.01096557,0.055488475,0.12330812,0.0066488637
0.01078297,0.032793876,0.12731077,0.014743046
0.009452471,0.030821888,0.11965256,0.02361164
0.013021831,0.0321947,0.11342617,0.025251795
0.022512285,0.03187754,0.11655668,0.003932045
0.01679303,0.033308223,0.1321239,0.0013095337
0.011381612,0.027967768,0.13276984,0.0064755627
0.006700527,0.024065794,0.13001852,0.018563697
0.0018068786,0.023137046,0.11051789,0.04139608
0.011142364,0.026461897,0.088403575,0.04833446
0.01838968,0.034915842,0.075032964,0.049154848
0.024602495,0.044106875,0.07434988,0.039855693
0.02692924,0.051194888,0.08390459,0.027299501
0.018987648,0.057682704,0.08580586,0.03490336
0.019642433,0.06139047,0.08036056,0.035945956
0.024114333,0.06728843,0.084009536,0.025632033
0.023379132,0.07223827,0.09362952,0.017986136
0.019951945,0.0763457,0.101369634,0.013719466
0.018529275,0.0770189,0.1067565,0.009193536
0.015437889,0.079167984,0.1096284,0.010712243
0.016360395,0.0784994,0.110841624,0.007540999
0.018146783,0.08121578,0.11675618,-0.0021958286
0.014968024,0.08107054,0.1244834,-0.0051716706
0.014057067,0.08188541,0.128016,-0.010471144
0.003839913,0.07904683,0.1293189,0.004832946
0.007036125,0.07817908,0.11676502,0.01231028
0.012591683,0.07923124,0.112678915,0.010767088
0.021734005,0.082282655,0.11759514,-0.016418967
0.016044335,0.084637806,0.13818051,-0.024673348
-0.00044633256,0.07923159,0.13805643,-0.0022960848
0.011880944,0.07506926,0.12907287,-0.011514429
0.01001612,0.07363444,0.13606429,-0.009113736
0.013593988,0.06976751,0.13484098,-0.016995037
0.0066155684,0.0664541,0.14359856,-0.011019919
0.0075905174,0.06350491,0.13713795,-0.0075335456
0.0047168573,0.060780197,0.13612358,0.0019170223
0.012683818,0.05863674,0.12970369,-0.004831939
0.014503172,0.055985305,0.13742581,-0.012194319
0.00797282,0.04960115,0.14138147,-0.00528561
0.000839383,0.042283032,0.13581467,0.012647484
0.0145969605,0.035457894,0.12736662,0.0018979699
0.014927107,0.029291721,0.13691616,-0.001070628
0.006088676,0.023114283,0.13693643,0.012280536
0.012731683,0.017781233,0.13183986,0.008755904
0.016009795,0.012726989,0.13554667,0.0030875765
0.0084915785,0.008233136,0.13869813,0.013094585
0.016736522,0.0047357692,0.1353577,0.0012000831
0.0016355625,0.0013136994,0.14035188,0.021876955
0.012165269,0.0016803555,0.12605503,0.019341527
0.017999047,0.0015595242,0.1303882,0.010964746
0.020781985,0.00069669355,0.13652392,-0.0043856734
0.0052189673,-0.0016310887,0.14802468,0.009838095
0.014063419,-0.0027302012,0.13848186,0.0021483535
0.0101655,-0.0035655962,0.14609069,0.0067055817
0.012976487,-0.0056603355,0.14155252,0.0043801228
0.006964916,-0.006336396,0.14514862,0.013033282
0.009229554,-0.008187167,0.13644566,0.01812958
0.012853114,-0.004041883,0.13378713,0.016562372
0.0181956,-0.004459133,0.13483761,0.0051075746
0.0071587097,-0.003478615,0.1410038,0.016662804
0.012710804,-0.0020548955,0.13230799,0.014452969
0.012905896,0.0002919302,0.1339055,0.015518888
0.017718975,0.0010334305,0.13326481,0.005202603
0.009233563,0.0019715596,0.14029145,0.013159138
0.014560764,0.0026267965,0.13438332,0.007276279
0.0070580617,0.0034441436,0.13736834,0.018576376
0.017701384,0.0039127637,0.13052489,0.003897618
0.0051107663,0.005785927,0.13830918,0.019075176
0.017376367,0.0064573702,0.12835275,0.003696756
0.015254085,0.0058694785,0.14226824,0.00082655443
0.010960889,0.0040791193,0.14104095,0.0054645035
0.00037116001,0.005330221,0.1370182,0.024942039
0.017805116,0.0052536945,0.12602751,0.006357545
0.005020138,0.008486792,0.13324298,0.02331317
0.012312154,0.008847848,0.11961203,0.02372762
0.017799694,0.012492037,0.12236451,0.01651652
0.01898718,0.012787504,0.1266167,0.008390633
0.013970113,0.013381593,0.13393126,0.009308873
0.016981902,0.0110989325,0.13456069,0.00032458737
0.0052236845,0.011827647,0.13936406,0.015218306
0.016854322,0.011752297,0.13087198,0.0010541992
0.012911048,0.0124979345,0.14303052,0.0012438343
0.010896786,0.011006378,0.14016661,0.0037343742
0.006761673,0.011500906,0.1402772,0.0121835675
0.015129276,0.010925898,0.13422862,0.003109185
-0.0013361203,0.012423669,0.13450554,0.027090076
0.017029768,0.012877168,0.12128071,0.008819226
0.008776277,0.015471747,0.12940414,0.020692728
0.01707325,0.015533597,0.121541284,0.010870243
0.012754981,0.01792738,0.12991326,0.014820484
0.019246833,0.016375512,0.12758191,9.9438475e-05
0.009987759,0.01759467,0.13994841,0.0069456166
0.011478816,0.015000672,0.13264425,0.009385687
0.012652192,0.01718593,0.13460454,0.008766744
0.009878953,0.015078822,0.13187194,0.015820269
0.014891109,0.0171314,0.12977096,0.009409611
0.011511679,0.01671807,0.13199633,0.013920433
0.017124236,0.017512968,0.13053343,0.0031912308
0.017514015,0.015685339,0.14029588,-0.005953741
0.014311103,0.015967907,0.14629707,-0.010707303
0.0018215311,0.011208194,0.15033698,0.0058451407
0.0012729105,0.010652215,0.13582492,0.02174896
0.0114055,0.011714288,0.12529275,0.020615555
0.0139081115,0.013214154,0.123366065,0.020884445
0.021430083,0.012442306,0.12673824,0.0015261234
-0.08326952,0.015985653,0.028557451,0.110902056
0.011221533,0.037823405,0.04416418,0.009527234
0.030704014,0.05172263,0.07733466,0.0017672465
0.02839499,0.056933522,0.102054976,-0.019155033
0.006762975,0.058873087,0.12607415,0.0018968252
0.011417948,0.055406816,0.11313486,0.008918642
0.01356289,0.058933366,0.11399827,0.0136718685
0.014836083,0.058345776,0.11076664,0.015672665
0.020329185,0.063154034,0.11755312,-0.0017242769
0.016992174,0.06240946,0.12953922,-0.008471989
0.011282983,0.060274575,0.13408777,-0.0058526928
0.009231133,0.05695122,0.13365333,-0.0010577827
-6.8920676e-06,0.054966453,0.12499795,0.020841917
0.015154487,0.05523891,0.11486361,0.007891196
0.018072505,0.057123676,0.12483384,-0.0016216912
0.015499371,0.05780914,0.13089116,-0.007402916
0.0060224514,0.05599976,0.13477191,0.003694388
0.010382063,0.054626487,0.1266716,0.004481367
0.0086068325,0.054462966,0.12519631,0.012071328
0.008104101,0.053629193,0.11568816,0.021731477
0.01894669,0.057282,0.1145669,0.0037987493
0.018528745,0.058109853,0.12710826,-0.0054333354
0.013228322,0.06032368,0.13263181,-0.006688994
0.0099417,0.05498796,0.13515626,-0.002903219
0.00647348,0.0576456,0.13088264,0.0061517283
0.015185161,0.053450532,0.12778479,-0.004053496
0.013390423,0.059632543,0.13578609,-0.008498797
0.0044715325,0.04765552,0.13595422,0.0068205944
0.0106622875,0.04816341,0.12852076,0.004727738
0.015954442,0.038399007,0.13191368,-0.0023985736
0.013794388,0.024404874,0.13998047,-0.0025854937
-0.0007859584,0.020221906,0.1376485,0.020407934
0.012130639,0.018207487,0.1243861,0.015897192
0.01976128,0.01775037,0.12949982,0.0018662818
0.013696035,0.015144006,0.13904773,0.0028959285
0.010843651,0.013033506,0.13928145,0.0053865956
0.011030776,0.011238718,0.13853092,0.0073008384
0.012776496,0.009001938,0.13769895,0.006447539
0.013248328,0.009518867,0.13957748,0.0038810472
0.013292126,0.0069668433,0.14191745,0.0012892527
0.009293719,0.006897181,0.14374006,0.0057962
0.010716259,0.0051164296,0.14067343,0.0067307116
0.008770853,0.003717901,0.13965595,0.012762728
0.017034864,0.0030804297,0.13685746,-0.00016628392
0.009753208,0.0021069816,0.1462082,0.0053298804
0.018338626,0.0006073216,0.14191961,-0.013091427
0.008495374,-0.0038753673,0.1589619,-0.007847498
0.01095496,-0.007128177,0.1522464,-0.009231185
-0.0038565497,-0.01073497,0.15723403,0.012661518
0.00772298,-0.011462044,0.13940437,0.014801338
0.011729231,-0.010635721,0.13928446,0.014443878
0.002687019,-0.00963509,0.13048269,0.033736423
0.0007091552,-0.0031101124,0.102687925,0.055733416
0.025648072,0.0050198366,0.10012225,0.012875505
0.017219182,0.007013356,0.12231442,0.01946164
0.007874394,0.0104540065,0.109740555,0.037981957
0.008525962,0.016750354,0.088026665,0.053750083
0.027208343,0.024714435,0.09050218,0.014646039
0.027482897,0.028499126,0.12013959,-0.00043305918
0.019241706,0.028194139,0.13044135,-0.0066449884
0.0069386535,0.027075581,0.13911471,0.0058012
0.0111083165,0.024523979,0.1299077,0.008956277
0.009064274,0.025527302,0.129063,0.017133519
0.01915149,0.026248073,0.12620793,-0.00095807074
0.007426454,0.027014084,0.13783205,0.009931709
0.013579823,0.026081484,0.12902586,0.004769967
0.002149514,0.027961563,0.12876588,0.024065917
0.01727886,0.028972797,0.1176472,0.0082016885
0.014852635,0.03262711,0.12925172,0.008056673
0.019116856,0.03136606,0.12913841,-0.0071605784
0.0046071154,0.03268847,0.14109313,0.0068033757
0.015274282,0.02972672,0.13043419,-0.004412959
-0.00036670442,0.03155633,0.13684927,0.017036699
0.0073782713,0.031847674,0.11668287,0.024907319
0.018971873,0.037097372,0.11719803,0.009530307
0.023646552,0.039349616,0.12809281,-0.014857197
0.0016215129,0.040442113,0.1431593,0.004432583
0.012413707,0.04018761,0.12964708,-0.0028160594
0.0040092184,0.039973702,0.13387716,0.012719056
0.016434563,0.037818637,0.12426311,-0.0011238174
0.0091834245,0.038983338,0.13618667,0.0056248666
0.016721701,0.034514647,0.13038953,-0.007477483
-0.011265407,0.02954196,0.13258253,0.029581977
-0.06286756,0.031529047,-0.012531528,0.12268129
0.012285343,0.05471575,0.022382986,0.022319168
0.035308544,0.069635615,0.06668034,-0.00525037
0.027023798,0.07535839,0.10031091,-0.015971042
0.00031328,0.073100016,0.1064756,0.0205562
0.011093372,0.07198617,0.085418485,0.029734435
0.023749528,0.07526502,0.08950997,0.013914435
0.016901705,0.08274464,0.096932575,0.020757345
0.01949533,0.084160596,0.09959865,0.0102592865
0.01305636,0.0880668,0.10261954,0.01816892
0.015953934,0.087349884,0.0973995,0.01692409
0.004274516,0.09027813,0.07908065,0.043532748
0.020894634,0.093035534,0.075146146,0.021675244
0.025390465,0.1019203,0.09247632,0.0053092516
0.024048332,0.106168255,0.10839362,-0.015475353
0.0073320493,0.108593285,0.12117165,-0.0014213041
0.009438339,0.10318267,0.11011015,0.0052894615
0.014051942,0.10389897,0.11047084,0.0027248212
0.014743474,0.104823194,0.11273496,-0.00029355966
0.013144604,0.10605068,0.1166136,-0.0018589165
0.011586179,0.10370502,0.11699097,-0.00017650967
0.012450743,0.10448318,0.11665748,-0.0015990536
0.014494783,0.104364015,0.119135246,-0.007582271
0.012662664,0.10400976,0.124251835,-0.009540233
0.010847035,0.103495345,0.12579161,-0.009592675
0.009718243,0.10224447,0.1262056,-0.0079577295
0.006266676,0.10359694,0.12270451,0.0005937745
0.012977313,0.09660448,0.119476125,-0.005088409
0.009623075,0.09699897,0.12316615,-0.00072812237
0.016881876,0.08860211,0.12283224,-0.015429119
0.00817208,0.06968341,0.13711086,-0.0051714177
0.006036234,0.0629003,0.12852933,0.005828316
0.017052254,0.058150414,0.12837996,-0.010362494
0.003966298,0.054357685,0.13636465,0.005963044
0.007452114,0.047813065,0.124410614,0.013008302
0.014896458,0.04650723,0.12349368,0.006450868
0.014740871,0.04399603,0.12720697,0.004645715
0.014573006,0.04112934,0.13091831,0.0007686241
0.0080248155,0.03569952,0.1326207,0.010831996
0.013645109,0.033012614,0.1275705,0.006853693
0.014504294,0.029324537,0.13227649,0.004577864
0.012924113,0.023516009,0.13436088,0.005513618
0.00847426,0.019038104,0.13435207,0.013982123
0.013359906,0.017140407,0.12940022,0.011600781
0.016574439,0.01700274,0.13295783,0.0041853837
0.00295908,0.0154165495,0.13251561,0.023920663
0.017693166,0.016211465,0.123748876,0.0064755357
-0.0098778065,0.01670713,0.115039274,0.04640438
0.020421471,0.021573607,0.10157902,0.01009801
-0.0055047413,0.025354378,0.094299406,0.050541054
-0.003387509,0.03448637,0.024661396,0.08730466
0.027950933,0.050207533,0.04060423,0.033562668
0.03879781,0.06443472,0.08294026,-0.013884084
0.024793172,0.06941773,0.123231456,-0.022519244
0.009394366,0.06625111,0.1298068,-0.0082185585
0.00634642,0.061836705,0.12592895,0.0063729584
0.009274132,0.06090792,0.11633766,0.01526313
0.01955974,0.06299234,0.118238404,-0.003549011
0.012666276,0.06353604,0.13131808,-0.002072331
0.008678965,0.06414129,0.12750763,0.0037268267
0.0046856264,0.062212132,0.120739825,0.017754564
0.016776692,0.062994935,0.11407708,0.004257593
0.017205298,0.066069104,0.12529746,-0.0030511466
0.01331934,0.06471763,0.1293112,-0.004099625
0.004850965,0.06318772,0.12919372,0.00888138
0.014285818,0.06176868,0.12170802,0.0003377167
0.012233248,0.06223784,0.12826464,0.0020336248
0.008760211,0.062017027,0.12415089,0.009401857
0.01494459,0.061178356,0.12294363,0.0012747158
0.01204592,0.062398374,0.1269421,0.0032909843
0.014311591,0.06100124,0.12685724,-0.00252068
0.0010658995,0.06257851,0.12518597,0.017683625
0.017528336,0.05955063,0.11592383,-0.0027964122
0.0116622215,0.063288294,0.12964486,0.0016001137
0.0151893655,0.059086658,0.12578148,-0.005891089
0.002969057,0.060495645,0.13152196,0.009890297
0.01633711,0.0577189,0.12121791,-0.006273052
0.006708783,0.053014703,0.13360585,0.0063664294
0.012925607,0.04752693,0.12404434,0.0035667259
0.013046924,0.042471062,0.13158566,0.0034392197
-0.026122496,0.027355546,0.09264993,0.06755261
0.020259801,0.032525156,0.08492562,0.010188105
0.027313935,0.03794754,0.11564834,-0.0034786214
0.02059807,0.03594032,0.12716158,-0.011140926
0.013015733,0.03555093,0.14199598,-0.011129145
0.006087601,0.030981952,0.13944843,0.00296662
0.011963411,0.029526789,0.13567924,0.0009054266
0.00791618,0.027954064,0.13669437,0.009214835
0.013039858,0.027759701,0.13232125,0.0042766663
0.009629365,0.02679447,0.13510875,0.009397942
0.010269167,0.025584841,0.12952004,0.013355485
0.011837587,0.026163846,0.12724066,0.014744928
-0.0041779075,0.02770738,0.10772685,0.047216654
0.02152173,0.0338686,0.099722184,0.012129394
0.019425167,0.036230545,0.11851742,0.011373579
0.021483047,0.038506385,0.121310875,-0.006657258
0.0051335515,0.03621129,0.13541594,0.010138006
0.013910569,0.036166117,0.1229685,0.0052326876
0.014598325,0.034543544,0.13169962,0.003979224
0.010266294,0.035205178,0.1293883,0.0105669275
0.015209163,0.03399831,0.12974231,0.0027253542
0.007549856,0.033438988,0.13131365,0.013948348
0.016135601,0.033370778,0.12604643,0.002970788
-0.0003927545,0.033353318,0.12540145,0.027975572
0.0184258,0.0359622,0.11390408,0.0048382357
0.016460294,0.036460407,0.13025247,0.003053986
0.016135618,0.04007419,0.12952474,-0.0040400536
-0.0005197957,0.03334566,0.13339242,0.01993743
0.014903105,0.035814524,0.11890844,0.007861026
-0.030227201,0.034262948,0.0772102,0.0722075
0.017263608,0.04091324,0.05894484,0.039548784
0.027976451,0.05199071,0.0680046,0.03250786
0.030372966,0.059821617,0.08890673,0.005519103
0.024385167,0.06524425,0.11413202,-0.0053247944
0.002423538,0.06433043,0.11097055,0.025175815
0.017792605,0.06495648,0.10227233,0.010835606
0.020722834,0.06966911,0.114146374,0.0018235226
0.01963684,0.07032364,0.123429,-0.010658364
0.0033863175,0.07155213,0.13077255,0.006161183
0.010520892,0.06592792,0.11883573,0.0072118384
0.016262745,0.06792657,0.122424416,-0.0012867112
0.009954734,0.06529961,0.12581563,0.0063010375
0.009769749,0.061950512,0.1213964,0.010801341
0.015600302,0.06162331,0.12038948,0.0030652655
0.017817833,0.060740266,0.12748513,-0.007332613
0.011736366,0.06156039,0.13505305,-0.0060755587
0.0067734057,0.056769077,0.13343221,0.0031788992
0.0095932055,0.0579415,0.1278464,0.004769833
0.0154495975,0.05522731,0.12843576,-0.004169699
0.009004277,0.05719654,0.1336944,0.0016096272
0.010002267,0.052540682,0.12908101,0.00427498
0.012372187,0.05423442,0.12899943,0.0017538873
-0.036687344,0.05045493,0.077284455,0.07316521
0.007247816,0.05989606,0.024695696,0.06941749
0.02835281,0.07382205,0.048538595,0.017027626
0.03332179,0.09334984,0.09093263,-0.00863746
0.021577556,0.09283963,0.110647306,-0.0148344375
0.0021786091,0.090221,0.11440958,0.012299568
0.0102683725,0.082300626,0.09697647,0.021316318
0.018578617,0.0800427,0.0979205,0.015861122
0.015441579,0.07997193,0.10024779,0.020399654
0.018146776,0.077356786,0.102432795,0.013446969
0.019547263,0.07820618,0.10987361,0.0041906633
0.020482814,0.077964425,0.11941422,-0.010004121
0.009668919,0.0759868,0.12943056,-0.0013905511
0.011648142,0.07226031,0.12456911,-0.0014512185
0.009427977,0.07134561,0.1260865,0.0042348467
0.009120436,0.071054004,0.1198222,0.010284171
0.014077568,0.071028896,0.118498385,0.0049850517
0.014252855,0.07148792,0.12154741,0.0023683026
0.007728959,0.0713286,0.11975989,0.013276076
0.017563129,0.070776656,0.1167664,-0.002461182
0.013872237,0.07205766,0.12787841,-0.0029008936
0.012117898,0.07027397,0.12703606,-0.0026574533
0.0015836335,0.07058455,0.12358551,0.016089527
0.014869695,0.06916723,0.11331513,0.00471919
0.0161053,0.07236283,0.122670285,-0.0007003744
0.016971547,0.071390666,0.12650113,-0.0110598365
0.0074526435,0.07605824,0.1344092,-0.0039310474
0.009072617,0.06781299,0.12757455,0.00065313606
0.004018141,0.06690921,0.122972555,0.01539332
0.013334915,0.061354205,0.11413927,0.01152356
0.015909055,0.05746795,0.11967372,0.0074928673
0.020063503,0.045743383,0.12588285,-0.0071493555
0.006824296,0.041467916,0.13698238,0.0058770706
0.012208747,0.036259983,0.12840222,0.004606028
0.012480413,0.035385713,0.13277751,0.0050099636
0.012097703,0.03163574,0.13124682,0.006828218
0.015386763,0.029401561,0.13405372,-0.0005711692
0.009399819,0.025306229,0.13806197,0.006486691
0.0147432145,0.021934189,0.13551354,-0.0010877223
0.009199027,0.018142423,0.14177963,0.0053195334
0.013027725,0.016818091,0.13737059,0.0012390495
0.009218767,0.015418293,0.14166005,0.0062042996
0.011748517,0.014492386,0.13703434,0.0054631713
0.0072222967,0.013798108,0.13739215,0.014447268
0.013766107,0.0143989725,0.13091509,0.009141337
0.014329522,0.012048093,0.13595684,0.006755285
0.012373601,0.012184769,0.13643377,0.0076446603
0.011108845,0.009993982,0.1368375,0.010321491
-0.0033197207,0.010919412,0.12353407,0.039007355
0.01896735,0.013927525,0.11179219,0.016093448
0.019837396,0.017214155,0.12539572,0.009901257
0.011685967,0.016124789,0.12640539,0.018490152
0.013934818,0.01725008,0.12410008,0.017314374
0.016814003,0.017689846,0.124610245,0.012734805
0.016796261,0.01923597,0.12921654,0.007950333
0.010719593,0.018636277,0.13145861,0.01472265
0.01802387,0.019361984,0.12978424,0.0008422234
0.012077058,0.017714445,0.139666,0.0043391925
0.0098331785,0.016117044,0.13584325,0.009513792
0.017016813,0.014429774,0.13675427,-0.0029530092
0.0065964023,0.01246572,0.14330035,0.009007325
0.013662668,0.012672961,0.13628092,0.0017867384
0.0073288376,0.01087884,0.1413362,0.011042811
0.011413196,0.012109901,0.13304277,0.010912011
0.014060276,0.011315221,0.13562869,0.0073538367
0.012432507,0.012048273,0.13630699,0.008092823
0.0075424323,0.011658199,0.13448334,0.017655347
0.015206238,0.013368989,0.12898041,0.009664742
0.008295491,0.014672736,0.13083287,0.020475449
0.014633586,0.016744236,0.12350402,0.015418294
0.012142826,0.018890768,0.12549406,0.019804701
0.019206416,0.020031031,0.123967715,0.00524927
0.017917294,0.020925269,0.13648383,-0.0028008786
0.0155611,0.018019892,0.14131357,-0.00787808
0.0006396423,0.017398287,0.14519672,0.011428481
0.011391906,0.015095372,0.13260627,0.008043521
0.015183888,0.016146591,0.13731629,0.0017810039
0.01193996,0.013899516,0.14011736,0.003386321
0.0076389844,0.010213715,0.14004742,0.011232353
0.00046307596,0.010519078,0.12722193,0.032501146
0.017393187,0.012849626,0.11704314,0.017108686
0.020969274,0.013568267,0.12818143,0.0048891623
0.014298834,0.01195842,0.13598758,0.0057632546
0.0035516003,0.011479796,0.13267033,0.023520295
0.016998935,0.013292914,0.123814784,0.009981457
0.0074385684,0.0131928455,0.12761235,0.025072964
0.02070231,0.017117742,0.12147099,0.0008107247
0.007286907,0.016046809,0.13628437,0.014864936
0.016300581,0.01778395,0.12598152,0.003865922
0.0044438685,0.018101547,0.13244973,0.02113956
0.020979906,0.019553302,0.12270472,-0.007908565
0.006588179,0.019455563,0.14501745,0.0045816717
0.015836911,0.018210493,0.13278303,-0.0074373493
0.0067647565,0.015999813,0.14800599,0.001783184
0.014735563,0.015391943,0.13765873,-0.007319474
-0.0018539885,0.012773872,0.1468807,0.014227324
0.012843902,0.013068558,0.13010517,0.0060835397
0.014510081,0.011868329,0.13971268,0.0025111486
0.018385218,0.009454295,0.14038998,-0.011943035
0.0029724136,0.005925364,0.15409407,0.00247662
0.010925335,0.0038464032,0.1419775,-0.00016913062
0.0037327686,0.0028105124,0.14564542,0.013117328
0.014273614,0.0031423392,0.13520162,0.0043214047
0.012830151,0.0043336544,0.14401606,0.002609349
0.016866686,0.001466511,0.14324161,-0.009373414
-0.008806719,0.0016794136,0.14912035,0.021616505
0.012379866,0.001536283,0.12820303,0.011806169
-0.0046591554,0.005539601,0.12016892,0.042725362
0.019184602,0.009159878,0.10599392,0.019584669
0.019383557,0.01237162,0.11989099,0.017795352
0.024154568,0.010410427,0.123900816,-0.005520122
0.014615679,0.011562638,0.14579348,-0.0055292463
0.015288936,0.004766052,0.14327984,-0.010265448
-0.0008720506,0.0043159835,0.1518783,0.009972824
0.008904513,0.0010242572,0.13588086,0.012443426
0.01133911,0.002763478,0.13695648,0.013244292
0.010323566,0.00053823856,0.13248096,0.019123968
0.016624345,0.0037685414,0.13161592,0.009141058
0.010306066,0.001197927,0.1354019,0.0171869
0.018054875,0.003104022,0.13211791,0.0034110004
-0.010587704,0.00276117,0.1270833,0.042546477
0.020431375,0.010063721,0.11114518,0.002820085
0.016746297,0.010290451,0.13588417,0.004373813
0.01584937,0.011631619,0.13220988,0.00039292654
0.010361255,0.009854067,0.14280045,0.0043381797
0.003902947,0.011069061,0.13256127,0.021803224
0.013180703,0.011820553,0.12471417,0.018675154
0.017871156,0.01649748,0.12652953,0.009594564
0.0011230498,0.0164772,0.122961,0.034258947
0.005972339,0.023693247,0.09697812,0.047099326
0.025414484,0.02869115,0.09799935,0.013988713
0.02540038,0.035418782,0.1212141,-0.0008814215
0.019413516,0.032610346,0.13239741,-0.009433137
0.008473936,0.034534857,0.14173873,-0.0016948369
0.0132081965,0.029565657,0.13661169,-0.005001495
0.0069838082,0.029210972,0.14179789,0.004227938
0.0025966144,0.025839591,0.13068055,0.021456702
0.012672231,0.025669767,0.122259185,0.017263217
0.018335637,0.026080213,0.12513958,0.0066068876
0.013581351,0.02575419,0.13205718,0.007887044
0.009388902,0.026782062,0.12937224,0.014914905
0.011602439,0.027825277,0.12412794,0.017100744
0.019860465,0.0319341,0.1249517,-0.00042431834
0.009621845,0.029720439,0.13550667,0.008754975
0.016402293,0.031226318,0.13033539,-0.0037542928
0.0067898356,0.027973188,0.13969305,0.007732633
0.00921559,0.029364828,0.12869641,0.012434464
0.0064567244,0.026915995,0.12414627,0.024676416
0.01827906,0.03042951,0.11780503,0.009148181
0.016820077,0.030322589,0.1296232,0.0053728567
0.016875397,0.027676282,0.13243444,-0.0026117184
0.004104248,0.028026538,0.13760109,0.012610264
0.016153013,0.026030304,0.12823355,-0.00063891447
0.0149793355,0.0265219,0.1405021,-0.0043000253
0.012122777,0.024994515,0.14110963,-0.004183254
0.0010873199,0.021935387,0.14221145,0.012969776
0.0030821546,0.020371908,0.12444909,0.027923102
0.018520623,0.022636926,0.11905619,0.010870815
0.01858312,0.020327313,0.1307594,0.004079039
-0.023929846,0.01754508,0.10349457,0.06253551
0.019156443,0.0256373,0.0885987,0.01990834
0.024704667,0.031896025,0.10690034,0.013675826
0.023751806,0.034717202,0.11717101,-0.00267921
-0.0031694486,0.035332154,0.12279124,0.028987618
0.017558832,0.03759348,0.107727945,0.009306923
0.021792846,0.04068275,0.1243186,-0.0014924136
0.014844552,0.038506396,0.13107057,6.660116e-05
0.008133565,0.037599623,0.1338241,0.00798506
0.0098120775,0.035445612,0.126655,0.012967296
0.012634267,0.037324402,0.123911366,0.013183319
0.018086396,0.03578483,0.12581262,0.0018419394
0.010485224,0.037001017,0.13304,0.0077156792
0.012728998,0.035391502,0.12868728,0.0062076943
0.01105599,0.0363687,0.13028543,0.009454346
0.01800225,0.03504193,0.12937862,-0.0047376473
-0.00030748916,0.03554856,0.13505861,0.017878886
0.010782353,0.03395609,0.11878279,0.017118663
0.011826484,0.036481876,0.117465556,0.022047332
0.017985681,0.03673322,0.114788726,0.013210435
0.018870456,0.04006732,0.12423413,0.0038804512
0.013114681,0.039275758,0.1287457,0.006624979
0.014149194,0.04028247,0.12901154,0.002938213
0.007346594,0.038867492,0.12860979,0.01504518
0.01071544,0.041270174,0.1193085,0.018096384
0.018670607,0.042171873,0.12074802,0.0046710144
0.016912496,0.04606574,0.12998891,-0.0021035932
0.011235646,0.038800124,0.13460618,0.0022964207
0.009580515,0.039732885,0.13235882,0.006417884
0.01202759,0.034562465,0.13016593,0.0073327427
0.012968859,0.03037712,0.13120009,0.0071904114
0.017480658,0.026641509,0.13406618,-0.004455362
0.00710801,0.02426242,0.14180799,0.006035358
0.013089311,0.021732248,0.13518615,0.0008476896
0.0123615265,0.018791981,0.14149955,0.00036337707
0.012473195,0.016653268,0.1409778,-0.0011477766
0.0013982034,0.015798947,0.1409616,0.016418682
0.009532922,0.015537283,0.12741505,0.018182967
0.0144505985,0.018081436,0.12640104,0.014879838
0.019903338,0.01702187,0.12974446,-5.8972004e-05
0.013612652,0.016528212,0.14169557,-0.00034557036
0.006611895,0.013604734,0.13943766,0.0108801
0.008524712,0.01503483,0.13247102,0.016187523
0.017950956,0.014251977,0.13037741,0.0028607307
0.009127072,0.014482251,0.1385669,0.011288688
0.01749707,0.013472037,0.13384297,-0.0039173486
0.0055858614,0.010839684,0.14493683,0.009123688
0.017030817,0.008868961,0.13544175,-0.006669703
0.008064464,0.005271966,0.1507743,0.0010318942
0.0065749264,0.0033261124,0.14092915,0.01081282
0.013466332,0.0025609012,0.14006342,0.0045867697
0.011061501,0.00070155755,0.14175151,0.00789182
0.01490411,0.00010644305,0.14157264,0.00016373924
0.0060260673,-0.0026141172,0.14596248,0.011743825
0.013283595,-0.003285418,0.13844885,0.0061846604
0.0130219925,-0.004683675,0.14398867,0.0049590813
-0.00784617,-0.003788117,0.13261266,0.038950004
-0.0012791012,0.002500609,0.09372472,0.060335856
0.024191115,0.013073134,0.088008985,0.02919564
0.023971425,0.017704543,0.10296946,0.026184943
-0.0136055825,0.02424832,0.055102985,0.08253743
0.02469945,0.037626166,0.06571011,0.0108611
0.028962018,0.04732831,0.099173546,0.006087779
0.022693759,0.0489713,0.1085638,-0.000371977
0.014627616,0.051173087,0.12403351,0.0035268655
0.017443895,0.04947289,0.122055836,-0.0034180528
0.013302567,0.049507454,0.1327593,-0.0013525126
0.012809705,0.046958406,0.13135533,-0.0014156793
0.012864177,0.046447206,0.13622996,-0.0047018705
0.011929014,0.044112436,0.13776219,-0.005641979
-0.005478431,0.044239663,0.13206623,0.022499371
0.004262519,0.043336432,0.1067723,0.03430025
0.020414092,0.049367607,0.104195975,0.013604941
0.013195632,0.0526783,0.11129892,0.02187174
0.020684551,0.056048978,0.11148673,0.0009577887
0.0129399635,0.058637306,0.12429998,0.0060400707
0.016458634,0.05745528,0.12051873,-0.0010410985
0.000598505,0.05987862,0.120648466,0.022659631
0.016093574,0.060359918,0.10846573,0.008475744
0.016872764,0.06423407,0.11988528,0.0043325396
0.010296624,0.06511252,0.11795524,0.01294418
0.017151188,0.06622249,0.11815199,0.00029448257
0.004294961,0.069732204,0.11757764,0.019451596
0.017026428,0.06786407,0.10984442,0.0047028097
0.011682674,0.07152398,0.117744215,0.011361816
0.01391157,0.070301585,0.112235196,0.0101409
0.00075465214,0.070408754,0.10073896,0.036248773
0.022542037,0.06691258,0.09755662,-0.0041555692
0.009173494,0.06988975,0.11864285,0.010956506
0.016379297,0.063833445,0.10974241,0.0033118662
0.008808814,0.054472342,0.11773731,0.018481568
0.01876281,0.053672124,0.111074544,0.0039942386
0.012179075,0.053744026,0.12322179,0.010848266
0.016664213,0.052358855,0.11894206,0.0022875678
0.013892936,0.05251613,0.12878226,0.0022140704
0.008103647,0.052356225,0.1237927,0.013424311
0.017279444,0.053718813,0.1223472,-0.00082426704
0.016939607,0.05456977,0.13256864,-0.008839744
0.011625559,0.05222548,0.13807563,-0.007789127
0.0021221344,0.051268615,0.13610874,0.008044406
0.007221342,0.04645415,0.123955704,0.015069374
0.019213073,0.046292704,0.12381452,-0.004197255
0.015810976,0.044251543,0.13834834,-0.009434351
-0.021272479,0.039929356,0.12183147,0.04286438
0.014322144,0.042273596,0.10006288,0.018932316
0.0149661945,0.046470925,0.102563545,0.02729939
0.0026774288,0.05105564,0.0734458,0.058111507
0.022138894,0.056686714,0.0657499,0.040196188
0.024618296,0.06677028,0.06627575,0.03958923
0.02643445,0.07162891,0.07325276,0.029420968
0.026010176,0.0787847,0.085718095,0.018517958
0.022893896,0.08092912,0.096344,0.012128124
0.024106866,0.08375509,0.10851721,-0.0067924024
0.010631803,0.08126811,0.120055534,0.0058386177
0.015511649,0.08027153,0.11522719,-0.0012667542
0.00025093067,0.07706505,0.11235401,0.024969364
0.014040428,0.0752784,0.09819359,0.018450394
0.019762075,0.07859578,0.105714895,0.008812416
0.018766893,0.08024646,0.113077566,0.0010957889
0.011209442,0.079930164,0.11815701,0.007945027
0.01499718,0.07803325,0.11516508,0.0029502006
0.016838381,0.07945208,0.121911265,-0.0049473452
0.014110282,0.07699733,0.12784746,-0.0071226107
0.00379097,0.07626079,0.12725405,0.008234062
0.011691699,0.07395947,0.118197866,0.005049276
0.018366992,0.075761445,0.123680554,-0.0102989925
0.0122319665,0.07520042,0.13379492,-0.009649878
0.013131383,0.07436234,0.13436158,-0.016556613
0.0006629784,0.07170461,0.13790062,0.0011966581
0.011970087,0.070408896,0.12629595,-0.0067163985
0.0068565025,0.06752635,0.1326297,0.0022989332
0.01233801,0.06829811,0.12529594,-0.0027846713
0.0122708,0.06776262,0.13166048,-0.004870835
0.0021939229,0.06131891,0.12638538,0.015253867
0.012986693,0.05946923,0.11747912,0.00886008
0.015056526,0.056657873,0.12173709,0.00647951
0.018895969,0.04934443,0.12656352,-0.0064132083
-0.0008043711,0.04292156,0.13165644,0.01926995
0.017354758,0.036214225,0.11988544,-0.0006987019
0.008657016,0.03244841,0.13323043,0.011160163
0.016467994,0.027529737,0.12568511,0.0012203905
0.016397782,0.02637199,0.13929455,-0.0055308254
0.0053608506,0.021689598,0.13913757,0.010304182
0.011965031,0.020826517,0.1334052,0.006771229
0.012294627,0.019310052,0.13492584,0.00780602
0.0060560815,0.016908249,0.13081698,0.021520242
0.005604459,0.016729029,0.11652232,0.03521855
0.018505007,0.019572364,0.109800875,0.022813924
0.023707442,0.021563033,0.12039142,0.0050275703
0.018037878,0.020711211,0.13379548,-0.000109880275
0.010628962,0.018669697,0.13760148,0.006024493
0.015645694,0.017229903,0.13637865,-0.0021056978
0.012178245,0.016554918,0.14351049,-0.0011522948
0.008719105,0.013065947,0.14262165,0.0046930667
0.012835835,0.013183063,0.14125293,-0.0006095787
0.011628725,0.0112288995,0.14464295,-0.0007770502
-0.00062354404,0.011059734,0.14059773,0.020143889
0.0142413685,0.013051707,0.12877336,0.008702128
0.012780003,0.013132098,0.13497895,0.010547586
0.01725119,0.015120448,0.1337838,-0.001358104
-0.0010762634,0.011929477,0.13845582,0.022732774
0.013698457,0.015300653,0.12259786,0.0139211835
0.017442925,0.014752653,0.13040876,0.007855137
0.017905455,0.014880321,0.13433374,-0.0013041341
-0.013687986,0.01194576,0.12859386,0.040669817
0.017207313,0.017646482,0.10914298,0.013589685
0.020539429,0.019364199,0.12500584,0.007704501
0.015586307,0.018447127,0.12838349,0.008372186
-0.0004393691,0.020543814,0.123548165,0.033065267
0.020610431,0.02157394,0.11334034,0.005126831
0.007897833,0.025065385,0.12559399,0.021533372
0.016856778,0.026844367,0.1157992,0.011790862
0.0179443,0.028683532,0.12745595,0.0057496307
0.018938283,0.027303448,0.13074555,-0.005151031
0.00478991,0.0260206,0.13986881,0.010182348
0.015001813,0.023304343,0.13023543,0.00046037062
0.0029569038,0.021428714,0.13558519,0.018797655
0.0130540505,0.020472126,0.122570366,0.014805562
0.01836517,0.022898432,0.12939575,0.0038293065
0.008009477,0.021859523,0.13154362,0.01681077
0.013235486,0.02399898,0.12523232,0.013514958
0.016368618,0.025108442,0.12796085,0.0075605116
0.018401869,0.027852658,0.13292071,-0.004468756
-0.005025972,0.024667228,0.13391943,0.02628812
-0.0027113196,0.030421864,0.096870616,0.05137994
0.023010725,0.035763703,0.09355296,0.016031973
0.02336274,0.043169525,0.11517425,0.006248776
0.020906076,0.0413117,0.12404405,-0.0072935065
0.0066781496,0.042309,0.13501662,0.0060106628
-0.013016728,0.039299686,0.10122665,0.05216378
0.021104092,0.046869487,0.09328079,0.0063143647
0.01669986,0.049211606,0.11494426,0.012616402
0.017681364,0.05247969,0.11261851,0.0054883417
0.0125586735,0.051624794,0.12170901,0.011107632
0.015608772,0.050489962,0.11713686,0.0079467865
0.021224665,0.049531586,0.12689994,-0.010325296
0.013229314,0.050169654,0.13917796,-0.009941039
0.0055977325,0.043982074,0.13877752,0.002168557
0.009649259,0.041479748,0.1332536,0.0034188349
0.010766398,0.039843123,0.13236317,0.005442734
0.011705428,0.038795236,0.13122933,0.0055352105
0.00930379,0.03730667,0.13043092,0.010966555
0.014696959,0.038362343,0.12741213,0.0039257915
0.015881544,0.0380742,0.13342512,-0.0026807296
0.008028987,0.0365366,0.13621306,0.00646307
0.0074294982,0.03749789,0.12899517,0.013738093
0.013607392,0.03569271,0.12494337,0.010270715
0.012989065,0.036665358,0.12637943,0.011215268
0.010411903,0.03647397,0.12367753,0.017032487
0.014095757,0.038283523,0.12007374,0.014395006
0.0076747886,0.03888365,0.1144341,0.028974678
0.02051329,0.04030041,0.110931374,0.008697443
0.011541968,0.042374205,0.12026717,0.018522032
0.019659556,0.040821668,0.11694194,0.0018487936
0.008236349,0.037674554,0.12752508,0.015963603
0.016529482,0.03843273,0.11911001,0.0057784664
0.014593886,0.03477978,0.13001573,0.006245385
0.012874646,0.03647583,0.12739159,0.0076225363
0.01004064,0.03299716,0.12842274,0.013969565
0.019071303,0.029810704,0.12666966,-0.0023359375
0.010943421,0.028461143,0.13942008,0.0030576696
0.012824754,0.024444023,0.13500975,0.0009584221
0.006428105,0.023276418,0.13814282,0.011199911
0.009315449,0.02210113,0.12803635,0.016475596
0.012577402,0.023151936,0.1256482,0.016683325
0.02158865,0.025266077,0.1274305,-0.0064527267
0.011404915,0.024856843,0.1443673,-0.002704773
0.0069824867,0.022851672,0.13839804,0.006740268
0.008690515,0.022554716,0.13477407,0.011094451
0.015458474,0.022397347,0.13156272,0.0030422597
0.012055595,0.022558806,0.13819675,0.004271
0.0047482937,0.020810513,0.13320509,0.018613035
0.016586691,0.022377737,0.12731528,0.004576069
0.012001745,0.022225298,0.134889,0.008709518
0.014322694,0.022278717,0.13216376,0.004118508
0.0065007326,0.020335272,0.13475463,0.016108604
0.01712534,0.021636717,0.12770596,0.0017896434
0.009235873,0.018530846,0.13766374,0.010772941
0.012491637,0.018746428,0.13008629,0.009735844
0.014395631,0.015822658,0.1345053,0.0068077133
0.013595821,0.01443525,0.13530439,0.0061845896
0.014067053,0.011355296,0.13866915,0.0028758994
0.011671496,0.009515134,0.14098722,0.0044056075
0.0061135087,0.007972702,0.13860856,0.015722917
0.016398156,0.0076789986,0.1333065,0.0032415895
0.010147903,0.0059930687,0.1412737,0.009563784
0.013431311,0.0061183427,0.13644369,0.005757551
0.0062093814,0.004680042,0.13875826,0.017394548
0.014641111,0.0059319967,0.13031979,0.010335478
0.0130713135,0.006646123,0.13590361,0.011365149
0.013917849,0.006599076,0.13400686,0.009248737
0.011918579,0.0064216997,0.13693292,0.010894032
-0.03500647,0.009052324,0.08456331,0.079675645
0.01890059,0.022955345,0.071417116,0.029860366
0.029026218,0.030795673,0.09105071,0.018569808
0.02862219,0.036419354,0.110163935,-0.0078721
0.009219345,0.036427133,0.1307353,0.0073030638
0.012652764,0.036204565,0.11989563,0.010600443
0.014777832,0.03577772,0.1232329,0.01166928
0.018204696,0.038433213,0.12440208,0.0017950117
0.012673978,0.037078854,0.1341008,0.0034231073
0.013486842,0.036439925,0.13237397,9.406508e-05
0.013413499,0.03456294,0.13733567,-0.002716135
0.014740103,0.03382742,0.13936843,-0.009506706
0.007851289,0.030899445,0.14588964,-0.003171687
-0.0014450562,0.028645128,0.136793,0.01843526
0.012065688,0.029847573,0.124683425,0.012096298
0.016650934,0.030788234,0.12857254,0.0045799436
0.018507136,0.03070116,0.13491322,-0.008608122
0.009129056,0.029485293,0.14489634,-0.0032390356
0.013692656,0.026367284,0.1410479,-0.010353592
0.008671735,0.025301859,0.1489882,-0.0062586544
0.012573584,0.022531753,0.1451772,-0.01187417
0.010134847,0.019845743,0.15313423,-0.012953165
0.0034916871,0.017537065,0.15146407,-0.0014688713
0.0030505266,0.014138293,0.14446644,0.009524295
0.007449559,0.015910694,0.13505286,0.013998933
0.017697545,0.014260681,0.1337184,-0.0012175741
0.0050763143,0.018376686,0.14094825,0.011868119
0.01093868,0.011606122,0.13115272,0.012960974
0.010520957,0.014734585,0.13058832,0.017332563
0.017404089,0.009616163,0.12815897,0.008196057
0.011964343,0.0035494727,0.13635825,0.013684716
0.0140052885,-1.6879747e-05,0.13286035,0.012115005
-0.0066006025,-0.0010905833,0.12110154,0.04641984
0.018580776,0.0044769263,0.10497445,0.025370656
0.020135464,0.007781915,0.114897564,0.023614086
0.019350015,0.009787011,0.117391095,0.01810287
0.004047674,0.011804419,0.11208358,0.041684307
0.020652836,0.01737323,0.10276237,0.022319619
0.025141044,0.020706793,0.11820079,0.006881211
0.016424043,0.022736475,0.12823805,0.007987351
0.010592142,0.022079138,0.12894894,0.0150841195
0.016352473,0.024561547,0.12597187,0.0074520516
0.015010946,0.024259206,0.13214137,0.0061425
0.011480818,0.023936287,0.13257335,0.009772248
0.0041604037,0.023914168,0.12614986,0.025913514
0.015893959,0.026810346,0.11700459,0.016187841
0.015467229,0.030098433,0.12169333,0.015852472
0.019317688,0.03183389,0.12356532,0.0028091003
0.009104515,0.035164014,0.13108924,0.012228284
0.00025860756,0.03539836,0.11249525,0.037252
0.021218902,0.04212133,0.10659973,0.0073950174
0.019681513,0.04490578,0.12482533,0.0017012637
0.010336673,0.047384907,0.125378,0.0102465665
0.008689709,0.045829136,0.12047682,0.018521192
0.019132882,0.048469346,0.11751913,0.002004911
0.012434325,0.048378013,0.12843612,0.00705881
0.013641838,0.048837353,0.12468248,0.0045104614
0.0071530603,0.04757642,0.12547909,0.016089296
0.015223487,0.049593367,0.11813703,0.007917899
0.01789389,0.048101068,0.12682562,-0.0008489993
0.015018482,0.04864865,0.1324823,-0.004713928
0.010026839,0.044841073,0.13687517,-0.0006270605
0.008266845,0.04101775,0.13355146,0.006176148
0.014717706,0.03744767,0.1320349,-0.0014052239
0.00613814,0.035159353,0.13551292,0.010877225
0.013856236,0.032775607,0.12860614,0.0039802757
0.012366705,0.029550942,0.13482055,0.0052289483
0.009117089,0.027090985,0.13138868,0.012693523
0.0167441,0.027183313,0.13046756,0.00060473365
0.009927412,0.02574454,0.13697763,0.007617488
0.013196723,0.025075702,0.13276383,0.004026034
0.009092046,0.023875212,0.13560392,0.0105638215
0.0147600155,0.023612682,0.13105777,0.0037485035
0.01014845,0.022450749,0.1363139,0.009349786
0.015511203,0.020708187,0.13289343,0.00094611064
0.009204148,0.019814752,0.13987951,0.007225016
0.010852686,0.016143719,0.1338719,0.009697678
0.012930297,0.017323615,0.13467638,0.007781001
0.0143049,0.014672354,0.13543269,0.0047770785
0.009441444,0.011609288,0.13812003,0.011327561
0.0052029365,0.010854073,0.12956491,0.025211835
0.018306933,0.012966076,0.12403943,0.009023349
0.014564836,0.011744062,0.13386017,0.010215925
0.016802927,0.010899588,0.13380335,0.0017133111
0.0075314543,0.009384311,0.1403887,0.012268103
0.01703968,0.008324853,0.13379352,-0.0010983454
0.003150516,0.0073735756,0.14232923,0.016228775
0.015076027,0.0065058437,0.13046694,0.0058029075
0.0067265523,0.007004426,0.1372074,0.017973306
0.016657587,0.007355662,0.12836096,0.006313923
0.012039408,0.008682112,0.13855517,0.009345992
0.016463963,0.0075703124,0.1350089,9.346154e-05
0.0055882116,0.0070287776,0.1427555,0.012872946
0.015781643,0.0076992945,0.13332608,0.0013708934
0.0061542597,0.005713489,0.1419014,0.014033183
0.01614065,0.007225025,0.1325802,0.0017039736
-0.00012229577,0.005818845,0.13834086,0.023942005
0.012502642,0.008595979,0.12137674,0.020132361
0.018024841,0.010382838,0.12665993,0.012422466
0.018424537,0.011145697,0.13133697,0.0038045968
0.010788912,0.010263834,0.13869143,0.009160183
0.013396267,0.010057105,0.13468464,0.006768245
0.008696571,0.010360854,0.13597356,0.015289527
0.014496846,0.01025172,0.13049056,0.010334999
0.01673197,0.011681755,0.1363935,0.0021137164
-0.073214,0.012899,0.045593586,0.105028726
0.013362369,0.03591565,0.048389565,0.020896908
0.027215505,0.046947766,0.06490435,0.024344295
0.029402977,0.05780568,0.08795347,-0.004713586
0.01886934,0.05960055,0.11603748,-0.0014933789
0.01833267,0.058592137,0.11591216,-0.0054889997
0.013411545,0.05620619,0.12699108,0.0011984707
0.016405968,0.057072584,0.12542437,-0.0060413997
0.006620593,0.055038728,0.13409688,0.0049916366
0.015260061,0.05569339,0.12671597,-0.007461011
0.002667034,0.053944647,0.13401791,0.009787277
0.013762855,0.053956546,0.12200636,0.0007763128
0.010765621,0.05388713,0.13027273,0.0047146943
0.014337429,0.054127052,0.12599684,-0.0012139541
0.013036088,0.052870937,0.13381186,-0.0032297245
0.012747439,0.052820034,0.13357396,-0.0056756292
0.004551156,0.050789963,0.13516855,0.0071987803
0.011813383,0.051085167,0.12628926,0.0035842794
0.009841951,0.051217955,0.12844661,0.008497581
0.018194724,0.050651915,0.1265849,-0.008946253
0.00037356414,0.051373452,0.1353469,0.011708129
0.01252578,0.048242528,0.12096913,0.0055323467
0.014219106,0.050291702,0.12811825,0.0029854057
0.017745743,0.04692456,0.1295421,-0.008804497
0.00630989,0.048515987,0.13972071,0.0011695022
0.013456366,0.043388236,0.13194244,-0.005557045
0.006634288,0.05027806,0.13794082,0.0021622616
0.01385429,0.038922034,0.13183957,-0.0035544885
0.004812236,0.041897397,0.13740247,0.008142984
0.013563747,0.030859368,0.12904626,0.0031435625
0.007897846,0.02063244,0.13520192,0.014184402
0.015046006,0.016438657,0.12852016,0.007717281
0.016406903,0.010797794,0.13749224,0.0021784224
0.018175077,0.0048056003,0.14176893,-0.009041132
-0.00023899272,0.0026590452,0.15067878,0.011531094
0.014035138,0.00070922024,0.13710733,0.00059747073
-0.007623709,0.0028380512,0.1369395,0.032044917
0.0123117035,0.005286217,0.11519908,0.025624488
0.0008325953,0.011396034,0.09850131,0.053241186
0.023139155,0.018219687,0.09173358,0.02373028
-0.0027155313,0.025280891,0.06826997,0.06619896
0.025431545,0.035571426,0.07202704,0.01778717
0.03306752,0.04369098,0.10526643,-0.0064469394
0.022893453,0.043023534,0.12557764,-0.013779197
0.010166383,0.042842854,0.13801849,-0.0050627417
0.00536171,0.03837549,0.1313604,0.010719437
0.009688108,0.040563207,0.123307236,0.015194617
0.016543088,0.03964657,0.12261594,0.0068659275
0.015384396,0.041873872,0.1295656,0.002352266
0.010871259,0.04003529,0.13131647,0.0064266706
0.015272335,0.040354945,0.13072824,-0.0019146987
0.0084196,0.037926555,0.13523728,0.0070654457
0.015838478,0.03916164,0.13081132,-0.005160054
0.0063284035,0.037136495,0.13907161,0.005990223
0.0124706775,0.038102444,0.130213,0.0015204062
0.011613561,0.036718246,0.13591792,0.002253055
0.010637694,0.037914477,0.13278052,0.0045856135
0.011736772,0.035933066,0.13340354,0.0041682045
0.010537068,0.036873206,0.13205099,0.007067793
0.012893383,0.034769353,0.13111657,0.0049768197
0.015620137,0.036614534,0.13372889,-0.00335749
0.008418844,0.03285887,0.13859874,0.004670496
0.007956529,0.03632749,0.1316087,0.010240958
0.01293071,0.033383675,0.12904021,0.00766695
0.013429936,0.03665757,0.1302494,0.0054540187
0.01038308,0.03352809,0.13071392,0.010503293
0.013995973,0.034631014,0.12840538,0.0059039365
0.0118445875,0.028951606,0.13144082,0.009726997
0.019824823,0.024533443,0.1321946,-0.009069921
-0.00561234,0.01917297,0.14085156,0.02145662
0.017568007,0.011441489,0.124691136,-0.0017800289
0.007330847,0.0093912305,0.14137247,0.011125722
0.015347515,0.0076232716,0.13072307,0.003343318
0.003194535,0.008250514,0.13773969,0.020280594
0.016718939,0.008962689,0.12545413,0.0067003863
0.009579289,0.009941215,0.13542686,0.015577203
0.013988066,0.008898426,0.12723175,0.013527783
0.01583121,0.010805695,0.13287835,0.008686643
0.017362067,0.008741778,0.1353885,0.0007594589
0.011290932,0.00878777,0.14327985,0.0035778137
0.0122908475,0.006714144,0.14081576,0.0024897603
0.011288135,0.0061340276,0.14374062,0.0031747203
-0.0018900196,0.0061602113,0.13621338,0.027541017
0.015977738,0.008643477,0.124021225,0.012232265
0.017184628,0.010015107,0.1333829,0.0069203856
0.013720074,0.009639643,0.1359188,0.006743174
0.008154016,0.008984323,0.1366259,0.015037725
0.012415176,0.010658273,0.1296892,0.014591936
0.018401872,0.010298703,0.13255945,0.0030920142
0.010264812,0.010554657,0.13924904,0.009789426
0.014950071,0.00960794,0.13609588,0.0021858967
0.009824274,0.009971089,0.141639,0.007431016
0.0142050665,0.00711697,0.13779327,0.0023230722
0.009941559,0.007942123,0.14325543,0.0061167465
0.009438669,0.004589795,0.13858546,0.011187367
0.013634066,0.007219441,0.13749443,0.00605854
0.006653795,0.0034108975,0.1374489,0.018487746
0.01463986,0.007067897,0.13054402,0.010716063
0.013153259,0.005671953,0.13526863,0.012038579
0.01650317,0.006195875,0.13466586,0.003704053
0.011715499,0.0047950926,0.14187111,0.006373705
0.009008166,0.004861635,0.13788122,0.012811078
0.013161343,0.0047903364,0.13553746,0.009959438
0.011684226,0.0040808646,0.1361399,0.012893058
0.014671987,0.0045780363,0.13512088,0.008007183
0.012898326,0.0031957158,0.1389029,0.008307781
0.00904199,0.0031498715,0.1369176,0.015430718
0.014814611,0.0035485893,0.13373464,0.009221315
0.01595157,0.005286047,0.1384274,0.0028995706
0.0064050755,0.0030270836,0.14043193,0.015388704
0.015894841,0.0049460805,0.13425532,0.0035087112
0.007579785,0.004255109,0.14032814,0.014396087
0.016228197,0.0032099653,0.13357787,0.003483485
0.011868899,0.0027932592,0.1434034,0.005541168
0.009601513,0.0011412058,0.13895378,0.011370883
0.010117323,0.0022558935,0.1370096,0.01436427
0.01029383,0.0017861126,0.1318971,0.019716525
0.018499754,0.0035052025,0.1311909,0.005633078
0.008389878,0.0033064615,0.13802305,0.016428163
0.017034091,0.00377184,0.13204516,0.003590598
0.011327031,0.0042447518,0.1416565,0.00794085
0.00890043,0.0035254061,0.13528575,0.015814206
0.0136981,0.006189175,0.1332403,0.011692704
0.012841769,0.005655794,0.1338186,0.013226995
0.017035648,0.006532177,0.13483205,0.0031790982
0.004848785,0.0056847786,0.13854188,0.018827662
0.018125132,0.0060198647,0.13033174,0.00083660765
0.0070922263,0.0059328806,0.14171946,0.012972322
0.012142829,0.005518303,0.13124232,0.012726225
0.010064255,0.007595195,0.13292032,0.018262072
0.018219773,0.007869122,0.12905984,0.004710809
0.0152069805,0.0079668285,0.14087844,0.001478402
0.0059396983,0.0065566236,0.13874656,0.015440944
0.012890715,0.0072579,0.13267358,0.011615262
0.013510405,0.007519326,0.13419096,0.011351843
0.015610923,0.0084859645,0.13509665,0.005173754
-0.0030181739,0.0072852713,0.13112804,0.03319375
0.016333226,0.0123675475,0.11612715,0.01737405
0.013920378,0.014220061,0.12214308,0.022781635
0.016687106,0.01671578,0.11868625,0.017715765
0.018168818,0.019267993,0.12532797,0.010268497
0.006320081,0.019457456,0.12223509,0.028586568
0.01895463,0.023377066,0.11603848,0.012064647
0.02037427,0.024156611,0.12845512,0.0021802324
0.014239144,0.024388837,0.13480689,0.0024981443
0.00553389,0.02243305,0.13432275,0.01587481
0.014092684,0.022934461,0.126339,0.010145036
0.012947722,0.024404926,0.12970552,0.01219704
0.01720589,0.023243155,0.12970218,0.0022733195
0.015168203,0.02459173,0.13893062,-0.002937675
0.009266119,0.021176482,0.1405612,0.0036497538
0.004652403,0.02158444,0.13532473,0.01602472
0.020067884,0.020037418,0.1300909,-0.008818079
0.014158786,0.020145781,0.14942084,-0.011589046
0.011481713,0.015709069,0.14843312,-0.0121960975
0.0027651787,0.012522876,0.15405498,-0.0005697623
0.012578649,0.010821683,0.14422183,-0.008282441
0.0050319727,0.008109378,0.15254974,0.001423545
0.009012472,0.0072731078,0.143378,0.00252544
0.010098414,0.004226833,0.14572328,0.003168681
0.0073917513,0.0048240935,0.1418976,0.010561011
0.009899895,0.003958191,0.13760081,0.012594408
0.01370345,0.0054074726,0.13564382,0.008774818
0.013758528,0.003369848,0.13849536,0.0070613883
0.008555061,0.0036012465,0.13825524,0.014755981
0.00825086,0.0036612437,0.13081764,0.022692282
0.019116377,0.003032091,0.12838356,0.007020941
0.013781598,0.0031999587,0.13871294,0.008561933
0.011900605,-0.0008316422,0.13697779,0.011296578
0.0076400735,-0.00063563243,0.13502526,0.021081094
0.0198751,-0.0013257235,0.13043223,0.0019896135
0.0037621402,-0.0029175251,0.1409327,0.020541724
0.016816264,-0.0029650303,0.12945704,0.0063776337
0.011820315,-0.0021212772,0.1408,0.010719677
0.01167744,-0.0035694907,0.134508,0.014258659
0.014472596,-0.0026315968,0.13668714,0.010337553
0.012514527,-0.003287776,0.13697822,0.012758339
0.012731515,-0.0025636367,0.13662791,0.012634862
0.012437985,-0.0033852195,0.1361674,0.013986828
0.0116582345,-0.0005370672,0.13423136,0.016450435
-0.0014716242,0.00059333653,0.12032162,0.043525506
0.021458061,0.006817767,0.110927925,0.013490582
0.019671934,0.0096515035,0.12873198,0.0094866585
0.016392373,0.011685575,0.13052031,0.0058825766
0.011397652,0.012445303,0.1363964,0.009628578
0.012559376,0.013696698,0.13163409,0.010820845
0.0037401696,0.016402572,0.12628841,0.028751995
0.016331825,0.019681158,0.11615703,0.018233899
0.0135263,0.022921013,0.11980879,0.02285684
0.017883824,0.025994243,0.117233925,0.014395243
0.019622777,0.02731578,0.12609996,0.0044217184
0.009905676,0.027745873,0.12932791,0.014869161
0.01771954,0.027126782,0.12682246,0.0016723658
0.013028916,0.028376,0.13617195,0.003328124
0.014124658,0.025521426,0.13485675,-4.0049687e-05
0.0034365712,0.02512639,0.13680069,0.01574222
0.008589131,0.02464207,0.12305227,0.021351755
-0.027690861,0.029938718,0.06275294,0.082348965
0.020719906,0.041829098,0.067658596,0.0068565374
0.025979027,0.051551566,0.102549054,0.0039003291
0.025169361,0.053759467,0.11052143,-0.019901397
-0.0011023568,0.05241623,0.1331513,0.007720057
0.011837807,0.051216766,0.113011174,0.008137785
0.016253602,0.05202923,0.121478654,0.0057984586
0.018810168,0.053428955,0.12398109,-0.0059266905
0.013163455,0.05273721,0.13738821,-0.0073425854
0.00030275912,0.05149924,0.13132551,0.014479208
0.0111223785,0.048917796,0.12011614,0.012108643
0.01978874,0.051647216,0.123823814,-0.005191775
0.0010674503,0.049526695,0.12946911,0.017821332
0.013818123,0.047499105,0.11724013,0.008784819
0.017370801,0.04873888,0.12529367,0.0014904422
0.012051834,0.048473112,0.12792534,0.0057743527
0.0061462624,0.04740977,0.12386068,0.018193733
0.01590227,0.048266955,0.11748587,0.008430545
0.007094683,0.049270004,0.11739427,0.023795146
-0.006651267,0.04892291,0.07725939,0.06253984
0.021766167,0.05786,0.07020882,0.031582944
0.029829761,0.064175054,0.09073688,0.009484966
0.014694215,0.0701247,0.10117732,0.02180585
0.0138194375,0.06900768,0.09368003,0.027862253
0.023050657,0.07376264,0.09677407,0.009886617
0.017189203,0.07624715,0.106225766,0.014393383
0.009257107,0.08076555,0.096699156,0.029179683
0.013524334,0.078267284,0.084794305,0.03445495
0.024528343,0.08501871,0.09026375,0.008741801
0.02640864,0.086139746,0.113075785,-0.013531446
0.0051289457,0.07869596,0.12416545,0.0080292
0.0067571877,0.07416719,0.10962189,0.019349605
0.012026244,0.07350197,0.1001753,0.02451708
0.021576066,0.07716869,0.10256329,0.0056658797
0.009277199,0.08030712,0.10899499,0.019842973
0.018105727,0.081426635,0.10438414,0.0045530065
0.014026942,0.08332314,0.113320194,0.008686621
0.00011022355,0.08247486,0.09235489,0.039397992
0.011930868,0.08608847,0.069639646,0.042789754
0.026648369,0.09214696,0.08018557,0.0069768312
0.0180354,0.1011406,0.09907516,0.011375144
0.022928275,0.10326585,0.103562735,-0.017677322
0.011147001,0.104092255,0.12616195,-0.010125726
0.011846651,0.099154614,0.117903,-0.00740719
0.0009517182,0.0985824,0.116729684,0.013503557
0.016875513,0.09749852,0.10749925,-0.0070282356
0.014424447,0.09861071,0.12510069,-0.009136021
0.013850566,0.09634662,0.12418496,-0.01395086
0.004384829,0.09213006,0.13037074,-0.0012991991
0.011174776,0.082189284,0.121264495,-0.0019361343
0.012889155,0.07891365,0.12688515,-0.0040268376
0.018936047,0.076403685,0.1293885,-0.024203291
0.006874886,0.071181946,0.14711085,-0.0171096
0.0048891855,0.061816093,0.13904575,-0.0065728803
-0.0022524772,0.05742302,0.13251907,0.014418925
0.014759034,0.0539565,0.12062569,0.00019877529
0.015781384,0.052616682,0.13334733,-0.005976253
0.01399769,0.045932446,0.13656884,-0.009600881
0.0007850536,0.042981163,0.13975859,0.008702863
0.012988435,0.039734956,0.12793827,0.00094714033
0.013659799,0.039081268,0.13598384,-0.0014982809
0.011637683,0.034003794,0.13643326,0.00015953231
0.0026864482,0.031586505,0.13496064,0.01608454
0.01474098,0.030543512,0.12535886,0.0059461
0.012838361,0.027613549,0.13277118,0.008163243
0.015965417,0.02431777,0.13194536,0.0005045227
0.0059430576,0.022193773,0.13740163,0.013214017
0.013390609,0.015834317,0.1288458,0.010157597
0.015055892,0.011621061,0.13460647,0.007602722
0.01548995,0.007652419,0.13668543,0.0034566205
0.0020498617,0.004945745,0.13771844,0.022941766
0.01598491,0.0045855315,0.12678324,0.010711084
0.012710417,0.0066385726,0.13412543,0.014261036
0.017598089,0.005001205,0.13193135,0.0039290087
0.008780602,0.0044539985,0.14054392,0.012618214
0.011992881,0.0036741016,0.13264786,0.013130424
0.017337693,0.0047834567,0.13611263,0.0029816506
0.012588876,0.0025104417,0.141856,0.0053342334
0.016488973,0.0025724976,0.14270465,-0.006382811
0.011441892,-0.0009255425,0.15225306,-0.005741475
0.0037006482,-0.001260961,0.14986771,0.007443425
0.009455884,-0.0022541257,0.14295702,0.007770074
0.007722433,4.4657412e-05,0.14045906,0.014596789
0.010029035,-9.24007e-05,0.13405588,0.017785233
0.013824614,0.0018348194,0.13196078,0.014729779
0.014642301,0.0013818715,0.133086,0.012808893
0.013670782,0.0034868424,0.13435853,0.012071089
0.012191514,0.0034176982,0.13421702,0.014204443
0.012046439,0.0051381025,0.13176298,0.016685404
0.015976653,0.005028665,0.13130163,0.010739892
0.013574205,0.0069560953,0.13529253,0.01057679
0.0151131535,0.0054506743,0.13588037,0.0055973446
0.006666782,0.005904011,0.13737065,0.017679742
0.014730164,0.0055304854,0.12995741,0.011314969
0.013571429,0.0067857294,0.13494842,0.011548078
0.01400911,0.006175734,0.13385111,0.009867094
0.014685672,0.0068598087,0.13730213,0.0056621633
0.012858431,0.0045821224,0.13958447,0.0060849576
0.014964408,0.0048859245,0.14120822,-0.0007076926
0.004267092,0.0026155447,0.14403826,0.014093822
0.016621627,0.0023922408,0.13589197,-0.0010695171
0.014315848,0.0006545672,0.14851566,-0.0042999648
-0.06996119,0.0010846006,0.074135154,0.095833816
0.013367935,0.023469357,0.05211021,0.040291715
0.02925875,0.034775954,0.06290342,0.031168453
0.029149719,0.045038927,0.083892874,0.018372877
0.021072185,0.05118264,0.09759219,0.019539235
0.0095264185,0.053698014,0.08505781,0.04307437
0.022260722,0.06105754,0.0810226,0.02680771
0.024350896,0.068199925,0.09212846,0.018674903
0.016176045,0.073051296,0.093934335,0.026471794
0.015111138,0.07633135,0.08744798,0.031296507
0.007684764,0.07962984,0.05952133,0.05640138
0.015706375,0.08571271,0.02733268,0.066116974
0.029626817,0.10059374,0.055946425,0.0018488506
0.014027232,0.11330184,0.07532469,0.02028923
0.020139411,0.1146095,0.07558552,0.007799612
