0.048110098
0.05538095
