0.036944002
0.04856397
