0.022705823
0.0342211
