0.046531025
0.056233034
