0.7135402,0.23857547,0.06520481,-0.12489022
0.7191309,0.24689908,0.0635616,-0.10479967
0.7282298,0.24949013,0.05914892,-0.110963106
0.73132,0.24429084,0.055906992,-0.14447148
0.7187142,0.24373113,0.058568012,-0.15485725
0.7160991,0.23994875,0.06192249,-0.15146862
0.71726745,0.23755202,0.06287873,-0.14422561
0.7149917,0.24312332,0.06366564,-0.12369242
0.7251361,0.24139047,0.060971674,-0.12849717
0.7210305,0.2456675,0.060053103,-0.12810156
0.71821934,0.25209045,0.06109271,-0.11536924
0.72946966,0.24562612,0.05813295,-0.13530219
0.7171486,0.25201565,0.05952802,-0.12790453
0.72117996,0.2514349,0.06034649,-0.12426621
0.7217479,0.25364515,0.05966114,-0.11908086
0.7263394,0.25020748,0.058024783,-0.13094169
0.7229606,0.24747242,0.058144268,-0.14305988
0.723015,0.23841752,0.058915645,-0.16234726
0.7105713,0.24074057,0.0630864,-0.14635728
0.71614677,0.24051338,0.06436333,-0.13061018
0.7231791,0.23935738,0.06152554,-0.1327392
0.7180556,0.2453414,0.061403546,-0.12490873
0.7220591,0.24664661,0.060779154,-0.12446542
0.72343534,0.24699466,0.059460584,-0.1300159
0.7263917,0.23971017,0.058162287,-0.1537883
0.71899825,0.23374021,0.059958898,-0.16843326
0.71149445,0.23165299,0.06416402,-0.15872186
0.70654494,0.24293967,0.06792496,-0.11296925
0.7223273,0.25085184,0.06401644,-0.08821006
0.7330786,0.2532576,0.057024278,-0.10348072
0.7355339,0.24419717,0.053522892,-0.15516639
0.7128366,0.24786338,0.059066795,-0.15448067
0.71524906,0.24352181,0.06296668,-0.14303309
0.71967113,0.24119337,0.062170494,-0.13646676
0.7193842,0.24293783,0.06158235,-0.1304676
0.71940905,0.24672699,0.061489094,-0.12242326
0.7218045,0.25024077,0.060536005,-0.11706526
0.7172992,0.26285014,0.060911078,-0.09085327
0.73218465,0.2601569,0.05677378,-0.1043249
0.72985476,0.2584314,0.05452681,-0.12881896
0.7241219,0.2532425,0.05615922,-0.14860322
0.72118294,0.24320152,0.0584628,-0.1644889
0.71232253,0.24035244,0.062441245,-0.15397069
0.7155893,0.23716372,0.06403888,-0.14269032
0.71830976,0.2375563,0.063208684,-0.13516456
0.7230446,0.23422918,0.061255082,-0.14584857
0.7199147,0.23133314,0.06123099,-0.15778704
0.7120228,0.23459248,0.064273834,-0.14494485
0.71742857,0.2352298,0.064376466,-0.13548304
0.72115993,0.23634128,0.062314168,-0.13509643
0.72397596,0.23299775,0.060471103,-0.15054037
0.7144281,0.23747334,0.062638626,-0.14223923
0.7202488,0.23533864,0.062737346,-0.14173083
0.7181524,0.23894885,0.062410038,-0.13376938
0.7217698,0.23920009,0.061488573,-0.13462092
0.7193702,0.24341847,0.061354827,-0.12865429
0.7191734,0.24932936,0.0615494,-0.11568324
0.72881234,0.24528784,0.058471233,-0.1314624
0.7202099,0.24912873,0.058951456,-0.1322563
0.72067446,0.24891482,0.060098227,-0.13079678
0.72371155,0.24544242,0.05935552,-0.1383567
0.7236193,0.23925942,0.058978118,-0.1543835
0.71341085,0.24147308,0.062180795,-0.14389642
0.7122921,0.24916862,0.06479579,-0.111691475
0.73028207,0.24378219,0.05967076,-0.12475934
0.72049165,0.2505641,0.058901057,-0.12412887
0.71891457,0.25585315,0.060437158,-0.113075376
0.72112906,0.2626589,0.059921227,-0.09695787
0.7314151,0.25949112,0.056205127,-0.11229076
0.7288231,0.25528854,0.054857306,-0.13862255
0.7326706,0.23212239,0.054338355,-0.19935112
0.7066855,0.2220505,0.06207759,-0.20576136
0.6949017,0.22357534,0.07285988,-0.1548365
0.70489377,0.24121009,0.074011564,-0.082744986
0.74146646,0.23528172,0.05974712,-0.1110946
0.73185956,0.23424846,0.05471969,-0.15973523
0.7124662,0.23555021,0.060830235,-0.16627318
0.70578986,0.24256222,0.067081794,-0.12784314
0.72119373,0.2453919,0.064238,-0.10760443
0.7332595,0.24013786,0.057515644,-0.13507041
0.7230284,0.23875597,0.05770735,-0.15722565
0.71320766,0.23985355,0.062344972,-0.14875434
0.7181776,0.2373123,0.06328732,-0.14110625
0.7194156,0.23860094,0.062308233,-0.13482237
0.72120005,0.23913442,0.061351474,-0.13606757
0.7156463,0.24772523,0.062561326,-0.117057525
0.7231087,0.25142127,0.060973164,-0.10895034
0.7313161,0.24646743,0.05687326,-0.13406222
0.7219986,0.24570023,0.0576686,-0.14864232
0.7114115,0.25224465,0.062373355,-0.1250187
0.72597945,0.24583595,0.060447175,-0.12989606
0.72246844,0.24651642,0.059006076,-0.13450703
0.7268759,0.23559196,0.05817015,-0.16402781
0.71264327,0.23509525,0.061967403,-0.16111755
0.7120894,0.23484747,0.06542367,-0.14320566
0.71568894,0.23989348,0.0650519,-0.12144744
0.7226968,0.24418359,0.06196087,-0.11495418
0.7307133,0.23837955,0.057747643,-0.14484188
0.71903175,0.23803693,0.059355643,-0.15722816
0.7123742,0.23976688,0.063512556,-0.14305134
0.7139792,0.24634364,0.06478335,-0.114503786
0.72002226,0.25702623,0.06251313,-0.08692437
0.72145295,0.27541694,0.05995425,-0.05197835
0.7321024,0.28643018,0.05528642,-0.04015221
0.74703825,0.27748543,0.048515975,-0.09436211
0.7404663,0.26279882,0.04752453,-0.17000476
0.6931754,0.28808907,0.060903616,-0.100735076
0.72371906,0.2839386,0.061246224,-0.061044972
0.73347145,0.2888059,0.05386095,-0.05137514
0.74970114,0.26894218,0.04732063,-0.12816608
0.73111314,0.2548011,0.049660206,-0.19381496
0.7060568,0.24423471,0.060089864,-0.19185668
0.69711053,0.24591346,0.06986334,-0.13207366
0.72160524,0.24185842,0.06587324,-0.11256718
0.7283626,0.24074619,0.05921778,-0.1286829
0.72132105,0.24140711,0.059225786,-0.14388947
0.7116707,0.24919657,0.06308684,-0.12357154
0.723072,0.2474009,0.06146529,-0.12211763
0.72967196,0.23860519,0.057527307,-0.15312542
0.7180882,0.23432446,0.059580393,-0.16891345
0.70792884,0.23643595,0.06528851,-0.14743665
0.71464723,0.23977582,0.066018544,-0.12184663
0.71924525,0.24997666,0.06327461,-0.09746409
0.72915107,0.25322646,0.05852626,-0.103809215
0.73104477,0.25098118,0.05551806,-0.13192718
0.7315688,0.23487905,0.054728314,-0.18507984
0.70386875,0.23727083,0.063001886,-0.16787958
0.7052536,0.24239504,0.069104396,-0.12003509
0.72539055,0.24293832,0.063471854,-0.10867053
0.7302768,0.24244171,0.057744455,-0.12960856
0.72336566,0.24146985,0.058002636,-0.14973828
0.7170883,0.23962398,0.060957044,-0.15282075
0.7036097,0.25750807,0.06649621,-0.09458474
0.6930328,0.31295076,0.07191962,0.06425923
0.7695247,0.28905013,0.049082767,0.014507583
0.748111,0.30264622,0.042565648,-0.048492186
0.7330658,0.31190744,0.047037713,-0.07472414
0.7223949,0.32533,0.051370002,-0.04248527
0.7368456,0.32076323,0.049179465,-0.035154313
0.7435817,0.311329,0.045705084,-0.06777851
0.7450194,0.2920845,0.044649795,-0.1362478
0.7179764,0.29190126,0.051519882,-0.13863468
0.7187484,0.28145206,0.05659185,-0.12356551
0.7245378,0.2708367,0.05643398,-0.12169059
0.72868145,0.25612336,0.055273775,-0.14812797
0.71884036,0.24742703,0.058050815,-0.16187485
0.71007365,0.24509929,0.06328581,-0.14584714
0.707326,0.2557994,0.066772245,-0.096801236
0.7252881,0.26036042,0.06177724,-0.08024171
0.7348719,0.25854293,0.05507434,-0.107827604
0.7235051,0.26341778,0.05565046,-0.120149486
0.7063134,0.28687313,0.061874337,-0.05846444
0.7308179,0.29139203,0.057374574,-0.032918017
0.7490024,0.28014743,0.04808818,-0.08728988
0.7360171,0.27401474,0.048077386,-0.14428727
0.71860546,0.26871696,0.054487012,-0.15642443
0.71189606,0.26533866,0.06037446,-0.13141023
0.7241464,0.25436988,0.05937921,-0.13170345
0.72138304,0.25128037,0.05874632,-0.13521665
0.7230795,0.242948,0.058986586,-0.15202919
0.7152674,0.24085197,0.061485756,-0.15100649
0.7148451,0.23924437,0.06358571,-0.14175324
0.7173189,0.23964135,0.06335233,-0.13372868
0.7210732,0.23873624,0.061812334,-0.13664751
0.7180468,0.2419692,0.06185391,-0.13246773
0.710311,0.25828573,0.064412944,-0.090537846
0.7257331,0.266366,0.0605873,-0.0704433
0.7322006,0.27334687,0.05510015,-0.07435729
0.74061054,0.26387346,0.050796162,-0.1260178
0.7316186,0.24991168,0.051649656,-0.18204626
0.70561117,0.24872242,0.0607959,-0.1670549
0.70854956,0.24667354,0.06633742,-0.13031286
0.72072625,0.24743849,0.06336074,-0.11143506
0.7273794,0.24717528,0.05889197,-0.12131509
0.726924,0.24260518,0.05733195,-0.14819159
0.7148911,0.24450955,0.060719643,-0.14581515
0.71505547,0.24540383,0.063145906,-0.13116366
0.7237211,0.24102028,0.060975954,-0.1369652
0.7175229,0.24542314,0.061180033,-0.12978701
0.7192729,0.24820277,0.0615917,-0.12160344
0.7250196,0.24674696,0.059543107,-0.12846015
0.7257518,0.24172023,0.058081042,-0.14896336
0.7193767,0.23692976,0.05980445,-0.1617287
0.71307635,0.2355095,0.06334808,-0.15305835
0.71511966,0.23560537,0.064636834,-0.13895558
0.72158843,0.2337626,0.06262479,-0.14055781
0.71924883,0.23566104,0.061957516,-0.14091961
0.719421,0.23587537,0.06211224,-0.1423908
0.7164116,0.24063233,0.06295233,-0.1306494
0.7210698,0.24272302,0.061923232,-0.12569438
0.72802585,0.23666349,0.05883655,-0.14866355
0.7225197,0.22944501,0.05911573,-0.1735189
0.71861446,0.2149225,0.06173576,-0.1995666
0.70899415,0.2032205,0.06678429,-0.20473146
0.6992953,0.20553766,0.073635064,-0.16892573
0.70515686,0.22106639,0.074987754,-0.11364368
0.72480375,0.23416218,0.066601835,-0.092103116
0.7348321,0.23844111,0.0578901,-0.11732322
0.72744846,0.24055943,0.056639872,-0.14548163
0.7185821,0.24109536,0.059801295,-0.15112503
0.70451164,0.2599329,0.06576673,-0.09174935
0.72986895,0.26222065,0.060658168,-0.07529124
0.7389806,0.26041815,0.053100396,-0.10589987
0.7352575,0.2509139,0.05172002,-0.15910366
0.7135565,0.25101474,0.058155708,-0.15999427
0.7154737,0.24355213,0.062335853,-0.15027748
0.71611863,0.24281804,0.06298602,-0.13465258
0.7166379,0.2485103,0.06302048,-0.11369068
0.72844756,0.24457191,0.05925531,-0.12789753
0.7208778,0.24801816,0.059016738,-0.13234818
0.71845084,0.25047195,0.060676385,-0.12635776
0.67812085,0.31655112,0.07286872,0.05144736
0.75337243,0.31003556,0.055550706,0.073861144
0.76335937,0.30642495,0.040910583,-0.0048607667
0.7442428,0.31456855,0.042327937,-0.06964739
0.75029993,0.28899348,0.04282081,-0.1680072
0.71058095,0.2912361,0.05217585,-0.15972666
0.71273535,0.27909747,0.059355352,-0.12635498
0.7273548,0.2627758,0.057172477,-0.1293909
0.7229423,0.25632802,0.056883663,-0.138388
0.7218799,0.24646635,0.058435578,-0.15494686
0.7161184,0.23970781,0.061157003,-0.15948893
0.70996314,0.24045965,0.06487437,-0.13988198
0.7162731,0.24161418,0.06477816,-0.12387598
0.7240461,0.2403396,0.061293118,-0.13012388
0.7198946,0.24314627,0.060642123,-0.13342308
0.72192425,0.24006826,0.060500108,-0.14409748
0.7158275,0.24320108,0.061938595,-0.13616823
0.71998864,0.24238975,0.061850537,-0.13355836
0.71914667,0.24589242,0.061418142,-0.12569131
0.70008945,0.28133267,0.066791214,-0.033556648
0.7410445,0.28130394,0.056894064,-0.027608842
0.75001013,0.27598086,0.04707808,-0.09034193
0.7358457,0.2703984,0.048139982,-0.15125431
0.6969309,0.2969805,0.060332768,-0.07938008
0.724908,0.29898155,0.059514016,-0.029286591
0.72641253,0.32138208,0.054270424,0.02799465
0.75304747,0.31150457,0.0458011,-0.010551838
0.75532424,0.2972645,0.04140456,-0.10676881
0.71661705,0.31524572,0.049686566,-0.09668208
0.7432472,0.28084973,0.04889684,-0.15128274
0.7264353,0.2610398,0.05095201,-0.19253811
0.7036575,0.2514808,0.061294764,-0.17247574
0.69480336,0.26489955,0.07077997,-0.084894344
0.7229388,0.27559695,0.064698815,-0.032009855
0.7444101,0.27386114,0.052413784,-0.06259716
0.7443882,0.262446,0.047904067,-0.1430416
0.71651906,0.26318184,0.054592844,-0.16117045
0.7126595,0.25535735,0.061103452,-0.14864722
0.71697116,0.24946937,0.06212762,-0.13457988
0.72043645,0.24644157,0.061034765,-0.1315177
0.7221344,0.24316792,0.0601089,-0.13941608
0.7182325,0.2433227,0.061006352,-0.13931021
0.7172939,0.24457914,0.062078286,-0.1320632
0.71994555,0.24528722,0.061508376,-0.12850927
0.7277047,0.2360293,0.05879042,-0.15531355
0.72398347,0.22165263,0.05873067,-0.1945562
0.703437,0.21920128,0.06630709,-0.1823411
0.70525604,0.22017093,0.07134761,-0.14946707
0.70195043,0.24784172,0.07286493,-0.068263315
0.73335177,0.2584399,0.062076986,-0.05068569
0.72106516,0.29411986,0.057764575,0.00032708136
0.72298425,0.32946682,0.05628814,0.0760297
0.697578,0.40483275,0.05982253,0.27318665
0.7655032,0.37470883,0.042943157,0.26950058
0.7699596,0.36366123,0.034251645,0.17811304
0.7500318,0.38467,0.037050333,0.13503297
0.7647038,0.37262747,0.035451736,0.055546902
0.7705678,0.3501408,0.033046797,-0.07547386
0.7330677,0.36223486,0.039911386,-0.10162545
0.7279183,0.3533796,0.045730922,-0.07770174
0.7418431,0.32608432,0.044635102,-0.095218405
0.7344208,0.3106926,0.045996655,-0.11733768
0.7228505,0.3040329,0.050960883,-0.10952995
0.7250107,0.29495284,0.053441998,-0.09860819
0.7257843,0.29128397,0.053928804,-0.08818905
0.73520917,0.27744547,0.051848873,-0.1161259
0.7299497,0.26462737,0.05232806,-0.15229881
0.7227493,0.24632864,0.05585241,-0.18464132
0.7090496,0.23404305,0.062534995,-0.18312886
0.6938227,0.24670796,0.07178036,-0.11140493
0.7209949,0.2524744,0.06704124,-0.0761349
0.7368595,0.25208333,0.05647254,-0.10187367
0.729966,0.25098193,0.054347333,-0.14018255
0.71817404,0.2495022,0.058230452,-0.15223633
0.714859,0.24680488,0.06178321,-0.14355406
0.71228653,0.25348854,0.06383987,-0.11120389
0.7133805,0.2724498,0.06395288,-0.055623073
0.6769889,0.36127922,0.07308466,0.1778462
0.77485996,0.32889658,0.047374938,0.15681852
0.76597846,0.33299252,0.03642642,0.065752335
0.75400525,0.33939904,0.038350023,-0.019905757
0.76041424,0.31626886,0.03792084,-0.1399019
0.73565626,0.29622075,0.042899657,-0.2131789
0.7052612,0.27730516,0.055149943,-0.19773519
0.7075243,0.25342473,0.06328454,-0.16571268
0.7134024,0.2423997,0.06454074,-0.14266543
0.71780473,0.2385917,0.06350549,-0.13571046
0.7193553,0.23694123,0.062527195,-0.13926816
0.71217453,0.24506971,0.06429316,-0.12002066
0.7230781,0.24424711,0.06211037,-0.12151019
0.72535163,0.24197647,0.059197877,-0.13860866
0.7220852,0.23651889,0.059380222,-0.15921931
0.7101542,0.24024941,0.06360924,-0.1436008
0.7202553,0.23528709,0.063335516,-0.14261924
0.7154168,0.24224111,0.06313423,-0.12534817
0.7217325,0.24500114,0.061766703,-0.119437955
0.7286755,0.24066761,0.058370214,-0.14065742
0.7242643,0.23395629,0.05819343,-0.16730581
0.7160401,0.22618447,0.06162452,-0.17965817
0.7111052,0.22001496,0.06570173,-0.17473112
0.71623236,0.21034008,0.06631564,-0.1806448
0.7120563,0.20682713,0.06752486,-0.17932
0.7129915,0.20286952,0.06866966,-0.17939918
0.7085112,0.20807268,0.070378125,-0.16031583
0.71098477,0.21947965,0.07050914,-0.1295852
0.7184116,0.23446849,0.066811375,-0.10195866
0.7330785,0.23654369,0.059511233,-0.120170854
0.7288007,0.23700848,0.056948673,-0.14828888
0.71906334,0.23678531,0.05987426,-0.15664622
0.7134304,0.24040408,0.06359203,-0.13671497
0.7209378,0.24182042,0.06277334,-0.123746514
0.7203928,0.2510706,0.061380304,-0.10477025
0.7282558,0.25356075,0.058442757,-0.107856564
0.73639923,0.2421397,0.05430877,-0.15479589
0.7155193,0.24336609,0.058504593,-0.16096488
0.7069906,0.24999304,0.065157235,-0.12310437
0.7230016,0.2500736,0.06266565,-0.107596174
0.7220031,0.2610707,0.059749283,-0.08953238
0.73713225,0.25182793,0.05473039,-0.12812893
0.733209,0.23593216,0.053182438,-0.18951434
0.68576354,0.26344314,0.067446016,-0.10714848
0.68703353,0.31738648,0.07725173,0.07680105
0.76351815,0.3057897,0.05183956,0.07462008
0.7660601,0.2999064,0.03904191,-0.03175844
0.7412081,0.30764493,0.042748753,-0.10362507
0.7355651,0.2937255,0.046831645,-0.1552246
0.7162159,0.28701013,0.053342387,-0.14789616
0.7097925,0.2869906,0.059736002,-0.09780244
0.7248378,0.2845992,0.057948194,-0.07017935
0.740381,0.27199766,0.05156287,-0.1070052
0.7311513,0.2634752,0.05149004,-0.15047573
0.7199211,0.25140655,0.05626649,-0.17398661
0.7112151,0.24086416,0.062049996,-0.16982275
0.7014538,0.24912281,0.068321824,-0.115298994
0.7239625,0.24844185,0.06399182,-0.10046997
0.730801,0.24735232,0.057492334,-0.12234712
0.73077345,0.23548868,0.055531915,-0.17265607
0.71152276,0.23061927,0.06112712,-0.1826365
0.7048695,0.22912891,0.06786382,-0.15679795
0.711127,0.23432492,0.068530746,-0.12294879
0.7157053,0.25019148,0.065811045,-0.08351414
0.73232645,0.25441667,0.05870418,-0.090083376
0.734429,0.25325242,0.054121796,-0.12582852
0.73212445,0.23935854,0.053702146,-0.18071668
0.7029999,0.24510533,0.06257942,-0.1568421
0.7092853,0.24844995,0.06734138,-0.11333553
0.7331968,0.2388663,0.059743576,-0.13152799
0.7311266,0.22719099,0.05593327,-0.18082301
0.7065424,0.227909,0.06322753,-0.17587255
0.70186466,0.23605354,0.07057512,-0.12611386
0.7147833,0.25166702,0.06806385,-0.07382491
0.7354931,0.25591037,0.058150083,-0.08119013
0.7361661,0.25572723,0.053021587,-0.12139345
0.7289739,0.24839295,0.05398263,-0.16326565
0.7118212,0.24782164,0.060205013,-0.15670724
0.71770173,0.23890693,0.06254007,-0.15277821
0.7136583,0.24197987,0.063679606,-0.13201854
0.71795106,0.24703121,0.06331573,-0.11259231
0.7291056,0.24389686,0.059043307,-0.12763816
0.7249189,0.24176948,0.057810113,-0.14826767
0.7130273,0.2468103,0.061689563,-0.13582052
0.7172618,0.2493851,0.06288911,-0.11837603
0.7265818,0.2469914,0.059506826,-0.12526938
0.72771376,0.24039519,0.0572984,-0.15295202
0.7133598,0.24335314,0.061168358,-0.14635405
0.7181603,0.23983432,0.0627499,-0.14136581
0.7199102,0.23886323,0.06188473,-0.13928592
0.7227923,0.23412997,0.060709946,-0.15175778
0.711957,0.24100357,0.063450105,-0.13391171
0.7192288,0.24303468,0.063335635,-0.121962145
0.7303754,0.23502402,0.05869672,-0.14930777
0.72536695,0.22321917,0.05800553,-0.1894956
0.7068527,0.21897274,0.06479878,-0.18669769
0.6958151,0.23299453,0.07344827,-0.12055413
0.723289,0.23908082,0.06748587,-0.0931971
0.73369855,0.24320917,0.0580431,-0.11083556
0.7145,0.26609522,0.05991258,-0.081621595
0.726264,0.27556401,0.058661725,-0.0626429
0.7369071,0.2773034,0.05301123,-0.07709624
0.7362748,0.27434167,0.05057888,-0.11265108
0.7054252,0.30457374,0.058234863,-0.04525858
0.7325834,0.30675086,0.055317976,-0.013926492
0.7515518,0.29506326,0.046099897,-0.06410655
0.73868144,0.29201084,0.046011556,-0.11646924
0.7365297,0.2691251,0.0483097,-0.18244547
0.71246654,0.25570595,0.05614136,-0.19127841
0.6952862,0.25931457,0.06745382,-0.12481311
0.71360326,0.26683673,0.067148216,-0.0647103
0.7356724,0.26811492,0.057043564,-0.067387916
0.7417425,0.25938967,0.050663874,-0.12763153
0.7260279,0.25191718,0.053289067,-0.17200893
0.71203744,0.24259555,0.0602325,-0.17709069
0.7107402,0.23256123,0.064872146,-0.16627306
0.70908165,0.23409316,0.067232005,-0.13749431
0.71970475,0.23410529,0.06476227,-0.12958194
0.72283787,0.23491697,0.061594408,-0.13722691
0.721906,0.233013,0.06074395,-0.15184388
0.71152437,0.2400891,0.063780434,-0.134983
0.7183037,0.24317122,0.06369447,-0.12081788
0.71888036,0.25364137,0.06207796,-0.099034116
0.72937644,0.2547142,0.058156326,-0.10683708
0.7315651,0.25022435,0.055163532,-0.13783677
0.7235135,0.24439408,0.05672476,-0.16161965
0.7155794,0.23852055,0.06081691,-0.16438277
0.7094904,0.241075,0.065089725,-0.13679467
0.7085368,0.25875533,0.06711137,-0.07681424
0.73350674,0.26140568,0.059153643,-0.07355407
0.733595,0.2672932,0.053737026,-0.09256164
0.7306662,0.26685372,0.05329011,-0.11935972
0.7246242,0.26434755,0.055143233,-0.13378821
0.7100881,0.27721924,0.06034405,-0.09110951
0.72566056,0.27966464,0.0585447,-0.067829475
0.7426841,0.26744097,0.051235873,-0.11188482
0.70177644,0.30484325,0.058719326,-0.037269495
0.73030466,0.31082007,0.056650467,0.003956483
0.7562888,0.29540157,0.045268252,-0.05709738
0.7397348,0.29392806,0.045076054,-0.11642267
0.7221679,0.29382622,0.051372096,-0.12473598
0.7259292,0.28019103,0.05389911,-0.13148265
0.72000253,0.27515748,0.056086607,-0.12229364
0.7328241,0.25233427,0.054509025,-0.16139802
0.7132105,0.24790443,0.058875885,-0.16348523
0.7091121,0.24515766,0.06464144,-0.14063528
0.7218892,0.23650044,0.06283894,-0.14397934
0.70993674,0.24805313,0.06432675,-0.114115015
0.7202549,0.25363454,0.062980555,-0.09718589
0.72801304,0.25679824,0.05836981,-0.10284186
0.7246128,0.26247856,0.05708851,-0.10660783
0.72730255,0.26025635,0.0562786,-0.12213633
0.71538275,0.27145424,0.05899422,-0.09726529
0.7245278,0.27500322,0.05815356,-0.08114915
0.7328538,0.27376717,0.054163814,-0.09292854
0.73692733,0.26218358,0.05135368,-0.14022386
0.71328896,0.26900405,0.057003576,-0.12924309
0.7129704,0.27567628,0.061542105,-0.08748826
0.72795683,0.27732942,0.05768759,-0.07178612
0.7425944,0.26351172,0.05096233,-0.12384193
0.72183186,0.26485032,0.053845298,-0.14296168
0.70277476,0.2821602,0.06269208,-0.08148745
0.7247557,0.2876248,0.06006309,-0.041265648
0.69229054,0.35710084,0.06435936,0.13726988
0.7505914,0.35494536,0.05045758,0.18216932
0.76301795,0.35168564,0.038756985,0.13297164
0.76129663,0.3510604,0.03673443,0.048434686
0.7763162,0.31856462,0.033646457,-0.12308477
0.73609036,0.31432208,0.040385436,-0.20479703
0.70575035,0.3015238,0.05332966,-0.17705153
0.7098188,0.28330746,0.060309853,-0.12565814
0.7204715,0.275625,0.059409093,-0.093955316
0.72448975,0.27784422,0.057222456,-0.078453325
0.7342593,0.2713067,0.05370676,-0.1032946
0.73206484,0.26130503,0.05267073,-0.14511536
0.7205878,0.251146,0.05638649,-0.16804878
0.7106692,0.24466641,0.062248737,-0.1579742
0.71480507,0.23763834,0.06429153,-0.14750583
0.7210828,0.22908777,0.06256263,-0.15809715
0.7118691,0.2316216,0.064442426,-0.14852369
0.7134962,0.23532313,0.06581121,-0.13166602
0.7257989,0.2296405,0.06180423,-0.14840284
0.71757984,0.23090652,0.061759934,-0.15451024
0.7142532,0.23195428,0.06415508,-0.14810307
0.7136433,0.23835191,0.06530279,-0.1259167
0.7337121,0.22381355,0.059366025,-0.16556494
0.7139512,0.22495972,0.061498445,-0.17308599
0.67273533,0.2809626,0.078167476,-0.010650754
0.7382532,0.29371375,0.06439784,0.053302795
0.769525,0.28111416,0.043236826,-0.034653895
0.7425486,0.28931504,0.04348976,-0.111153625
0.73810136,0.26969558,0.047346357,-0.18725641
0.7104683,0.26016963,0.05609909,-0.187835
0.69417447,0.26791784,0.06767778,-0.10729897
0.7234643,0.26761898,0.06372607,-0.067637004
0.73885435,0.26451492,0.054009955,-0.09148098
0.73063207,0.2647896,0.052742053,-0.123707086
0.72312504,0.26114,0.055676922,-0.14136003
0.7144994,0.26242208,0.0597541,-0.1263231
0.71252114,0.27249134,0.062380943,-0.082156464
0.73097986,0.27164066,0.05740799,-0.07832057
0.7322057,0.27321687,0.05349591,-0.09531326
0.7331114,0.2654241,0.052438777,-0.13276342
0.70218444,0.29144597,0.06053473,-0.067937605
0.68818694,0.35253155,0.06959992,0.124493234
0.77980083,0.30933535,0.04450558,0.058076646
0.7648677,0.30508855,0.036552638,-0.07095226
0.7312768,0.31614545,0.04427873,-0.11864507
0.7380729,0.28789255,0.047234375,-0.17481238
0.71047395,0.28139046,0.054771733,-0.15780526
0.6790238,0.32207084,0.07022857,0.009397883
0.7450304,0.31362253,0.056807783,0.04944092
0.7587624,0.30733445,0.042814866,-0.0125122955
0.75660515,0.29111373,0.040517148,-0.12955275
0.7339214,0.27369437,0.045920305,-0.20937757
0.6993369,0.2655519,0.059325404,-0.18280095
0.7062172,0.25283787,0.06655372,-0.13784157
0.7191906,0.24853,0.063795276,-0.11574277
0.72057,0.2539669,0.061118085,-0.10349626
0.72706753,0.25319844,0.05836545,-0.11666492
0.72062534,0.2584099,0.05860132,-0.11640298
0.7199628,0.26233038,0.05945244,-0.10822912
0.7211503,0.26823604,0.05907562,-0.09364685
0.7286069,0.26830077,0.056415096,-0.09808765
0.73016745,0.265081,0.054440845,-0.11904502
0.7295542,0.25431302,0.0542326,-0.15386938
0.7160608,0.24980354,0.05844765,-0.15871574
0.7132007,0.24555516,0.06258791,-0.14533214
0.7139706,0.24857648,0.06391754,-0.11967945
0.728577,0.24080563,0.059711695,-0.1365579
0.719535,0.2423003,0.059622154,-0.14354917
0.7177694,0.24045265,0.061614476,-0.14490737
0.71525615,0.24326006,0.06304495,-0.1316767
0.7153228,0.2520094,0.06350248,-0.10501099
0.7235405,0.25901294,0.060614508,-0.09096424
0.72567546,0.26841253,0.057733063,-0.082140975
0.7256609,0.2792576,0.056326173,-0.069868885
0.73670554,0.2754204,0.052532174,-0.09473994
0.7314238,0.27287188,0.051805653,-0.12237721
0.7267649,0.26423883,0.053768408,-0.14698862
0.7163075,0.26115707,0.058072485,-0.14085245
0.70588624,0.27568495,0.06368546,-0.07932717
0.7207574,0.29033116,0.061288405,-0.023465253
0.7382587,0.29724815,0.05287531,-0.017535316
0.73838,0.30583653,0.04880747,-0.031941935
0.7373255,0.3099946,0.04798024,-0.0517004
0.7331354,0.31411874,0.048622333,-0.058524694
0.72683156,0.3236391,0.050469514,-0.03522169
0.7329791,0.32737863,0.04961396,-0.01581214
0.7424026,0.32294992,0.046286076,-0.030863397
0.7432741,0.31616798,0.04470219,-0.069105126
0.74008226,0.30388752,0.04541373,-0.11697319
0.7244796,0.298913,0.05013198,-0.1253544
0.72308683,0.28805166,0.053798754,-0.121068105
0.72460747,0.27769223,0.054922376,-0.12078925
0.7249739,0.26825714,0.05554157,-0.12884574
0.72634155,0.25440106,0.05589778,-0.15331574
0.71155995,0.25446376,0.06064516,-0.13987632
0.7070733,0.26591802,0.06538974,-0.08708772
0.72764677,0.26835188,0.06021571,-0.07170207
0.74402004,0.253875,0.051621914,-0.13322167
0.7314458,0.23650755,0.05200041,-0.20415737
0.69606775,0.23717599,0.06461604,-0.1788056
0.708076,0.22934724,0.07000618,-0.14857464
0.7193325,0.22743115,0.06573517,-0.13951868
0.72431964,0.2222252,0.06179537,-0.16072942
0.7146235,0.22164616,0.06353032,-0.16818325
0.71074265,0.2227155,0.06687542,-0.15614192
0.71190876,0.22976825,0.067646675,-0.13072772
0.7227945,0.23226374,0.06377863,-0.1284936
0.72828823,0.2279361,0.05951733,-0.15568677
0.7158804,0.22944246,0.061788592,-0.16066359
0.70971227,0.23624338,0.066158846,-0.13289559
0.7214425,0.23896325,0.0639405,-0.11964838
0.7290582,0.23726462,0.05915275,-0.13618608
0.71840477,0.24384835,0.060226433,-0.13297793
0.7215314,0.24369702,0.060957048,-0.13244148
0.7253697,0.23937476,0.059328865,-0.14570597
0.7171199,0.2418336,0.06097513,-0.14117932
0.72029585,0.23940027,0.061637476,-0.14129327
0.71581984,0.2455912,0.062624775,-0.12338472
0.7206611,0.25069198,0.061779194,-0.10914291
0.729009,0.24914889,0.05810438,-0.1223894
0.7307237,0.23959856,0.055771817,-0.16146453
0.7141749,0.23772822,0.060188357,-0.16662998
0.7121993,0.23392816,0.06461423,-0.15421306
0.71672386,0.23190378,0.06462368,-0.14431234
0.72032326,0.23026522,0.06295861,-0.14650805
0.71650136,0.2337869,0.06333427,-0.14028218
0.7143849,0.24258655,0.06447034,-0.117756695
0.7208575,0.25100175,0.062485717,-0.09965544
0.7335171,0.24691139,0.056913186,-0.12545756
0.72391933,0.24784291,0.05681636,-0.1432426
0.71570426,0.25043133,0.06057021,-0.13452415
0.7198814,0.250097,0.06125522,-0.12454237
0.72735775,0.24395457,0.058533173,-0.13969164
0.7198741,0.24358161,0.059331104,-0.14545353
0.7152793,0.24590623,0.062118843,-0.13294119
0.7186415,0.24896853,0.06226045,-0.11795154
0.7273322,0.24557836,0.059018537,-0.12990141
0.7191442,0.25055033,0.059510145,-0.1269693
0.7237332,0.24690332,0.05940641,-0.13576822
0.7257324,0.23807757,0.05829007,-0.1599103
0.71180856,0.24012548,0.062214382,-0.14970514
0.7099792,0.2479311,0.065819114,-0.113434575
0.72675097,0.24734001,0.061314955,-0.11105842
0.7226243,0.2562923,0.05892512,-0.10486501
0.72077066,0.26680338,0.059185587,-0.088341266
0.72835636,0.2709299,0.0567197,-0.08624847
0.73259926,0.26960528,0.05370793,-0.105730206
0.728854,0.26623473,0.053640727,-0.12846492
0.7304009,0.24977,0.05397115,-0.17043325
0.7073958,0.25165954,0.060904086,-0.15149134
0.71614665,0.24501987,0.06365221,-0.13633943
0.72330177,0.23924081,0.06095153,-0.14211674
0.72018325,0.2361581,0.06063524,-0.15181173
0.7084525,0.24616003,0.064764455,-0.12185596
0.7226878,0.24638437,0.0627562,-0.114068255
0.7188758,0.25905296,0.06088164,-0.092953496
0.73013055,0.25891137,0.05734008,-0.10420172
0.7250788,0.26423654,0.056292143,-0.10919154
0.72194767,0.26967403,0.057405375,-0.10121006
0.7268501,0.26989397,0.056386393,-0.10173542
0.73340124,0.26035535,0.05368852,-0.13333654
0.7270664,0.2487555,0.054484755,-0.1690835
0.70978993,0.24657747,0.061046842,-0.15859435
0.71117204,0.24574554,0.06506274,-0.13069515
0.7194899,0.24778768,0.063112475,-0.11351504
0.72765774,0.24540769,0.058986228,-0.12695621
0.7210566,0.24772796,0.05895773,-0.13420075
0.72104186,0.24491322,0.059946273,-0.14166561
0.72461635,0.2341464,0.059219137,-0.16622432
0.7188411,0.22191283,0.060841713,-0.18999755
0.7037043,0.22128466,0.06747841,-0.170159
0.70231515,0.23392187,0.07230086,-0.113528214
0.72056675,0.24754605,0.066761695,-0.07643957
0.73317844,0.2561446,0.05796541,-0.081613004
0.7389644,0.25095427,0.052628044,-0.13298695
0.6867072,0.30513263,0.06497853,-0.012226713
0.7275609,0.3228409,0.060988594,0.072739445
0.75980705,0.3169968,0.044766173,0.04095029
0.755026,0.31666082,0.040384423,-0.036028583
0.7496562,0.3057307,0.041415982,-0.12530582
0.73155653,0.2928065,0.046358697,-0.17380257
0.7041521,0.29437712,0.056943037,-0.12799478
0.7168793,0.28858918,0.05997004,-0.08073906
0.7365791,0.2760073,0.05363742,-0.09512454
0.73860615,0.25885555,0.05025381,-0.1559425
0.7187467,0.2479434,0.055518724,-0.18517312
0.7039294,0.24232903,0.06452912,-0.16281678
0.702336,0.25179547,0.06985237,-0.10039766
0.72426474,0.25769678,0.06377294,-0.074232526
0.73684376,0.25613692,0.055225354,-0.10396137
0.72985125,0.25340536,0.053958137,-0.14291376
0.7165801,0.25292993,0.058436997,-0.14810097
0.71333486,0.25363278,0.062235456,-0.12830815
0.71755105,0.25792474,0.062161278,-0.103796646
0.7200884,0.2694212,0.060487505,-0.07473275
0.73622537,0.26560327,0.05478314,-0.09626325
0.73349345,0.26050597,0.052370727,-0.13595876
0.72472024,0.25084078,0.054918684,-0.16760242
0.7134018,0.24307793,0.06033287,-0.16870427
0.7080487,0.24293761,0.06539573,-0.13898146
0.71983933,0.24015684,0.06387844,-0.12822013
0.7257507,0.23577987,0.060116652,-0.14435211
0.71456754,0.24135377,0.06196295,-0.13711765
0.71688294,0.24435371,0.06321961,-0.124843195
0.7258799,0.24052025,0.060177602,-0.13672121
0.7243753,0.23468776,0.058813397,-0.16027604
0.7065941,0.24477041,0.06431527,-0.13096951
0.7154705,0.25255537,0.06525401,-0.096506186
0.73449016,0.24799168,0.057808243,-0.115997784
0.7299763,0.24380086,0.055116143,-0.151828
0.7170466,0.24113542,0.05915397,-0.16250427
0.7124277,0.23933761,0.063548,-0.14884016
0.71775204,0.23726003,0.06370597,-0.1384239
0.72218627,0.23461406,0.061665963,-0.14376369
0.7199277,0.23323937,0.061444357,-0.1508489
0.7156753,0.23465413,0.06316967,-0.14531918
0.7184743,0.23427682,0.0633198,-0.1416302
0.7174065,0.23838602,0.06308673,-0.13180499
0.72452193,0.23497657,0.06093665,-0.14370057
0.71875256,0.23642482,0.06125873,-0.14610684
0.7275517,0.22114122,0.059769496,-0.18293306
0.71574306,0.20904091,0.06233077,-0.20702383
0.7050344,0.19932406,0.06914389,-0.20334354
0.6951816,0.21010649,0.0766925,-0.14614856
0.7138129,0.22517394,0.07329067,-0.09905387
0.73322695,0.23237535,0.061881423,-0.106874056
0.72663397,0.2429228,0.05819631,-0.11923607
0.70544076,0.2758328,0.063856006,-0.05119727
0.7390681,0.2759017,0.056643456,-0.04944958
0.7398483,0.2812928,0.050096177,-0.0742826
0.7335243,0.2835811,0.05025232,-0.100052096
0.71273845,0.30681223,0.056158982,-0.046862144
0.74000645,0.298469,0.051767804,-0.050459772
0.74442273,0.28917038,0.0466911,-0.09933799
0.73686445,0.27464935,0.047708303,-0.15932116
0.719479,0.26096246,0.053925313,-0.18265826
0.70741445,0.2514727,0.061924912,-0.16180307
0.7077498,0.25219607,0.066187344,-0.11808058
0.7260295,0.2466268,0.061587617,-0.11788974
0.7232436,0.2488924,0.058958583,-0.12501244
0.7210613,0.24904461,0.05953908,-0.13182954
0.7147623,0.25643834,0.06168414,-0.112773195
0.72294044,0.25814286,0.06022338,-0.10542468
0.7269097,0.25846234,0.057405006,-0.113438115
0.731541,0.2479263,0.055114865,-0.1512837
0.71733266,0.24428403,0.058452293,-0.1626397
0.71358484,0.23879749,0.06273895,-0.15627815
0.71041244,0.2435871,0.06544423,-0.12542887
0.70859486,0.26564622,0.06673392,-0.059896097
0.73915035,0.26399118,0.05702626,-0.071303435
0.74673355,0.24997956,0.049133595,-0.15137953
0.71693885,0.24941136,0.055069327,-0.17685091
0.70993423,0.24061573,0.06286867,-0.1680491
0.70827216,0.24203129,0.06659818,-0.13167945
0.7204966,0.24297023,0.063896775,-0.11594637
0.7258337,0.24424006,0.05982826,-0.123107485
0.7275867,0.23884961,0.05776771,-0.15127364
0.70989597,0.2482806,0.062330298,-0.13080402
0.66622704,0.32857418,0.07901388,0.094369076
0.75607705,0.3239864,0.056738082,0.13962509
0.7739721,0.31256774,0.037920702,0.03955066
0.74519557,0.332084,0.040353935,-0.023579387
0.7493114,0.3216917,0.041875474,-0.09469479
0.73193437,0.31900597,0.04541796,-0.11838011
0.7248619,0.309613,0.05004814,-0.11302715
0.71666354,0.31299445,0.05448764,-0.06551586
0.73478925,0.30281287,0.05181633,-0.060899366
0.7371482,0.29682565,0.048947506,-0.08393256
0.73066205,0.29367527,0.05019985,-0.10234737
0.704586,0.32264382,0.05806568,-0.018471792
0.7386552,0.31774345,0.05279186,0.004017419
0.75293624,0.30620715,0.044191767,-0.050978836
0.74542683,0.29479972,0.043666836,-0.12719294
0.7275681,0.28328234,0.049057677,-0.16662031
0.70913583,0.27862024,0.057707906,-0.14069706
0.7174389,0.2693748,0.060343724,-0.11563424
0.7253197,0.2627975,0.057944022,-0.11466357
0.7240295,0.26045677,0.057190444,-0.121431395
0.7215078,0.25910354,0.058162495,-0.124974914
0.72093505,0.2575072,0.058966327,-0.12505697
0.7219266,0.25466067,0.05896728,-0.12862325
0.7223202,0.25042045,0.05889094,-0.1370152
0.7214257,0.24469087,0.05933798,-0.14815074
0.7161654,0.24276623,0.06144236,-0.14577551
0.71320754,0.24679738,0.063697286,-0.12456075
0.7225115,0.24645455,0.061622564,-0.12083024
0.723951,0.24726349,0.05931488,-0.12743016
0.7263273,0.24052945,0.058051236,-0.15225577
0.715953,0.23945558,0.06074514,-0.15508384
0.71011525,0.24482699,0.06478544,-0.12741855
0.7266158,0.23776881,0.06135795,-0.13722353
0.71850866,0.2424725,0.0607222,-0.13437518
0.71720386,0.24708915,0.06214663,-0.1224035
0.72119355,0.25137722,0.061147846,-0.11241497
0.7265587,0.25178128,0.05847474,-0.11909933
0.72765046,0.2472917,0.056823917,-0.14218463
0.7166903,0.24961929,0.059662726,-0.1388787
0.7188435,0.24809901,0.061230715,-0.13207157
0.7231072,0.24463847,0.060034584,-0.13655621
0.7219329,0.24171683,0.059672024,-0.14504825
0.71620977,0.24329488,0.061631612,-0.13856184
0.71642077,0.2471594,0.06285176,-0.121695034
0.7257416,0.24447164,0.060056817,-0.12885123
0.7178874,0.25205943,0.060377173,-0.11828966
0.72417945,0.25155473,0.05952766,-0.12097325
0.7139086,0.26759836,0.061161157,-0.08531857
0.7252501,0.27631545,0.05895524,-0.062077574
0.72837615,0.28962693,0.055287544,-0.0433317
0.7239524,0.31267935,0.05456279,0.00035085663
0.7463724,0.30874735,0.048178244,-0.020982934
0.7485754,0.30148324,0.04404837,-0.08305995
0.7340375,0.29803607,0.04675326,-0.12378683
0.7363012,0.27091557,0.048678115,-0.18349136
0.70993346,0.26049057,0.056704715,-0.18007213
0.7017137,0.25842798,0.06581477,-0.12833042
0.72025836,0.25485733,0.06375096,-0.10327676
0.7279968,0.25416386,0.05834433,-0.11076677
0.7264526,0.25197893,0.056829974,-0.13246073
0.71454805,0.2585893,0.0601903,-0.12033625
0.7206143,0.25917214,0.06057777,-0.11015656
0.7256268,0.25844365,0.0581179,-0.1142199
0.7266394,0.25474393,0.056725293,-0.13124983
0.72171766,0.25155964,0.057880297,-0.14238493
0.7171723,0.25027466,0.060363345,-0.13754365
0.71875536,0.24904326,0.06115008,-0.13013631
0.7190552,0.2516147,0.061020095,-0.11969586
0.71906143,0.25865507,0.06080877,-0.10217773
0.7253064,0.262501,0.05861419,-0.097401045
0.73258036,0.25718993,0.055048335,-0.12452994
0.72146297,0.258866,0.056549482,-0.13286354
0.7187489,0.2582541,0.059237216,-0.1271422
0.71890306,0.2607394,0.06008926,-0.1115692
0.7286411,0.25460234,0.057400174,-0.12507905
0.72293,0.25366104,0.05733163,-0.13495782
0.7226248,0.24703138,0.058447972,-0.14876229
0.71541095,0.24663123,0.061079912,-0.14181934
0.7167746,0.24654937,0.062461186,-0.12952967
0.7227975,0.24396579,0.060739193,-0.13257925
0.69337344,0.28631535,0.06802964,-0.024107872
0.7408421,0.28668,0.057905283,-0.009076381
0.75447726,0.278784,0.045872524,-0.08122978
0.7339607,0.27985686,0.047667403,-0.134547
0.7348008,0.25241768,0.050367124,-0.20468369
0.70317084,0.24349831,0.060332067,-0.19433276
0.7024314,0.23496974,0.06889139,-0.15527642
0.7116289,0.23832555,0.068560876,-0.11632406
0.72450995,0.24165136,0.06277496,-0.11044482
0.7257313,0.24503802,0.05912005,-0.12311978
0.7178157,0.25367054,0.060328774,-0.11545566
0.7226397,0.25590694,0.05977707,-0.1129526
0.70919305,0.28105763,0.062414326,-0.05258619
0.73657304,0.28108817,0.05592203,-0.050377835
0.73941886,0.2823499,0.050076485,-0.081331536
0.7413994,0.26798052,0.048333988,-0.14763072
0.71972156,0.26225865,0.053735886,-0.16928099
0.7101477,0.2561437,0.061005704,-0.15016899
0.7170152,0.24907702,0.06240956,-0.13474055
0.71819746,0.2503589,0.06176104,-0.11994134
0.7260549,0.24557158,0.059243634,-0.13282165
0.7190538,0.24754669,0.0598072,-0.13498059
0.7177153,0.24894954,0.06134762,-0.1281389
0.7130201,0.2612125,0.062975176,-0.093458995
0.72922605,0.2612503,0.05869739,-0.093891785
0.7330507,0.2577563,0.054357972,-0.12364447
0.7277951,0.2494428,0.054758828,-0.15922032
0.7070101,0.25706866,0.06169088,-0.13139729
0.7189646,0.25561062,0.0626359,-0.110939406
0.7086866,0.2831667,0.063632034,-0.03741394
0.72260463,0.30888465,0.059872795,0.03331434
0.75048447,0.3090908,0.048368577,0.015591769
0.750703,0.3089137,0.043220688,-0.04534118
0.747803,0.29647142,0.043079536,-0.12846647
0.717211,0.30332282,0.05076047,-0.12413665
0.720185,0.29641765,0.05532731,-0.099090725
0.73205626,0.2828231,0.05302908,-0.107300974
0.7344738,0.26554656,0.051302902,-0.14932403
0.71614856,0.2604599,0.056447264,-0.15551926
0.707568,0.26303756,0.06314295,-0.11802392
0.7231275,0.2590224,0.061175495,-0.105469614
0.7277515,0.256659,0.057286326,-0.11750474
0.7222837,0.25749537,0.0576183,-0.12511194
0.72119635,0.25587323,0.058799416,-0.12862316
0.72308946,0.2506539,0.05870345,-0.13813001
0.7193501,0.24793386,0.059676252,-0.14151976
0.7144346,0.25119802,0.062062014,-0.12499568
0.71986085,0.25359395,0.061565436,-0.1117273
0.72872394,0.24915361,0.05797876,-0.12808461
0.7216614,0.2497803,0.058149215,-0.13711278
0.7151613,0.25448683,0.061109535,-0.12212798
0.7225072,0.25401828,0.06033292,-0.116587155
0.7002306,0.29191333,0.06520539,-0.01961584
0.71427226,0.33204335,0.06333634,0.102257505
0.76908505,0.311607,0.044206165,0.04699815
0.75167364,0.32166266,0.040242895,-0.022846878
0.7425878,0.32318473,0.043108102,-0.07536915
0.73732823,0.31525153,0.045357466,-0.110408194
0.7224621,0.31539205,0.050088093,-0.095596105
0.7250177,0.3110254,0.05246024,-0.07114399
0.7279346,0.31214312,0.052080225,-0.047529455
0.7369577,0.30731234,0.0494725,-0.05570578
0.7381737,0.30125976,0.047899015,-0.084702425
0.7392171,0.28443143,0.047625326,-0.1385604
0.72274715,0.27376154,0.05229188,-0.1605934
0.71424115,0.26271924,0.0584755,-0.1523837
0.71060765,0.26194465,0.06276358,-0.11749162
0.72086924,0.26183906,0.061365664,-0.09782998
0.72894865,0.25969762,0.05720612,-0.10882779
0.7257228,0.2587501,0.056297693,-0.12550983
0.7177662,0.2623699,0.058825836,-0.11890863
0.7231549,0.25935292,0.058791175,-0.11965966
0.7245403,0.25600058,0.05768138,-0.12837669
0.72280484,0.25167286,0.057988442,-0.13956067
0.71306556,0.25798395,0.06131563,-0.117608085
0.720726,0.26063666,0.060971394,-0.100725316
0.73004156,0.2577035,0.056860384,-0.114279285
0.72975284,0.25031114,0.0550307,-0.14760834
0.71626973,0.24902537,0.058855426,-0.15179884
0.71406657,0.24735638,0.06252163,-0.13768095
0.7101085,0.26019534,0.064774364,-0.09077505
0.72534966,0.26779768,0.060606085,-0.068358846
0.73742986,0.2662597,0.053736284,-0.09456758
0.7386155,0.25330728,0.050759714,-0.15817374
0.71231055,0.25452447,0.05752778,-0.16076334
0.7111406,0.25093487,0.06336371,-0.13766652
0.72033584,0.24712712,0.06214766,-0.12705296
0.7235672,0.24496292,0.059809867,-0.13248205
0.72314703,0.24079935,0.059242744,-0.14785296
0.71500707,0.24254596,0.06177796,-0.14190659
0.7195858,0.23906554,0.06218275,-0.14212763
0.71825486,0.23949859,0.06202049,-0.1392727
0.7211337,0.236279,0.06143595,-0.14618912
0.7170898,0.2372141,0.06222601,-0.14385757
0.71601844,0.2404161,0.06340155,-0.13142902
0.71807706,0.2466026,0.062886916,-0.114867695
0.7253259,0.24849193,0.05996572,-0.11657799
0.72685343,0.24761957,0.057731003,-0.13218214
0.7220594,0.24653819,0.058503017,-0.14257249
0.71766156,0.2467757,0.060687397,-0.13791324
0.706871,0.2657698,0.064846665,-0.08008457
0.73165876,0.26728627,0.05907791,-0.07060479
0.7392071,0.26426214,0.052134793,-0.10725734
0.7225314,0.27210513,0.05440184,-0.11333439
0.72287345,0.27210405,0.056726385,-0.109659314
0.7271069,0.26813066,0.05582374,-0.115167856
0.7261024,0.2639057,0.05552259,-0.12649669
0.720909,0.26265895,0.057340167,-0.12649979
0.7246618,0.25497788,0.05756869,-0.1375071
0.7206785,0.25042823,0.058565557,-0.14384027
0.7173313,0.24766858,0.0606755,-0.14066915
0.72229743,0.23899889,0.06039408,-0.15305683
0.7131268,0.24107032,0.06271249,-0.14187251
0.7184785,0.23873018,0.0631241,-0.13772802
0.7184173,0.24083404,0.062392555,-0.13214377
0.71725994,0.24683751,0.062475126,-0.11856237
0.7241803,0.24752499,0.060318246,-0.12120958
0.7230251,0.24991085,0.059069753,-0.12516259
0.7173594,0.2581672,0.060423464,-0.1087727
0.7247675,0.26023918,0.05902034,-0.10386817
0.723598,0.26754048,0.057695463,-0.09409353
0.7244975,0.27502462,0.05696406,-0.082479686
0.73098063,0.2759967,0.05452008,-0.08918247
0.7338082,0.27055496,0.052334625,-0.11806383
0.7330657,0.2547889,0.052085586,-0.16767041
0.71659344,0.24301633,0.05733595,-0.18643814
0.7023334,0.24170858,0.06592258,-0.15220915
0.7134404,0.2412191,0.067008376,-0.121622555
0.7269245,0.23779312,0.06126926,-0.13010685
0.7226732,0.2375503,0.059533507,-0.14604631
0.7147688,0.24039292,0.062265992,-0.14159204
0.7035124,0.2625563,0.0671689,-0.076752715
0.72959024,0.2688683,0.06078314,-0.05618819
0.7437719,0.2634827,0.051411495,-0.10251641
0.7309112,0.26120484,0.051562674,-0.14542422
0.7099588,0.2700262,0.05904934,-0.12100256
0.7224397,0.26639616,0.059732027,-0.10514443
0.7249744,0.26936752,0.057237417,-0.09579997
0.7335898,0.26095164,0.054125953,-0.12490163
0.7206534,0.26316273,0.05620675,-0.1295917
0.72311866,0.2560046,0.057851877,-0.13817886
0.7140724,0.2613832,0.06057359,-0.11562457
0.73008853,0.2491815,0.05782753,-0.13701157
0.71942204,0.24904412,0.058437746,-0.14314744
0.72283506,0.2375615,0.059523497,-0.16353385
0.7141982,0.23288679,0.062266894,-0.1650438
0.7146626,0.22599596,0.06452257,-0.16493312
0.708723,0.23115617,0.067100145,-0.13931622
0.7135273,0.24112354,0.06692951,-0.107362255
0.7302165,0.24010082,0.060423244,-0.120451316
0.73247886,0.23076789,0.056066368,-0.16888314
0.7127736,0.22866546,0.06099264,-0.17901005
0.70863754,0.22525044,0.06672823,-0.16376612
0.7096295,0.23162928,0.06856181,-0.1286163
0.72162855,0.23705485,0.064590916,-0.114070036
0.7298101,0.23625523,0.05920798,-0.13418368
0.7301024,0.22538953,0.056969352,-0.18041636
0.7019598,0.23550631,0.06510761,-0.15131077
0.71047455,0.2429973,0.068596266,-0.107662946
0.7192149,0.2608853,0.064286925,-0.062002502
0.7365811,0.26604608,0.0560683,-0.069310345
0.7368198,0.26809433,0.05184388,-0.10257517
0.7330436,0.26142108,0.051891748,-0.14458272
0.7267333,0.24578905,0.05429358,-0.18487589
0.7156323,0.22728905,0.05961528,-0.20595679
0.69706744,0.22648957,0.06934001,-0.16551606
0.70762223,0.23178183,0.071828976,-0.11818478
0.7249247,0.23727216,0.064496465,-0.10652267
0.72574717,0.2452508,0.059631675,-0.11221878
0.7260122,0.24694094,0.0581608,-0.12928465
0.7204116,0.24966592,0.059183117,-0.13270684
0.72211295,0.24673861,0.059598174,-0.13858785
0.7057396,0.2676963,0.064127855,-0.08088271
0.731235,0.26846606,0.059148744,-0.07053106
0.73693496,0.26903254,0.052713756,-0.09557096
0.7308947,0.26779482,0.052437365,-0.12444944
0.7316689,0.25156918,0.05306846,-0.17142187
0.7054881,0.25641176,0.060904566,-0.14536294
0.71399367,0.2552317,0.06421962,-0.113834165
0.7274445,0.2515637,0.059542343,-0.116002105
0.7174948,0.26373735,0.05958361,-0.095837295
0.7191594,0.2772264,0.06005554,-0.06379078
0.73534477,0.277247,0.05458168,-0.07308647
0.7365763,0.27392328,0.05094436,-0.109473765
0.7311258,0.26429138,0.05179815,-0.15111282
0.7233086,0.24844801,0.0552389,-0.1828544
0.71204966,0.23426697,0.061151344,-0.18779483
0.70301676,0.23215526,0.06798484,-0.15409853
0.70365566,0.2483519,0.07103467,-0.08744885
0.72700435,0.258355,0.06317245,-0.06318194
0.73886913,0.25945592,0.05413247,-0.094960816
0.7291447,0.26231065,0.05344683,-0.12513815
0.7170643,0.26850757,0.05770415,-0.116631
0.72163886,0.26917434,0.05865196,-0.10322006
0.73326737,0.25854743,0.05488736,-0.1294484
0.7225891,0.2560636,0.055986136,-0.14364304
0.7201199,0.2485139,0.05877186,-0.152288
0.71528816,0.2460925,0.061472863,-0.14341968
0.71274084,0.25183114,0.06370055,-0.11442279
0.7210672,0.25735518,0.061751876,-0.09573564
0.7245067,0.26600024,0.05872375,-0.08436473
0.7302345,0.26851332,0.05561879,-0.094005786
0.73299915,0.2630238,0.053357475,-0.1266379
0.7240303,0.25857785,0.05514511,-0.14691576
0.7216763,0.24685659,0.05773729,-0.1647452
0.71504253,0.23850726,0.06118409,-0.16590841
0.71302986,0.23308422,0.06417316,-0.15678091
0.7128589,0.23431943,0.0655809,-0.13850346
0.70881116,0.2516178,0.06701588,-0.08895828
0.7311838,0.253419,0.06022475,-0.09058427
0.73434967,0.25198627,0.05451399,-0.12557161
0.7047737,0.27997947,0.061056558,-0.07136236
0.7238646,0.29146788,0.059998576,-0.027506106
0.74402833,0.2899173,0.05067761,-0.046928287
0.74371254,0.28434777,0.046802115,-0.10365765
0.72429556,0.28893867,0.051142108,-0.11638769
0.72298497,0.28521422,0.054626577,-0.11027856
0.73001295,0.2732552,0.053755708,-0.12502919
0.7251131,0.26495728,0.05462381,-0.14015765
0.7183188,0.2598339,0.057930667,-0.13972744
0.7162422,0.25823662,0.060590267,-0.12518601
0.7215562,0.25576982,0.06004943,-0.119527265
0.7247877,0.25189382,0.058367047,-0.1300772
0.720342,0.2509247,0.059062444,-0.13512425
0.7170393,0.25245613,0.060911953,-0.12639745
0.72086585,0.25215453,0.060608998,-0.12168162
0.7281533,0.24359189,0.05787704,-0.14605486
0.71344084,0.24866071,0.06082407,-0.13620716
0.7120936,0.25752825,0.06399697,-0.10127489
0.72467244,0.26292896,0.060508516,-0.08449228
0.7293045,0.2686086,0.05623963,-0.086305365
0.7325096,0.2669595,0.05369954,-0.11094781
0.72752184,0.2636947,0.054172948,-0.13348643
0.724098,0.25499067,0.056056287,-0.15261
0.7124307,0.25608137,0.060611997,-0.13504294
0.7146531,0.26031706,0.0627607,-0.10359235
0.7290096,0.25704738,0.058435693,-0.10828815
0.72966135,0.2529149,0.055538937,-0.13408567
0.7233085,0.24652888,0.056935124,-0.15758821
0.71171576,0.24682452,0.06178862,-0.14581558
0.7154838,0.24617574,0.06357221,-0.12816235
0.72244716,0.24497168,0.061260078,-0.12646356
0.72704315,0.23803522,0.05856394,-0.15082897
0.71446884,0.24021763,0.061315197,-0.1485717
0.71674585,0.23792525,0.06323967,-0.14310575
0.7209878,0.23407945,0.062014412,-0.14818843
0.7197882,0.23038302,0.0617053,-0.15762806
0.70934504,0.2384316,0.06521058,-0.13251418
0.71609193,0.24671954,0.06523554,-0.103903174
0.7280089,0.25030845,0.05994935,-0.10393616
0.73223346,0.246893,0.055757727,-0.1350862
0.7235207,0.24301216,0.056957696,-0.15921621
0.71377826,0.24143676,0.061507065,-0.15404147
0.7111945,0.24622457,0.06487923,-0.12308957
0.72586083,0.24305803,0.061315097,-0.124070875
0.7236359,0.24523143,0.05909476,-0.13049571
0.7255408,0.23913184,0.058517084,-0.15266149
0.7152213,0.2399599,0.06133112,-0.14986317
0.72235507,0.22921827,0.0614883,-0.16580643
0.715041,0.22523667,0.06307286,-0.1690786
0.707511,0.23041622,0.06732421,-0.14173725
0.719413,0.23110603,0.0655741,-0.13151817
0.722823,0.23374072,0.06205699,-0.13441892
0.7256133,0.22903687,0.059919152,-0.15824677
0.7115002,0.23519363,0.06338886,-0.14608657
0.7185381,0.2340835,0.064089574,-0.1391596
0.72211516,0.23339838,0.06191537,-0.14274389
0.7106272,0.24848248,0.0643407,-0.10749089
0.7110631,0.27495772,0.06562383,-0.036989048
0.7407203,0.27892694,0.055573948,-0.035863858
0.74283695,0.28234267,0.04884267,-0.07345699
0.715416,0.31245056,0.05399253,-0.029634587
0.7359886,0.31448367,0.051809724,-0.014321092
0.741393,0.31733203,0.047079604,-0.02494529
0.7414395,0.31629902,0.045628052,-0.05316967
0.7493248,0.2947661,0.04368285,-0.13083746
0.73034996,0.2794087,0.047682114,-0.18145919
0.7118274,0.2640525,0.056496006,-0.18019898
0.709368,0.25015026,0.0629301,-0.15722327
0.7164425,0.23959833,0.063605666,-0.14717662
0.7179161,0.23488419,0.062940195,-0.1470307
0.7089858,0.24489562,0.06561405,-0.116777144
0.7002194,0.28063074,0.06962764,-0.01910427
0.74076825,0.28542817,0.05740404,-0.0076571186
0.74218804,0.2956735,0.04884255,-0.03263032
0.74798673,0.2853914,0.045647565,-0.1070908
0.7327628,0.27682364,0.04829341,-0.16082416
0.7146041,0.26961607,0.05570463,-0.16006376
0.7066027,0.27166262,0.062575676,-0.1108792
0.71789306,0.278199,0.06194477,-0.06333137
0.7367701,0.27538532,0.05448632,-0.0738246
0.73277575,0.2773435,0.051854387,-0.09814668
0.73121035,0.27035782,0.052330144,-0.13142109
0.71479666,0.27584922,0.057161406,-0.115625925
0.72000057,0.27614966,0.058899295,-0.09347571
0.7276747,0.2756608,0.05621542,-0.089215964
0.7323137,0.27043563,0.053528477,-0.11145883
0.71649635,0.28213996,0.05677788,-0.089808024
0.7321955,0.27339324,0.054952487,-0.1037176
0.72288203,0.27888888,0.05507389,-0.09849588
0.729781,0.2716746,0.05450619,-0.11448658
0.7192574,0.27761477,0.056474607,-0.10123225
0.7261553,0.274909,0.05632797,-0.09928204
0.7278409,0.27284768,0.054902792,-0.10693584
0.7300916,0.2639221,0.05401619,-0.1336058
0.7212347,0.25887182,0.056355547,-0.14542215
0.7134718,0.25932515,0.06065257,-0.12776409
0.72272265,0.25329208,0.06010158,-0.12625344
0.7269659,0.24407619,0.057707243,-0.14965458
0.71901625,0.23742196,0.059473395,-0.16560046
0.7090269,0.23802201,0.06445566,-0.148862
0.7078265,0.24929704,0.067533925,-0.10206757
0.7301681,0.2473255,0.060829125,-0.10671867
0.7315477,0.24388058,0.055862103,-0.14106545
0.70378757,0.26675344,0.062631615,-0.0935749
0.720855,0.2770316,0.062257268,-0.052518252
0.73671067,0.28142628,0.054208122,-0.054300293
0.72597224,0.30096695,0.05309837,-0.03406176
0.7339347,0.30843088,0.05140895,-0.027114855
0.7371425,0.31429964,0.04872455,-0.03041681
0.73529285,0.32080066,0.04797427,-0.031725958
0.7389125,0.31960097,0.046899676,-0.046407875
0.73970914,0.31393722,0.046114028,-0.07426601
0.74530965,0.29093888,0.04494609,-0.14288698
0.7197851,0.28522572,0.051133644,-0.15536855
0.71498835,0.27364084,0.057671815,-0.14017503
0.7092054,0.27973208,0.06196705,-0.08604014
0.72614866,0.2810464,0.05872056,-0.061397318
0.7370961,0.27764675,0.052631993,-0.08400111
0.7329935,0.27374527,0.051431652,-0.119419
0.7208234,0.27417606,0.05509046,-0.12420496
0.72087604,0.270232,0.05749552,-0.11881295
0.7268787,0.26053774,0.056470837,-0.13204774
0.72189265,0.25490823,0.057326008,-0.14242594
0.71284443,0.25844264,0.061201114,-0.1218219
0.7194717,0.26022673,0.061302945,-0.103929244
0.7313042,0.2530472,0.056813933,-0.12568055
0.72256374,0.25205556,0.057007357,-0.14078249
0.72406447,0.23957932,0.058186565,-0.1679085
0.7076312,0.24246128,0.06349843,-0.14749813
0.7144226,0.24264432,0.06530661,-0.12536086
0.7207791,0.24660307,0.062460788,-0.11345321
0.7281423,0.24393041,0.058632057,-0.13122001
0.7218531,0.24382664,0.05870412,-0.14433096
0.7102888,0.25422242,0.06303764,-0.11479132
0.7212333,0.2591028,0.061879907,-0.09378471
0.73168266,0.25821498,0.056608245,-0.10707044
0.7323742,0.25102195,0.05408563,-0.14537342
0.708361,0.2643054,0.060378317,-0.11602871
0.72491574,0.25958118,0.060056254,-0.1093819
0.72609884,0.26107565,0.057104297,-0.11122404
0.7292063,0.25471935,0.05564072,-0.13524136
0.72463804,0.2461022,0.0565084,-0.16131715
0.7086527,0.25004455,0.06238667,-0.13863276
0.71928424,0.2461094,0.062902406,-0.12769942
0.72257787,0.24577722,0.06045107,-0.12811077
0.71447504,0.2572843,0.061828215,-0.10283011
0.71852905,0.270622,0.06157716,-0.068649665
0.7318564,0.2762396,0.056270685,-0.0645266
0.7390288,0.2722745,0.051175904,-0.10241211
0.73352826,0.26328218,0.05099855,-0.15055883
0.7153499,0.26132172,0.056856174,-0.15191099
0.71934056,0.24895816,0.05989103,-0.15406579
0.71808773,0.24118493,0.060902297,-0.15441692
0.71535134,0.23786558,0.062713645,-0.14860244
0.71774083,0.23436548,0.0631424,-0.14757463
0.7189221,0.23113534,0.062734395,-0.15215519
0.71055394,0.23916984,0.065103516,-0.12910216
0.71752185,0.24574472,0.064424455,-0.10883473
0.72662896,0.24848445,0.05997305,-0.1120582
0.7306028,0.24327187,0.056517534,-0.14387621
0.71180654,0.25338474,0.06074732,-0.12664211
0.7186268,0.25671163,0.062081,-0.10636406
0.7297342,0.25405818,0.057750553,-0.116036296
0.7313542,0.24552567,0.055065647,-0.15235168
0.7046047,0.26219267,0.06214513,-0.11170848
0.72116023,0.26549897,0.062254954,-0.08325204
0.7358008,0.26197422,0.055140126,-0.102079
0.7291049,0.26165906,0.05380767,-0.12711659
0.71437526,0.27130777,0.058524333,-0.10662951
0.7273509,0.26635152,0.057552032,-0.107351266
0.7226777,0.27216044,0.056793947,-0.09708643
0.7261871,0.27338445,0.056179516,-0.09567933
0.7330807,0.26532677,0.05364932,-0.12367106
0.7299735,0.25227362,0.05350753,-0.16490428
0.7095148,0.25222695,0.06020754,-0.15302485
0.7153646,0.24559787,0.06329973,-0.13960154
0.7132486,0.25300977,0.06384496,-0.10772178
0.724235,0.25597978,0.060765326,-0.098702826
0.73275965,0.2507154,0.055940565,-0.12859182
0.7160926,0.25948283,0.058567308,-0.121310525
0.7190335,0.2625905,0.060401186,-0.10595303
0.72821146,0.25967622,0.057401907,-0.11351495
0.73274344,0.2476242,0.054467954,-0.15476342
0.7091051,0.255083,0.06036298,-0.13689102
0.6906849,0.2945601,0.07056471,-0.0095101865
0.74423623,0.29343033,0.05707111,0.0102895275
0.75400156,0.29048786,0.04506862,-0.05170451
0.74444705,0.28342557,0.044675,-0.13255893
0.7253247,0.27514625,0.050494492,-0.16970825
0.6955762,0.2918815,0.06241389,-0.09044472
0.7271303,0.28616434,0.0597573,-0.055716272
0.73596627,0.2875514,0.052401997,-0.060641177
0.73307985,0.29050097,0.050867844,-0.0774742
0.73067373,0.29063386,0.051475175,-0.09199678
0.72877175,0.2880686,0.05227459,-0.101740584
0.7409509,0.26154107,0.049788896,-0.16731988
0.7183646,0.24685308,0.054816872,-0.19794908
0.69943976,0.24146663,0.06573686,-0.16511743
0.70966554,0.23833,0.06873493,-0.12933739
0.71944094,0.24244396,0.06461643,-0.110604174
0.725034,0.24542706,0.060348507,-0.11681424
0.7242513,0.2463273,0.05879832,-0.13177209
0.72128195,0.24496937,0.059378345,-0.14255263
0.71920586,0.24162741,0.06059176,-0.14848112
0.7145168,0.24358378,0.06268319,-0.13579504
0.71469283,0.25115678,0.06370072,-0.108641796
0.7240033,0.2563298,0.06073619,-0.09664493
0.72960335,0.25832677,0.056800514,-0.10686432
0.7269457,0.25947794,0.055842407,-0.12135739
0.7222176,0.26064342,0.057259824,-0.12418919
0.7148335,0.27116358,0.060156297,-0.09245097
0.72872007,0.27079758,0.05736502,-0.08749035
0.7313216,0.27089286,0.05405627,-0.101458766
0.7282543,0.26923984,0.053975157,-0.118865356
0.71986926,0.27288473,0.05667516,-0.110708736
0.72609967,0.26823837,0.05653577,-0.11363589
0.72887164,0.25996825,0.0550671,-0.13507316
0.71897364,0.2585516,0.057585575,-0.13701463
0.717423,0.25704274,0.060195237,-0.1269254
0.7233584,0.2518823,0.059351306,-0.13039218
0.72075844,0.25093353,0.059290502,-0.1321143
0.72202605,0.24636903,0.05946832,-0.14123161
0.7169519,0.24690033,0.061007567,-0.1364015
0.71429497,0.25328377,0.06287554,-0.11260187
0.72168887,0.2584916,0.061107233,-0.09691968
0.7353024,0.2495644,0.05550305,-0.13211055
0.72362876,0.24606897,0.056137826,-0.15828033
0.712346,0.24517131,0.061498314,-0.15051208
0.7126574,0.24757065,0.06435372,-0.12415742
0.7259735,0.24278209,0.060776383,-0.12960488
0.72173214,0.24432878,0.05948152,-0.13529006
0.7162658,0.24966925,0.061491832,-0.123368844
0.72323436,0.24895613,0.060413107,-0.12328976
0.7228606,0.2503884,0.05915328,-0.12558718
0.7239753,0.24780324,0.05861559,-0.13646701
0.7173777,0.25110272,0.060323045,-0.12885933
0.72295636,0.24785669,0.059995096,-0.13180923
0.72075534,0.24853161,0.059786234,-0.13128743
0.72068995,0.24852224,0.06011705,-0.13033132
0.7216517,0.247704,0.059890237,-0.13217549
0.72130066,0.2468464,0.059888285,-0.13446881
0.7231321,0.24196742,0.05947727,-0.14640413
0.7185673,0.2393761,0.060697693,-0.15097004
0.71272314,0.24344529,0.063565485,-0.13188568
0.7230889,0.23992333,0.061846264,-0.13409531
0.7196185,0.2433349,0.06097423,-0.13107309
0.7208596,0.24412474,0.06086745,-0.13150027
0.719922,0.2467472,0.060852192,-0.12745374
0.72087866,0.2492506,0.060535043,-0.12267061
0.7219949,0.2518598,0.059821397,-0.119544975
0.7251685,0.25056523,0.05847659,-0.12775528
0.7254427,0.24552792,0.057726722,-0.1461037
0.68401563,0.2959585,0.06960547,-0.011287907
0.73927814,0.29966906,0.059480306,0.030023117
0.75799817,0.29483175,0.044744667,-0.029232142
0.75011325,0.28699622,0.042700153,-0.12289128
0.729979,0.27728653,0.04812364,-0.17777836
0.70750254,0.2728305,0.05785465,-0.15536734
0.71386063,0.26392487,0.06191485,-0.12429788
0.72410315,0.25713882,0.059423286,-0.118628934
0.7258735,0.25208002,0.05742407,-0.13286984
0.7212872,0.2480179,0.05850165,-0.14563939
0.72035384,0.23956576,0.05997973,-0.15974759
0.7171096,0.23032525,0.061798386,-0.17153965
0.7106043,0.22639301,0.06529915,-0.16440485
0.7052444,0.23592235,0.0690977,-0.12311873
0.7190508,0.24420154,0.06593937,-0.09737294
0.73130554,0.24587451,0.058775187,-0.11239306
0.7321338,0.23915315,0.055349037,-0.15668406
0.7183762,0.23326243,0.0587549,-0.1791117
0.71241987,0.22386366,0.063792214,-0.18166202
0.7098134,0.21939349,0.06728473,-0.16771881
0.71656793,0.2137059,0.06678399,-0.1669937
0.71979773,0.20567553,0.06499134,-0.18478048
0.7073752,0.20824756,0.06853258,-0.17302045
0.7036023,0.22236814,0.07269694,-0.12564567
0.7211852,0.23374929,0.06747465,-0.09981544
0.735892,0.23332703,0.058292825,-0.12911344
0.7224353,0.23927376,0.058189988,-0.14420526
0.7137396,0.2473662,0.062512666,-0.12486203
0.7215829,0.25169328,0.06183448,-0.10750437
0.7305641,0.2504849,0.057524104,-0.11876014
0.7270955,0.24970564,0.056398906,-0.13628654
0.7228208,0.24597757,0.057997957,-0.1490346
0.7085086,0.25848773,0.06313628,-0.10832949
0.7166682,0.27304667,0.06330435,-0.057182796
0.73638934,0.27652177,0.0554249,-0.057278294
0.73979163,0.2753948,0.050269693,-0.09544084
0.7186784,0.29233363,0.05429092,-0.07736329
0.73006,0.29135424,0.05411074,-0.07241255
0.7387516,0.28178355,0.0501573,-0.105529875
0.730402,0.27444702,0.050969277,-0.1377344
0.71861815,0.27031255,0.055763025,-0.13861173
0.72022516,0.26164025,0.058282763,-0.13569309
0.7221794,0.2532619,0.05849407,-0.14060825
0.71785015,0.25038168,0.060035866,-0.13809061
0.7122801,0.25731727,0.06286489,-0.10956824
0.72257006,0.26037657,0.060935758,-0.0954216
0.7292205,0.2606488,0.056866184,-0.10610257
0.7286693,0.25713962,0.05530522,-0.13132583
0.7191638,0.25758252,0.05785415,-0.13481091
0.70749736,0.27333665,0.06303768,-0.08228017
0.7330436,0.26861465,0.05768422,-0.08315622
0.7352811,0.26535523,0.052546427,-0.11534061
0.7250093,0.26377827,0.054312933,-0.135888
0.71485406,0.26742592,0.058960896,-0.118867666
0.7253248,0.26081702,0.0582845,-0.11975188
0.725149,0.257122,0.056917537,-0.12964284
0.7172879,0.2607095,0.05918947,-0.118999064
0.7200419,0.26343003,0.059902962,-0.104476444
0.728625,0.25981677,0.057034172,-0.11494537
0.72879386,0.25284252,0.0553945,-0.14289252
0.7198316,0.24728593,0.05792971,-0.15760465
0.71589345,0.2402331,0.061335705,-0.15917435
0.7110805,0.24142794,0.064497285,-0.13754585
0.72121155,0.23748593,0.062933475,-0.13643448
0.7175841,0.24235065,0.062174227,-0.12813444
0.72020376,0.24506733,0.0616939,-0.12379271
0.7231427,0.2458377,0.060112346,-0.12803482
0.72024095,0.24921225,0.060081296,-0.12581293
0.7246502,0.24552791,0.05909429,-0.13761628
0.7177625,0.24865408,0.06035401,-0.13187344
0.72196084,0.24615426,0.06037949,-0.1335943
0.7208627,0.24620087,0.060121696,-0.13388304
0.7225888,0.24289694,0.05980712,-0.14166486
0.7154818,0.24773562,0.06164579,-0.1283476
0.72293025,0.2454834,0.06081359,-0.12929036
0.7244772,0.24239568,0.059067152,-0.14205103
0.7179016,0.24317276,0.06059527,-0.1419769
0.71877074,0.24164434,0.06169204,-0.13981077
0.71988565,0.24053274,0.06150379,-0.13916765
0.7192691,0.2409644,0.06153781,-0.1370714
0.71247274,0.25276154,0.0635684,-0.10575016
0.72799987,0.25224757,0.059882473,-0.10739228
0.7294652,0.2513061,0.05630621,-0.12803918
0.7245239,0.2474957,0.056924883,-0.1488716
0.7154278,0.24771704,0.06050164,-0.14347644
0.72041744,0.24182066,0.06127344,-0.1444867
0.71574277,0.24519059,0.06224254,-0.13001779
0.72201174,0.2439618,0.061289545,-0.12913549
0.71896774,0.24958156,0.0609675,-0.11928927
0.7235562,0.2505863,0.05980638,-0.11999316
0.7246068,0.25035346,0.05844771,-0.12831917
0.726966,0.24212137,0.05740678,-0.1546914
0.7144787,0.24217553,0.06080046,-0.15218306
0.7179064,0.2361397,0.062640585,-0.15172431
0.713009,0.24094677,0.06415959,-0.13060871
0.72250855,0.23966822,0.0622456,-0.12978053
0.7185182,0.24700087,0.061500575,-0.11886046
0.71580744,0.26092196,0.062349055,-0.0873098
0.7319712,0.26092502,0.057464886,-0.09492495
0.7333799,0.2578228,0.053732615,-0.12698351
0.72629404,0.2510525,0.05495484,-0.15735658
0.71536887,0.24645795,0.05960678,-0.15887685
0.71177053,0.24621695,0.06363288,-0.13583437
0.7184997,0.24736552,0.06304276,-0.118428
0.7281684,0.24253519,0.0590352,-0.1342752
0.6760209,0.3109604,0.07193062,0.03669947
0.732966,0.33141226,0.06208099,0.13258599
0.7613004,0.33175665,0.043524627,0.10962138
0.76392525,0.32682797,0.03777931,0.01189074
0.7669241,0.3042037,0.03631689,-0.14172915
0.72316664,0.30745536,0.045290783,-0.18087806
0.7104783,0.29315206,0.05546818,-0.15275863
0.7209518,0.27157646,0.057513822,-0.13841788
0.72243905,0.25870013,0.05742528,-0.13988385
0.7214396,0.24805266,0.058520533,-0.15197186
0.71127355,0.24947426,0.062523685,-0.13460949
0.7149908,0.25230822,0.063909456,-0.11157867
0.72452545,0.2523757,0.060523693,-0.11087118
0.7264863,0.2509397,0.05784751,-0.12674586
0.7237864,0.24660318,0.05792101,-0.14636882
0.7191847,0.24067461,0.059872564,-0.1581248
0.7113034,0.24210478,0.063539684,-0.14150093
0.7148895,0.24589276,0.06444473,-0.11838703
0.72283363,0.24952166,0.06140352,-0.109781496
0.7325796,0.2416938,0.056726113,-0.14347261
0.7146407,0.24817975,0.05976954,-0.1389742
0.71518624,0.25168857,0.062784724,-0.11894522
0.72582877,0.24936518,0.05986498,-0.121456414
0.7296511,0.24130265,0.056763228,-0.15192717
0.7167963,0.2394062,0.059693195,-0.16024818
0.7142318,0.23560734,0.06332482,-0.15415189
0.71450627,0.23651099,0.064561,-0.13811685
0.7218083,0.23415306,0.062557556,-0.14032939
0.7167628,0.23985319,0.062564366,-0.13095792
0.7200162,0.24284008,0.06218156,-0.12514398
0.7212856,0.24724306,0.06097262,-0.119783536
0.72483087,0.24756177,0.059213836,-0.12661882
0.72577995,0.24337202,0.058029816,-0.14567892
0.72465277,0.23223113,0.058281913,-0.17530823
0.70689917,0.23500465,0.06427555,-0.1559747
0.713795,0.23486356,0.066425756,-0.13430128
0.7136269,0.24911965,0.06553517,-0.09456392
0.72571635,0.25901687,0.06094207,-0.07776379
0.72639203,0.27388242,0.05733619,-0.06310102
0.73109925,0.2829869,0.054441568,-0.061215967
0.7181845,0.31118736,0.055905163,-0.0069544064
0.74402225,0.3083685,0.049816754,-0.015585608
0.7544671,0.29326555,0.0432374,-0.095952936
0.7335134,0.28875342,0.04643938,-0.14813188
0.72659063,0.26738548,0.051566117,-0.18570143
0.70652026,0.2592494,0.059923258,-0.16358688
0.7082473,0.25613785,0.065202,-0.12111673
0.722041,0.25474036,0.062131707,-0.104431316
0.727493,0.2541368,0.05799139,-0.11474519
0.72354186,0.25490072,0.05761544,-0.12653552
0.72231364,0.2515483,0.058482252,-0.13781816
0.7168706,0.2523524,0.060443435,-0.131475
0.72533655,0.24219841,0.059290115,-0.14949043
0.7155624,0.2423042,0.061058484,-0.14689441
0.7156069,0.24173251,0.06311854,-0.13700782
0.72017574,0.24065086,0.062172957,-0.13435656
0.7204995,0.24139392,0.06118446,-0.134771
0.71945834,0.24301933,0.061227735,-0.13344581
0.71953565,0.24502458,0.06131692,-0.12930964
0.721552,0.24580175,0.06060907,-0.1289459
0.7242342,0.24253869,0.059343144,-0.14118522
0.7189633,0.24248974,0.06036822,-0.1433432
0.7127044,0.2502413,0.06322551,-0.11769593
0.723886,0.25134057,0.061109062,-0.110211946
0.7284338,0.25045234,0.057492886,-0.12422151
0.7227128,0.2515629,0.057806686,-0.1330776
0.7194743,0.25228325,0.05960729,-0.13042228
0.71989954,0.25351256,0.060251668,-0.12212377
0.7316715,0.23990862,0.05695379,-0.15659645
0.70974004,0.24768628,0.061359446,-0.13927646
0.71881264,0.24452925,0.06294418,-0.13025132
0.7211662,0.24624076,0.061096698,-0.124819726
0.7247478,0.24375202,0.05931804,-0.13590747
0.7165871,0.24929984,0.06082504,-0.12696151
0.7217244,0.24899045,0.060714897,-0.12448215
0.7232448,0.24909624,0.059344042,-0.12777853
0.7207808,0.25090832,0.059573427,-0.12681176
0.72283995,0.24935563,0.05930934,-0.13121888
0.724248,0.24420671,0.05863742,-0.14572941
0.72078305,0.23835528,0.059619345,-0.15854767
0.7159204,0.23380099,0.06211863,-0.16040109
0.71518636,0.23004624,0.063999355,-0.15624487
0.70737666,0.24203357,0.06705191,-0.115615405
0.720995,0.2501568,0.06418676,-0.09151008
0.7320035,0.252521,0.057598826,-0.10479154
0.730082,0.2514535,0.05521551,-0.13372189
0.7210242,0.2505584,0.057567503,-0.14571118
0.71603,0.25064713,0.06083249,-0.13573301
0.72233343,0.24557564,0.06042573,-0.13716196
0.7205206,0.24458937,0.06017869,-0.13783753
0.7224936,0.23945042,0.060026087,-0.1486644
0.71744055,0.23822069,0.06143216,-0.14911188
0.7178471,0.23558411,0.06254823,-0.14806034
0.7183588,0.23365709,0.062661625,-0.14827183
0.7146607,0.23779924,0.06383968,-0.1346234
0.721452,0.2371946,0.06247336,-0.1346977
0.71842223,0.24266863,0.06196449,-0.12666202
0.7214154,0.24545531,0.061168607,-0.123392776
0.7239783,0.2460064,0.05958428,-0.1291129
0.72394395,0.24394304,0.05887222,-0.14083631
0.72064877,0.24136418,0.059782688,-0.1486052
0.7155392,0.24291721,0.062137805,-0.13825507
0.7196266,0.2426892,0.06214219,-0.13125502
0.7220421,0.2429827,0.06078007,-0.13164209
0.72105014,0.24443556,0.06041331,-0.13209
0.7217865,0.24377978,0.060212784,-0.13621031
0.7178935,0.24759264,0.061175954,-0.12722474
0.72101,0.24949291,0.06084459,-0.12099768
0.7265515,0.24593367,0.058588263,-0.13463517
0.7204268,0.24657036,0.059205353,-0.13905512
0.7209353,0.24267787,0.060186666,-0.14528513
0.7160662,0.24478634,0.061866283,-0.13468276
0.7219354,0.24180143,0.061189663,-0.13646366
0.7232445,0.23754436,0.05991469,-0.14952359
0.7146067,0.24067552,0.0622327,-0.14061445
0.7167837,0.24321727,0.06332832,-0.1266639
0.71814096,0.2513259,0.062536106,-0.10580592
0.7297117,0.24924679,0.058352463,-0.119268276
0.7233047,0.25269565,0.05765792,-0.12705995
0.72593814,0.24597184,0.0576788,-0.14748403
0.7175588,0.24459247,0.059897956,-0.14894584
0.71381813,0.246983,0.062902935,-0.12995693
0.72024727,0.24856803,0.062043782,-0.117672764
0.72531414,0.24875936,0.059312686,-0.12222367
0.727802,0.24285303,0.057354815,-0.14752409
0.7147819,0.2460027,0.060565215,-0.14236125
0.7202945,0.24063437,0.06158161,-0.14434527
0.7184243,0.24005926,0.061639003,-0.14169182
0.71174824,0.25047547,0.06401226,-0.11037955
0.7227531,0.2562267,0.06169823,-0.0938718
0.7347802,0.25133973,0.05579188,-0.1223838
0.7312803,0.2407024,0.054197736,-0.17077759
0.70579636,0.24624225,0.062024042,-0.15186653
0.7130266,0.24614787,0.06551263,-0.12334122
0.72506315,0.24475119,0.061264228,-0.12094414
0.7269763,0.24195227,0.058188718,-0.13997747
0.71040434,0.2555263,0.062155895,-0.11189286
0.71274674,0.27417305,0.06418234,-0.05517042
0.73346215,0.28185838,0.056892212,-0.0398855
0.74297017,0.28034788,0.04977134,-0.07776898
0.73556983,0.27776113,0.049292978,-0.12181496
0.717167,0.28502506,0.054894038,-0.109704584
0.7238485,0.2819793,0.056411777,-0.09600835
0.7330369,0.27217138,0.05336793,-0.11536155
0.7277592,0.26480317,0.05354401,-0.13951428
0.7197705,0.25855508,0.056982588,-0.14729449
0.7154218,0.25528955,0.06048481,-0.13586867
0.71746624,0.2545556,0.061474513,-0.12091267
0.7251355,0.24947295,0.059245516,-0.1294567
0.7269285,0.2394701,0.05751262,-0.1600535
0.71358943,0.23666747,0.061297365,-0.16350521
0.708452,0.23896246,0.0660426,-0.13794525
0.7240528,0.2309485,0.06298679,-0.14694744
0.7228456,0.2241057,0.06065128,-0.1706733
0.7147917,0.21696638,0.06335821,-0.18478514
0.70787317,0.21391854,0.06796675,-0.17482242
0.7123338,0.21149956,0.069013126,-0.16456942
0.712746,0.21650183,0.068399735,-0.14850895
0.7180965,0.2207833,0.0663194,-0.1420351
0.72053355,0.22463796,0.06398105,-0.1431249
0.71804535,0.23085172,0.063649,-0.13683331
0.7204934,0.23501858,0.06284777,-0.13203268
0.7224579,0.23828746,0.06136456,-0.13138199
0.72261864,0.24073961,0.060548093,-0.13259044
0.7218153,0.24298704,0.060451962,-0.13181856
0.71555966,0.25473464,0.062118318,-0.10356281
0.7315236,0.25124267,0.05813786,-0.11484777
0.7286503,0.25015935,0.055870235,-0.135672
0.72130954,0.2487037,0.05796496,-0.14498621
0.7146042,0.25224778,0.061453175,-0.12727988
0.72576064,0.24574283,0.05979117,-0.13416089
0.7189032,0.2494466,0.059927974,-0.12842868
0.72282577,0.24680048,0.059860516,-0.1332491
0.72176224,0.24532044,0.059612077,-0.1386861
0.71944255,0.24438173,0.060509007,-0.139449
0.7191575,0.24344227,0.061183028,-0.13780269
0.71923625,0.24353479,0.06137982,-0.13463372
0.72030014,0.24363379,0.061116964,-0.13330838
0.720871,0.24361886,0.060742695,-0.13438177
0.7187103,0.2465915,0.061185148,-0.12781002
0.70900106,0.26694474,0.06415132,-0.07433279
0.73149437,0.27073568,0.058600564,-0.063932694
0.7375889,0.2718207,0.05228305,-0.09035802
0.7335807,0.26781574,0.05143036,-0.12913553
0.7263118,0.25842068,0.05386868,-0.15961783
0.7143647,0.25309533,0.059085704,-0.15554138
0.70790064,0.258553,0.06423727,-0.112895556
0.72050583,0.26382238,0.06234265,-0.082459845
0.7321866,0.2649377,0.056349803,-0.090358146
0.73160887,0.26385167,0.053765014,-0.117379084
0.7250283,0.26111957,0.055197038,-0.13672243
0.71614754,0.2627675,0.058915544,-0.12601286
0.72632176,0.2519653,0.058119286,-0.13939992
0.7223095,0.24503449,0.058120064,-0.15433924
0.71493584,0.24175823,0.061392676,-0.15203013
0.71123004,0.24575293,0.064569294,-0.12612617
0.71697724,0.2535446,0.06382862,-0.09781684
0.70521784,0.29134482,0.06545009,-0.0045589353
0.7484609,0.28627822,0.053220537,-0.021202773
0.74389493,0.29152036,0.04677022,-0.066893175
0.74099755,0.28230163,0.046899557,-0.13072132
0.7265077,0.27218315,0.051035423,-0.16563708
0.7104489,0.26786608,0.058533896,-0.14605936
0.71681833,0.26021641,0.061135545,-0.12544702
0.7239633,0.25436234,0.059132762,-0.12490432
0.7268584,0.24547495,0.057326272,-0.14865549
0.71111923,0.25114408,0.06152256,-0.1327382
0.7169213,0.25262722,0.06299618,-0.11439336
0.728323,0.24682976,0.05881248,-0.1303276
0.71628296,0.254477,0.05999784,-0.120271005
0.7189096,0.25910375,0.06102038,-0.105094075
0.7279905,0.25742555,0.05789666,-0.112908155
0.7271902,0.25499713,0.05620058,-0.1310648
0.7183072,0.25763503,0.058595657,-0.12789173
0.7195789,0.25836465,0.05994392,-0.11773131
0.7197265,0.26435527,0.059832048,-0.09876212
0.7096589,0.2925406,0.062218055,-0.025253735
0.7374836,0.2976252,0.054814834,-0.009582561
0.74691707,0.2967023,0.047088306,-0.04983555
0.73397094,0.30438486,0.047837142,-0.073066615
0.733171,0.30126268,0.049362715,-0.091775164
0.7341285,0.2902103,0.04951533,-0.11947713
0.7211385,0.28925678,0.053207967,-0.11376446
0.7157133,0.29563862,0.057347115,-0.072690964
0.7280412,0.2974217,0.05525902,-0.04928599
0.74082905,0.28965786,0.04985404,-0.07805858
0.7399178,0.27649656,0.04803788,-0.13724469
0.71635926,0.27743244,0.054347828,-0.13890874
0.71344256,0.27671126,0.059840195,-0.10789684
0.723381,0.27520582,0.058538545,-0.08873787
0.72680515,0.27794445,0.055985067,-0.08242953
0.7274855,0.28162426,0.054763373,-0.08229607
0.73019075,0.2810086,0.053543277,-0.0932455
0.7277354,0.28071296,0.053548817,-0.10219172
0.7176868,0.29170355,0.056491993,-0.073049
0.7237397,0.3010315,0.056256432,-0.03806866
0.74046075,0.29658034,0.050483886,-0.054226678
0.7327039,0.30270413,0.049458027,-0.06510769
0.7425192,0.28648615,0.04772142,-0.11908629
0.73318475,0.26942438,0.049116887,-0.1735676
0.7122549,0.25855303,0.05694103,-0.17643088
0.70033455,0.26165253,0.06600587,-0.11907064
0.7208658,0.26056448,0.06364607,-0.089031644
0.733479,0.2567276,0.056349304,-0.10860193
0.7292334,0.25164017,0.054744963,-0.1443969
0.7162504,0.25020224,0.058906723,-0.1506288
0.7118685,0.25143582,0.06307775,-0.12934534
0.72202635,0.24778639,0.061538085,-0.12527525
0.7332912,0.23058024,0.056716472,-0.17380723
0.7150499,0.22107708,0.06026487,-0.19852114
0.70016414,0.21934809,0.06932285,-0.17268457
0.69964844,0.2352311,0.07433556,-0.103719115
0.728497,0.24096435,0.064955585,-0.08980429
0.7375723,0.239054,0.055603452,-0.13178657
0.7267462,0.2335214,0.055861052,-0.17542623
0.7050594,0.2387555,0.06397617,-0.15460804
0.7147005,0.23755942,0.066136345,-0.13204856
0.72377264,0.23732144,0.062093068,-0.13024172
0.72340894,0.23798166,0.060101442,-0.13905421
0.71561396,0.24560076,0.062106743,-0.12472257
0.7202248,0.2510168,0.06191676,-0.1093106
0.72675055,0.25343388,0.05876066,-0.11096205
0.73151004,0.2470137,0.055726748,-0.14217822
0.71784043,0.2485714,0.058565684,-0.14596187
0.71648496,0.24748467,0.061649952,-0.13603333
0.72160125,0.24450383,0.06098666,-0.13431996
0.7229461,0.24123907,0.059793547,-0.14293674
0.7140564,0.24773008,0.0621372,-0.1260622
0.72007287,0.25080872,0.061973035,-0.11287048
0.7253933,0.2527509,0.05914915,-0.11404628
0.7261172,0.25243935,0.05747475,-0.12651722
0.7216177,0.25316396,0.058323074,-0.13122442
0.7208593,0.25207818,0.059354372,-0.13136305
0.72237605,0.24895157,0.05929252,-0.1355688
0.7190908,0.24960452,0.06013049,-0.13150825
0.7285878,0.2364778,0.058185186,-0.16175224
0.7216238,0.2229156,0.059075624,-0.19455662
0.701582,0.22284849,0.06723075,-0.17242287
0.7071372,0.22571084,0.07098941,-0.13653718
0.71800214,0.23398037,0.06696908,-0.112075455
0.725584,0.24062273,0.061508182,-0.112568006
0.72618717,0.24414667,0.058783073,-0.12644269
0.7205358,0.24928743,0.05949774,-0.12674461
0.7219345,0.2503689,0.059754904,-0.12604003
0.72467643,0.24795634,0.058707822,-0.13413027
0.71375936,0.25927836,0.061215363,-0.10637125
0.7261128,0.26005295,0.059375737,-0.09982946
0.73102885,0.25862116,0.05563192,-0.11611827
0.7302262,0.250685,0.054550055,-0.1503266
0.71426857,0.2522697,0.059211496,-0.1453993
0.7147363,0.25267187,0.06251795,-0.124354504
0.72365683,0.2503968,0.060410585,-0.1211729
0.7230544,0.2517063,0.058926824,-0.12333889
0.7238429,0.24959965,0.05852109,-0.13351604
0.72038656,0.24881801,0.059403572,-0.1369611
0.7252008,0.23843363,0.05883644,-0.15935235
0.7119302,0.24014312,0.06227992,-0.14953154
0.71845794,0.23434997,0.063324705,-0.14889818
0.72134537,0.22785018,0.061901685,-0.16136351
0.66137177,0.30687913,0.079864815,0.0498308
0.7464483,0.31327045,0.062199954,0.11445347
0.76641953,0.3124834,0.0416806,0.054663222
0.7474894,0.328219,0.04120336,-0.0018205215
0.7360036,0.34378308,0.044845656,-0.010810634
0.7338208,0.3547296,0.04610533,0.0141452355
0.7524899,0.3384131,0.041915324,-0.022966359
0.74137384,0.33851558,0.042368792,-0.049586985
0.7297446,0.3451818,0.046324704,-0.033000175
0.7355782,0.3430451,0.046705917,-0.016716832
0.7249547,0.36242086,0.048496533,0.047331665
0.7420347,0.36259496,0.045433857,0.07655819
0.76847285,0.33374715,0.03750961,-0.013831376
0.7264585,0.36573705,0.043360494,0.005975678
0.7488585,0.3493642,0.042881444,-0.014119921
