-0.12863679,-0.21133348,0.24797508,-0.28341776,-0.22748174,0.23802738,-0.91393656,-0.19220197
-0.12779032,-0.22746466,0.2383591,-0.2736236,-0.22145721,0.2546379,-0.90651953,-0.19594145
-0.12882191,-0.2246127,0.23345217,-0.2831623,-0.22487001,0.25127223,-0.90443844,-0.2017854
-0.1341858,-0.2419412,0.2367106,-0.29622397,-0.2300476,0.24219887,-0.906584,-0.20474872
-0.13504556,-0.21271738,0.24459271,-0.30187795,-0.2331268,0.23380724,-0.9138274,-0.19828679
-0.13513725,-0.24424051,0.24836183,-0.29195705,-0.22874372,0.24195533,-0.9121856,-0.19681242
-0.13227953,-0.22089112,0.25088277,-0.29646087,-0.23249507,0.23085739,-0.91545445,-0.1953315
-0.13040748,-0.21930756,0.24657725,-0.28210002,-0.22580972,0.24442263,-0.91263056,-0.19255558
-0.13019547,-0.24257223,0.24273574,-0.28405547,-0.22627644,0.24516456,-0.9080072,-0.19899443
-0.13010669,-0.20736621,0.24096648,-0.28998014,-0.22906567,0.23930377,-0.9111989,-0.19713213
-0.13035421,-0.22560737,0.23644556,-0.2776936,-0.22176677,0.25792092,-0.9057846,-0.19740143
-0.13242067,-0.24487615,0.23750621,-0.29276285,-0.22855039,0.24558575,-0.9054497,-0.20467463
-0.1321097,-0.19238323,0.23986343,-0.2941055,-0.22954978,0.24180053,-0.9122149,-0.19647568
-0.13288501,-0.25011826,0.23807472,-0.27948993,-0.22145191,0.26126462,-0.90406764,-0.19980773
-0.13005805,-0.201824,0.23816784,-0.29250684,-0.22868676,0.24504381,-0.90913576,-0.19951218
-0.13390559,-0.24908476,0.23782308,-0.2858232,-0.22464664,0.2547353,-0.9049329,-0.20155837
-0.13282143,-0.21268003,0.2429017,-0.29963756,-0.23218407,0.23667015,-0.91159433,-0.19986346
-0.13658157,-0.25618175,0.24809167,-0.29675278,-0.23101394,0.23793711,-0.9112996,-0.19980243
-0.1318762,-0.19339678,0.25191924,-0.29779613,-0.23331304,0.2284218,-0.91809034,-0.19205065
-0.13198122,-0.25626037,0.2467285,-0.2777608,-0.22315991,0.2512482,-0.9087466,-0.19529891
-0.12959212,-0.21351717,0.24631523,-0.29518282,-0.23256573,0.22988068,-0.91311896,-0.19771661
-0.13104925,-0.224043,0.24202672,-0.28110904,-0.22482312,0.2477638,-0.9099818,-0.19478592
-0.12990816,-0.22912951,0.2392945,-0.28397915,-0.2254717,0.24890979,-0.90704465,-0.19928104
-0.13167006,-0.22665977,0.23852581,-0.2900818,-0.22798157,0.24473871,-0.90807575,-0.20043765
-0.13507932,-0.24406102,0.2439085,-0.2986896,-0.23191924,0.23622198,-0.9103209,-0.2017922
-0.13577613,-0.22625317,0.25237593,-0.30535606,-0.23623198,0.2239384,-0.9170577,-0.19680747
-0.13421473,-0.23150069,0.2555728,-0.29386583,-0.23177654,0.23055641,-0.9174467,-0.1921962
-0.12771909,-0.20102537,0.24834673,-0.2779998,-0.22474585,0.24438804,-0.9143996,-0.18905957
-0.12640697,-0.23732872,0.23518619,-0.26725307,-0.21801746,0.26391712,-0.9024416,-0.19745481
-0.12800166,-0.2152634,0.22968689,-0.28450483,-0.22521836,0.25239807,-0.9029283,-0.20362121
-0.13627581,-0.25616327,0.23519939,-0.29867753,-0.23038591,0.24373914,-0.90456706,-0.20776547
-0.13483937,-0.18814692,0.24497037,-0.3049394,-0.23427346,0.23195884,-0.9159572,-0.19628169
-0.13552253,-0.26267144,0.24619211,-0.28415143,-0.2242015,0.25349998,-0.9083305,-0.1976001
-0.13105687,-0.20602274,0.24918637,-0.3001962,-0.23415183,0.22815557,-0.9154202,-0.19651335
-0.13242203,-0.23808141,0.24586986,-0.28211537,-0.22523326,0.24714762,-0.9107598,-0.19449574
-0.12868378,-0.21111092,0.24260075,-0.28490543,-0.2267245,0.24423108,-0.91030043,-0.19607285
-0.13005394,-0.23310634,0.23664585,-0.27922523,-0.22291641,0.25521156,-0.9052583,-0.19894704
-0.12707509,-0.1875432,0.2304092,-0.2773394,-0.22120716,0.26197025,-0.90475774,-0.19739133
-0.13145489,-0.2564076,0.22505657,-0.2760394,-0.2182556,0.27411267,-0.89455444,-0.20754744
-0.13319455,-0.20277534,0.23126116,-0.3033915,-0.2317614,0.24497214,-0.906081,-0.20630196
-0.13817267,-0.24664286,0.23897691,-0.295449,-0.22740883,0.25303167,-0.9065957,-0.20259348
-0.13647617,-0.22839111,0.2501615,-0.30811128,-0.23558122,0.23099434,-0.9143955,-0.19986859
-0.13496484,-0.22497341,0.2540119,-0.2953227,-0.23135711,0.23505472,-0.9167294,-0.19256033
-0.1316725,-0.23687467,0.25302505,-0.28786087,-0.22891591,0.23763815,-0.91400594,-0.1936953
-0.1300135,-0.22435702,0.24957673,-0.28827292,-0.22980568,0.23418161,-0.9137941,-0.1943381
-0.13178569,-0.24319747,0.24818079,-0.28959882,-0.2301067,0.23413172,-0.9119399,-0.197263
-0.13253444,-0.22687538,0.2507322,-0.2977932,-0.23422946,0.22455667,-0.91560817,-0.19630788
-0.13188075,-0.22306049,0.25004932,-0.2883598,-0.22955613,0.23428553,-0.9151193,-0.192771
-0.13081627,-0.23790172,0.2474308,-0.2860126,-0.22808953,0.23840684,-0.9118118,-0.19594692
-0.13088629,-0.22453581,0.24623474,-0.29133558,-0.230724,0.23299646,-0.913027,-0.1965731
-0.13323647,-0.2427343,0.2476605,-0.29321957,-0.23116966,0.23262139,-0.91265035,-0.19792856
-0.13118891,-0.20701365,0.2483342,-0.29217428,-0.23101719,0.23186615,-0.9157196,-0.19338469
-0.13249739,-0.25449765,0.24629366,-0.285072,-0.22687867,0.2424182,-0.90994847,-0.19762525
-0.13010193,-0.20211415,0.24648982,-0.29455402,-0.23220272,0.22973154,-0.91501623,-0.1952093
-0.1325256,-0.24969672,0.24371508,-0.2826568,-0.22534399,0.24647349,-0.9089607,-0.19730729
-0.12959158,-0.20257878,0.24324208,-0.29151016,-0.23003092,0.23630106,-0.912659,-0.19632661
-0.13063744,-0.2331256,0.23759009,-0.27705336,-0.22176485,0.25692087,-0.90616083,-0.19712271
-0.1314414,-0.23442553,0.23821473,-0.29236203,-0.22887164,0.24352825,-0.9068838,-0.20306231
-0.13259882,-0.2091281,0.23990674,-0.29255044,-0.22886083,0.24295953,-0.91094893,-0.19772422
-0.13272804,-0.23792958,0.24000059,-0.28493303,-0.22461227,0.25320387,-0.9070474,-0.19911113
-0.13252252,-0.22676586,0.24234964,-0.2956625,-0.23045304,0.23984084,-0.91016513,-0.20040593
-0.13510594,-0.23950365,0.24711674,-0.29804063,-0.2320254,0.2348153,-0.9124795,-0.19905087
-0.13229114,-0.208141,0.24949569,-0.29324847,-0.23068435,0.2348357,-0.91571164,-0.19317517
-0.1291461,-0.22451349,0.24218088,-0.27443048,-0.22126012,0.25641814,-0.90854794,-0.19346033
-0.13037965,-0.24698761,0.23896135,-0.28750157,-0.22720064,0.24582767,-0.9054338,-0.20307055
-0.13071686,-0.19225176,0.23894614,-0.29199758,-0.22931464,0.24058715,-0.91155964,-0.1967479
-0.13104746,-0.23673615,0.2343138,-0.27417707,-0.21897632,0.26641467,-0.90270376,-0.198678
-0.12804322,-0.2001645,0.23001084,-0.28228495,-0.22282289,0.26121134,-0.90334266,-0.20094684
-0.13287558,-0.2465874,0.22801712,-0.2832106,-0.22174996,0.26653606,-0.8984792,-0.2064304
-0.13449712,-0.21438798,0.23561303,-0.3031191,-0.23173904,0.24386428,-0.90752053,-0.20481478
-0.14303985,-0.28390777,0.2517619,-0.31569192,-0.2383914,0.22680187,-0.9121027,-0.20646517
-0.13879073,-0.19094165,0.27004808,-0.32525378,-0.24723108,0.19781622,-0.9289176,-0.18922435
-0.13383153,-0.2491969,0.26562122,-0.2777084,-0.22580221,0.23908097,-0.91992646,-0.18342568
-0.122019604,-0.18849069,0.25048319,-0.27056354,-0.22341411,0.24257849,-0.91459733,-0.18668763
-0.1291897,-0.2874584,0.23806308,-0.27433655,-0.22272539,0.25045085,-0.9004221,-0.20443307
-0.13160402,-0.18864693,0.24469584,-0.31198576,-0.24106862,0.21080942,-0.9166606,-0.20021525
-0.13656268,-0.25281057,0.24740693,-0.28582802,-0.22648412,0.24351534,-0.91174,-0.19501872
-0.12877138,-0.19325002,0.24701181,-0.289326,-0.229201,0.23706478,-0.9146309,-0.1929977
-0.13075781,-0.25411704,0.23902749,-0.27520928,-0.22127718,0.25728807,-0.9048068,-0.19837901
-0.13147001,-0.22259794,0.24199651,-0.3001469,-0.23371002,0.23060058,-0.91079557,-0.2022256
-0.1352426,-0.23281388,0.24614823,-0.29562977,-0.23113145,0.23554896,-0.91312593,-0.19730021
-0.13234311,-0.21917115,0.24863197,-0.29177734,-0.22981937,0.23711136,-0.9141795,-0.19459671
-0.13238901,-0.24446687,0.24747628,-0.2885967,-0.22851284,0.23978074,-0.9114539,-0.1970719
-0.13098979,-0.21416819,0.24765638,-0.29315326,-0.23143317,0.23201181,-0.9144375,-0.19530384
-0.13188055,-0.2390614,0.24543078,-0.28504896,-0.22690257,0.24259119,-0.9107649,-0.19625543
-0.12839653,-0.19938727,0.24133281,-0.28359964,-0.22621468,0.24474564,-0.91119045,-0.19445518
-0.12977785,-0.24190691,0.23408383,-0.27489784,-0.22032642,0.2616771,-0.9025369,-0.20007446
-0.13209404,-0.22893247,0.23645476,-0.2972689,-0.23091422,0.24047536,-0.9068896,-0.20479345
-0.13529375,-0.22309774,0.24212316,-0.29769626,-0.23083486,0.23950706,-0.91152996,-0.19916256
-0.13156447,-0.20857097,0.24228656,-0.28449962,-0.22475676,0.25194603,-0.9107606,-0.19430666
-0.13239348,-0.25679636,0.24053535,-0.28613523,-0.22544317,0.25169468,-0.9052432,-0.20218974
-0.13171093,-0.19944644,0.24338375,-0.29922312,-0.23292555,0.23278944,-0.9134766,-0.19778012
-0.136816,-0.27121153,0.24773715,-0.29354727,-0.22959068,0.24004145,-0.9095829,-0.20089415
-0.1325583,-0.19150321,0.25444272,-0.30579805,-0.23766144,0.21785668,-0.920214,-0.19302914
-0.13341579,-0.25740692,0.25094402,-0.27996805,-0.22480844,0.24557894,-0.91179746,-0.19314325
-0.12766837,-0.19880833,0.24785899,-0.28941113,-0.23045073,0.2320529,-0.9146027,-0.19371638
-0.13013601,-0.24460529,0.23975655,-0.2753904,-0.22211933,0.25336707,-0.9062542,-0.19698307
-0.13161647,-0.23308885,0.24199152,-0.29765674,-0.23263434,0.23234469,-0.9097205,-0.20266154
-0.13465557,-0.22355463,0.24648793,-0.29796314,-0.23258948,0.23169354,-0.91427124,-0.19695966
-0.13257755,-0.2249295,0.24799635,-0.28892565,-0.22834349,0.24016188,-0.9133669,-0.1944004
-0.12925412,-0.21711183,0.24288704,-0.28106183,-0.22469157,0.24853054,-0.91037256,-0.19448176
-0.12692584,-0.21031949,0.23326416,-0.2722807,-0.21955176,0.26305357,-0.90435576,-0.19660968
-0.12385102,-0.18756829,0.2188614,-0.26084432,-0.21188703,0.28763935,-0.8956156,-0.19885364
-0.12493748,-0.211619,0.20436911,-0.25747904,-0.20692521,0.3108809,-0.88126653,-0.2094016
-0.133747,-0.2384809,0.2052966,-0.29075333,-0.22056177,0.28894454,-0.8827697,-0.22275962
-0.14560759,-0.24422346,0.22805578,-0.32909018,-0.23827313,0.24644098,-0.90228254,-0.21877322
-0.13562676,-0.11872166,0.23884441,-0.2928109,-0.22364928,0.26860666,-0.91522276,-0.18726976
-0.1305515,-0.28933352,0.22476801,-0.24834843,-0.2014652,0.3192961,-0.8817411,-0.20414594
-0.12385139,-0.14419691,0.21760182,-0.2877247,-0.22367205,0.2731076,-0.8967856,-0.20672978
-0.13980268,-0.30032754,0.21856332,-0.28173476,-0.21692558,0.2877975,-0.88245726,-0.21871212
-0.14165585,-0.20234443,0.24429783,-0.34195632,-0.24853656,0.21536522,-0.9134593,-0.21114217
-0.14538175,-0.24523306,0.26168445,-0.30791476,-0.23456645,0.23610856,-0.9191179,-0.19210705
-0.13038872,-0.19330364,0.26213673,-0.28722352,-0.22850227,0.23988716,-0.9198194,-0.1848446
-0.12902178,-0.27182972,0.2493892,-0.27157673,-0.22153784,0.25468796,-0.90625644,-0.19565146
-0.1278178,-0.20001794,0.24675873,-0.29585257,-0.23438536,0.22442555,-0.9136982,-0.19714937
-0.13264951,-0.24728058,0.24337836,-0.2811864,-0.22521314,0.24656418,-0.90824157,-0.19682392
-0.1283024,-0.19460686,0.2410761,-0.2859374,-0.22734681,0.24338818,-0.9107052,-0.19543311
-0.13218321,-0.25952718,0.23643622,-0.27969754,-0.22262846,0.2573506,-0.9025309,-0.20210679
-0.13420172,-0.22520764,0.24442321,-0.30885923,-0.23744285,0.22460382,-0.9124876,-0.20334393
-0.13738918,-0.23442282,0.25242287,-0.30098683,-0.23402959,0.22930542,-0.916571,-0.19534703
-0.13199154,-0.2151993,0.25398386,-0.2902251,-0.230084,0.23475225,-0.91698444,-0.19089447
-0.12958688,-0.23770073,0.24708775,-0.27918598,-0.22489564,0.24620579,-0.91074175,-0.1940743
-0.12652312,-0.20024864,0.23883058,-0.2783608,-0.224253,0.2489635,-0.9090881,-0.19478402
-0.12914784,-0.2417346,0.23058216,-0.2734661,-0.21956846,0.26441136,-0.9001492,-0.20182286
-0.13178639,-0.22190244,0.23263511,-0.2956122,-0.22961235,0.24542755,-0.9050878,-0.20554072
-0.14044282,-0.266956,0.24553159,-0.31175646,-0.23690219,0.22899774,-0.9107248,-0.20660846
-0.13566622,-0.17616454,0.25737157,-0.30918363,-0.23824075,0.21879613,-0.9234616,-0.18939503
-0.13169353,-0.25591844,0.24947913,-0.26879328,-0.21861106,0.2608809,-0.90947384,-0.19048327
-0.12679344,-0.21588138,0.24405737,-0.28810018,-0.22933446,0.237196,-0.9103993,-0.19813648
-0.1318663,-0.23939888,0.24053368,-0.28592047,-0.22713342,0.24346665,-0.90828973,-0.19909006
-0.13211477,-0.22026695,0.24361494,-0.29497033,-0.23112383,0.23538253,-0.91158164,-0.19881834
-0.13384606,-0.23803222,0.2455462,-0.29212436,-0.22946848,0.23919663,-0.9114845,-0.19787273
-0.12699358,-0.17090158,0.239215,-0.27664664,-0.22224969,0.25474122,-0.91160375,-0.19005908
-0.11313122,-0.120841496,0.20258039,-0.21548605,-0.18837182,0.34570318,-0.883993,-0.18591894
-0.12205634,-0.2779233,0.17489813,-0.235895,-0.19242395,0.36174864,-0.8353195,-0.23549712
-0.13426024,-0.14578575,0.17886947,-0.30881196,-0.22498332,0.30829245,-0.87272066,-0.2343377
-0.14720328,-0.23665352,0.19687495,-0.29106668,-0.21096624,0.33160996,-0.8717816,-0.22430992
-0.1367128,-0.15351534,0.21056308,-0.29487893,-0.21609886,0.32416558,-0.8874168,-0.21112214
-0.13541809,-0.23447147,0.20684855,-0.26633388,-0.20345747,0.3467343,-0.87229794,-0.2135686
-0.13329676,-0.19873163,0.20991914,-0.29151726,-0.2180998,0.31360203,-0.881056,-0.21845603
-0.14364703,-0.2618028,0.22254239,-0.30701035,-0.22565712,0.28756565,-0.8876902,-0.2204682
-0.13989654,-0.17514671,0.24029763,-0.31524926,-0.23313428,0.25798938,-0.9088274,-0.2018755
-0.13765706,-0.25656784,0.24312976,-0.28050873,-0.21850999,0.28258246,-0.9006802,-0.19879399
-0.13070089,-0.20704377,0.24439129,-0.294889,-0.22904252,0.25238922,-0.9073551,-0.1998293
-0.13533404,-0.2595338,0.24501555,-0.29040337,-0.22751959,0.25185215,-0.90536165,-0.20161532
-0.13358173,-0.21079426,0.25193706,-0.30424425,-0.23599838,0.22798924,-0.9149053,-0.1971481
-0.13345677,-0.23708768,0.2508827,-0.28501514,-0.22699271,0.24509768,-0.91212976,-0.19315319
-0.12623699,-0.19164832,0.2426458,-0.27544975,-0.22280976,0.25386274,-0.90990174,-0.19150433
-0.12714209,-0.24406482,0.22921757,-0.26510444,-0.21564373,0.27515924,-0.8965192,-0.20108584
-0.12962501,-0.21476868,0.22745615,-0.29041117,-0.2270808,0.25409818,-0.9008835,-0.20704314
-0.1336787,-0.21711263,0.22915995,-0.2870249,-0.22373821,0.26289845,-0.9024525,-0.20276554
-0.12636217,-0.16283478,0.22166477,-0.26585582,-0.21279903,0.2917242,-0.8988898,-0.19564235
-0.12637584,-0.23971993,0.20592155,-0.25263166,-0.20356299,0.3221004,-0.87649506,-0.21059978
-0.13285491,-0.22010241,0.20769587,-0.2969056,-0.22431687,0.2828486,-0.8857628,-0.22192433
-0.14303346,-0.2316746,0.22448686,-0.3124576,-0.23043795,0.26478165,-0.89898837,-0.21417078
-0.14166257,-0.2172004,0.2434029,-0.31107956,-0.23204851,0.2532571,-0.91014576,-0.20199838
-0.13562736,-0.22194476,0.24811284,-0.29052696,-0.2254415,0.25991824,-0.91078544,-0.19453971
-0.13245241,-0.24482185,0.24750026,-0.2885275,-0.22683573,0.25180417,-0.90814155,-0.19869556
-0.1310371,-0.21275926,0.24656123,-0.29200023,-0.23005593,0.24012485,-0.9119841,-0.19611931
-0.13355021,-0.25367138,0.24683987,-0.28886917,-0.22829753,0.24322182,-0.90883553,-0.1991511
-0.13187474,-0.20967509,0.24966365,-0.2981698,-0.23377788,0.2285754,-0.91521,-0.19566365
-0.13299373,-0.24470219,0.24831308,-0.28527907,-0.22718303,0.24274227,-0.91122425,-0.19535871
-0.13033307,-0.21684161,0.24776387,-0.29154247,-0.23077135,0.23398189,-0.91335183,-0.19568238
-0.13214484,-0.24205549,0.24564283,-0.28654742,-0.22786199,0.2410555,-0.9104857,-0.19704597
-0.13031553,-0.21079792,0.2449263,-0.29009372,-0.22967075,0.2368299,-0.9127023,-0.19565766
-0.12711956,-0.20075707,0.23475872,-0.26860103,-0.2180336,0.26531875,-0.90606457,-0.19286357
-0.12582934,-0.22589025,0.222432,-0.26516283,-0.21423872,0.28177065,-0.8942659,-0.2030511
-0.12781905,-0.20130943,0.21571204,-0.27780738,-0.21864758,0.27873805,-0.89393735,-0.20756935
-0.13658744,-0.25510633,0.22062436,-0.29357144,-0.22399013,0.27042046,-0.89335907,-0.21497652
-0.14225791,-0.23255517,0.24145348,-0.32671586,-0.24103832,0.2292076,-0.9111974,-0.20955732
-0.13988516,-0.20398116,0.25568384,-0.3058396,-0.23381194,0.23593545,-0.9197767,-0.19111326
-0.13233002,-0.24284312,0.2534329,-0.27990183,-0.22338195,0.25434443,-0.912134,-0.19144106
-0.12759769,-0.21732944,0.24632575,-0.28382188,-0.2270876,0.2433496,-0.9109741,-0.19509427
-0.12985855,-0.2353326,0.2402785,-0.2811246,-0.22497502,0.24893025,-0.9068435,-0.1983708
-0.1321202,-0.23298486,0.24183397,-0.2943498,-0.23078905,0.23746559,-0.9090799,-0.20139524
-0.13297205,-0.21611907,0.24412288,-0.29304805,-0.22996287,0.23867594,-0.9123612,-0.19658911
-0.13206707,-0.23281702,0.2434477,-0.2853099,-0.22594213,0.24796304,-0.90944296,-0.19691351
-0.13238624,-0.2360172,0.24457742,-0.2938294,-0.23043738,0.23796827,-0.91050035,-0.1997636
-0.13145961,-0.20764282,0.24443556,-0.28978667,-0.22881329,0.24009411,-0.9129967,-0.19468957
-0.13064697,-0.2358415,0.24023502,-0.27907377,-0.22284682,0.25487846,-0.9067629,-0.19730191
-0.13079141,-0.22652592,0.23927332,-0.2907656,-0.22853516,0.243559,-0.90796846,-0.20099156
-0.13450329,-0.23866464,0.24299863,-0.29657462,-0.23109505,0.23786479,-0.9102529,-0.20085953
-0.13497603,-0.22744831,0.24987918,-0.3012426,-0.23402518,0.22933753,-0.9151297,-0.19728719
-0.13363646,-0.22944738,0.25233814,-0.2930225,-0.23095137,0.2336955,-0.91573155,-0.19361629
-0.13119681,-0.22991292,0.25087047,-0.28848234,-0.22945847,0.23548153,-0.9142858,-0.19391492
-0.13137299,-0.23750763,0.24924077,-0.29017138,-0.23050009,0.2329689,-0.9132103,-0.19618991
-0.13100412,-0.2199816,0.24835151,-0.29081392,-0.23083887,0.23174413,-0.9144853,-0.19465421
-0.13167337,-0.23889752,0.2465893,-0.28674906,-0.22822183,0.23851319,-0.9116442,-0.19630592
-0.12995112,-0.21208106,0.24461162,-0.28829992,-0.22893098,0.23730215,-0.91276157,-0.19520447
-0.13103949,-0.23825946,0.24100699,-0.2826081,-0.22516266,0.24774638,-0.9081246,-0.19797365
-0.13304892,-0.23792368,0.24428163,-0.29863274,-0.23290649,0.23168357,-0.911162,-0.20149021
-0.13634469,-0.23711205,0.25236776,-0.30547127,-0.23672727,0.22171044,-0.9168081,-0.19773687
-0.13824631,-0.2558348,0.26386198,-0.3108396,-0.24071196,0.21017994,-0.92128783,-0.19551207
-0.13675934,-0.23611924,0.27381942,-0.31269392,-0.24432091,0.19716616,-0.92779475,-0.18875563
-0.13195951,-0.22650188,0.27196947,-0.29140398,-0.23567137,0.21078047,-0.9264974,-0.18269838
-0.12550285,-0.22207433,0.25840065,-0.27276126,-0.22626194,0.23060583,-0.9183991,-0.1850435
-0.124298416,-0.2300411,0.24302988,-0.27046174,-0.22324322,0.24215806,-0.9092886,-0.19376035
-0.12774679,-0.22780897,0.2357934,-0.28273758,-0.22687,0.24024016,-0.9068781,-0.20054786
-0.13216025,-0.2275187,0.23675549,-0.2918748,-0.229275,0.2392315,-0.90852755,-0.20150074
-0.13403857,-0.22738154,0.24136788,-0.2954081,-0.2301894,0.23880225,-0.9110285,-0.1996851
-0.12812972,-0.17615505,0.23610057,-0.27582476,-0.22061914,0.26054478,-0.910036,-0.1912696
-0.12830862,-0.25590676,0.22461158,-0.2643706,-0.21296358,0.28435788,-0.89294416,-0.20448254
-0.13026288,-0.20238407,0.22511578,-0.29688567,-0.22876945,0.25211293,-0.9020173,-0.20849578
-0.13955998,-0.2585646,0.23475114,-0.30085272,-0.22926927,0.25076613,-0.9039469,-0.20803824
-0.13599938,-0.19141059,0.2473999,-0.30873036,-0.23510364,0.23276038,-0.9162991,-0.19681017
-0.13642731,-0.2636091,0.24975353,-0.2873817,-0.2257884,0.25051662,-0.91011816,-0.19678132
-0.13024846,-0.19750431,0.2514547,-0.2975957,-0.23334315,0.22881263,-0.9166708,-0.19380961
-0.13007988,-0.23497671,0.24306482,-0.27303234,-0.2208981,0.25660992,-0.90813667,-0.19331142
-0.12937374,-0.23394798,0.24036163,-0.28811643,-0.2279938,0.24314347,-0.90689355,-0.20151573
-0.13158673,-0.21319759,0.23957597,-0.29037493,-0.22858559,0.24221107,-0.9100146,-0.19809797
-0.13171315,-0.22883706,0.23862995,-0.28347564,-0.22426245,0.25333703,-0.9068079,-0.19855638
-0.11289147,-0.03742812,0.20832968,-0.22896412,-0.196073,0.32775,-0.8976725,-0.17925642
-0.117984705,-0.28580874,0.16625486,-0.19982298,-0.17237978,0.38564873,-0.81163704,-0.22865595
-0.1298463,-0.14398156,0.16486613,-0.29874676,-0.22160357,0.33413374,-0.85171735,-0.24617547
-0.15166835,-0.24140255,0.184046,-0.3012665,-0.21284938,0.34177494,-0.85914487,-0.23708735
-0.15871109,-0.2610441,0.2289861,-0.35932362,-0.24292202,0.27055553,-0.8932077,-0.23253873
-0.15123667,-0.16243748,0.26092792,-0.33646584,-0.24015586,0.2485549,-0.92220384,-0.19160967
-0.13729426,-0.2643135,0.2612188,-0.27247947,-0.21570279,0.286981,-0.90777886,-0.18809944
-0.12686232,-0.22094741,0.25479516,-0.28972036,-0.22958991,0.24453762,-0.91011167,-0.19644518
-0.13006805,-0.23307458,0.24716926,-0.28135225,-0.22621341,0.24811664,-0.9080743,-0.19561918
-0.13141124,-0.23917517,0.24732201,-0.29114136,-0.23046203,0.23838656,-0.9087481,-0.19975713
-0.13357867,-0.23111844,0.2503004,-0.2977441,-0.23378514,0.22983493,-0.91337305,-0.19741876
-0.13211581,-0.21900253,0.25063995,-0.28931284,-0.22983103,0.23661545,-0.914379,-0.19293484
-0.13038725,-0.23569606,0.24653861,-0.28225228,-0.2261609,0.24515814,-0.9100753,-0.1953675
-0.13066249,-0.23032784,0.24451351,-0.2898739,-0.2298066,0.23765269,-0.9104874,-0.19830859
-0.13133891,-0.22012323,0.24344882,-0.28820077,-0.22858453,0.24069124,-0.9111773,-0.19638193
-0.13273795,-0.24370436,0.24391077,-0.28962395,-0.22861786,0.24175699,-0.909335,-0.19941041
-0.13141717,-0.20857324,0.24485253,-0.29282844,-0.23065212,0.23647575,-0.91329414,-0.19581032
-0.13259898,-0.24582294,0.24331625,-0.2843696,-0.22583945,0.24787425,-0.90858734,-0.19795124
-0.13008979,-0.20588627,0.2427751,-0.29079184,-0.22952512,0.23953825,-0.91187626,-0.19659598
-0.12184776,-0.14846171,0.2236286,-0.24971524,-0.20777237,0.29283217,-0.9017004,-0.18742143
-0.12366096,-0.2637142,0.20200281,-0.24454738,-0.20071593,0.32400876,-0.8696456,-0.21466902
-0.13212901,-0.19904256,0.20412384,-0.303982,-0.22839789,0.27183947,-0.8880213,-0.22336727
-0.14552614,-0.24770732,0.22332942,-0.31092823,-0.2288558,0.26725549,-0.8975671,-0.21529545
-0.1323823,-0.12015716,0.23076832,-0.28683963,-0.2198339,0.28231812,-0.90872276,-0.19154902
-0.12843172,-0.2664411,0.21292162,-0.24247484,-0.19710772,0.33547395,-0.87451494,-0.20600557
-0.1179049,-0.09500377,0.19567533,-0.2591065,-0.20676078,0.32995677,-0.88092035,-0.205727
-0.13046446,-0.26719087,0.17786826,-0.2409547,-0.19098821,0.36496112,-0.8382481,-0.22967611
-0.1419511,-0.21355079,0.19520009,-0.32834855,-0.23354895,0.29155278,-0.8733856,-0.24123326
-0.14818451,-0.17450885,0.21910205,-0.31298018,-0.22460672,0.29779652,-0.8965999,-0.20917957
-0.1484302,-0.29968238,0.2425267,-0.3100394,-0.22625719,0.2835054,-0.8944095,-0.21531284
-0.14256386,-0.19735545,0.26500973,-0.33968043,-0.2485327,0.21405432,-0.92215407,-0.19831812
-0.1382848,-0.23826553,0.26868734,-0.28724802,-0.22788446,0.24613144,-0.9193689,-0.1839784
-0.121437326,-0.1748045,0.25101772,-0.2615009,-0.21753483,0.26376808,-0.9118811,-0.18311031
-0.12020968,-0.24057351,0.22231477,-0.24238801,-0.20528395,0.29967365,-0.8867388,-0.19945727
-0.12471478,-0.2045781,0.21140055,-0.27671444,-0.2196616,0.27833104,-0.88761044,-0.21315129
-0.13916396,-0.2602489,0.21943425,-0.3012833,-0.22778247,0.26417962,-0.8921347,-0.21868049
-0.14038303,-0.19043958,0.23935525,-0.31903782,-0.2370813,0.23924245,-0.9119263,-0.20355508
-0.13998593,-0.25568017,0.24865246,-0.2928209,-0.22605857,0.25815377,-0.90927607,-0.1975871
-0.13234736,-0.20965707,0.25281963,-0.2988999,-0.23259223,0.23646872,-0.9152317,-0.19485138
-0.13221653,-0.24312712,0.24875179,-0.2823238,-0.22563972,0.24882716,-0.9104195,-0.19446424
-0.1300554,-0.22329886,0.2473597,-0.29039615,-0.23023587,0.23695222,-0.9116421,-0.19694255
-0.1314716,-0.2313414,0.24477784,-0.28629464,-0.22789313,0.24221212,-0.9104211,-0.1965176
-0.13068809,-0.2224176,0.24342118,-0.28736135,-0.22803761,0.24237084,-0.910257,-0.19704948
-0.13141498,-0.23154454,0.24151015,-0.28622976,-0.22695713,0.24597482,-0.908697,-0.1982977
-0.13449146,-0.248811,0.24607053,-0.29949814,-0.23336214,0.23226075,-0.9109186,-0.20192097
-0.13850813,-0.24731942,0.25868672,-0.31518137,-0.24214374,0.21047387,-0.919617,-0.19854383
-0.1354817,-0.2123358,0.26604775,-0.3027991,-0.23817661,0.21308668,-0.9251288,-0.18687063
-0.13126126,-0.25080958,0.26121017,-0.28211468,-0.22865039,0.23147617,-0.9178832,-0.18862486
-0.12127768,-0.15826422,0.24407732,-0.26649848,-0.22123502,0.24744405,-0.9146372,-0.18439946
-0.1236412,-0.26298332,0.22098726,-0.2475131,-0.20717482,0.2896505,-0.8883138,-0.2024386
-0.11674511,-0.093573034,0.20213412,-0.257135,-0.20985503,0.29921275,-0.89178157,-0.19908284
-0.11740281,-0.19280097,0.16842417,-0.20613009,-0.17604938,0.385232,-0.83997965,-0.21116225
-0.09879523,0.05644556,0.12685733,-0.17656422,-0.15765533,0.49579182,-0.8033265,-0.20730188
-0.113229014,-0.16098952,0.08353454,-0.1545845,-0.13443372,0.43655246,-0.6019319,-0.27593645
-0.15420005,-0.14210618,0.09380623,-0.27167907,-0.2016584,0.46245208,-0.64687634,-0.32277817
-0.1863361,-0.17427643,0.13470764,-0.34019062,-0.21407491,0.46906126,-0.7361762,-0.3007214
-0.1891664,-0.20377088,0.19534618,-0.3671931,-0.22257565,0.47192678,-0.81570446,-0.2614453
-0.18133369,-0.2607689,0.24587356,-0.37631798,-0.23386073,0.39230418,-0.86910665,-0.23585543
-0.15516378,-0.17364073,0.2714075,-0.33716005,-0.23163675,0.3231617,-0.9071578,-0.19435292
-0.13378946,-0.22903524,0.26235864,-0.26133665,-0.20673102,0.34197763,-0.8944211,-0.18683775
-0.123438045,-0.23311415,0.2465006,-0.2659131,-0.21463762,0.3072613,-0.8866369,-0.20311876
-0.12783618,-0.22178762,0.23589398,-0.2785891,-0.22159097,0.28307262,-0.8909317,-0.20621535
-0.13017502,-0.20886178,0.2323654,-0.27895677,-0.22058202,0.28255415,-0.8938968,-0.20366976
-0.13112698,-0.22554308,0.22885843,-0.27791104,-0.21897194,0.28638235,-0.89210343,-0.20575328
-0.13056041,-0.20478298,0.22649206,-0.28162563,-0.22063507,0.28275976,-0.89486897,-0.20492601
-0.13509683,-0.24881597,0.22845553,-0.28837836,-0.22306165,0.27660775,-0.89369047,-0.21016191
-0.13774428,-0.22447528,0.24020515,-0.3105697,-0.23519742,0.24502239,-0.90675855,-0.20656714
-0.14156698,-0.25499743,0.25507322,-0.31100675,-0.23710077,0.23374331,-0.9137441,-0.20047568
-0.13692054,-0.21917224,0.266155,-0.30924627,-0.23995891,0.21831198,-0.9224634,-0.19080782
-0.127836,-0.19697091,0.25534013,-0.2703039,-0.22257248,0.25098252,-0.9167372,-0.1824542
-0.12407164,-0.24991779,0.23749995,-0.260283,-0.21620835,0.26985985,-0.89973694,-0.19729497
-0.12731156,-0.21536691,0.23070528,-0.2871856,-0.22835977,0.24684574,-0.9030522,-0.20475024
-0.13445552,-0.23630977,0.23340659,-0.29083264,-0.22770555,0.25083715,-0.9042582,-0.20399572
-0.13492426,-0.22192384,0.24089845,-0.29882348,-0.23133133,0.24281122,-0.9098178,-0.20104645
-0.1350387,-0.23396586,0.24515207,-0.29355714,-0.22931214,0.24511015,-0.9110036,-0.19798653
-0.1302205,-0.20205206,0.24306528,-0.28391656,-0.22550468,0.25097963,-0.9113293,-0.19350493
-0.12449917,-0.1964849,0.22749285,-0.25767592,-0.21150398,0.28585914,-0.8996795,-0.19366938
-0.10128574,0.018891552,0.17625116,-0.18752821,-0.17196824,0.40442306,-0.8695005,-0.17926006
-0.11256498,-0.24899271,0.12437126,-0.17270038,-0.15258658,0.4231511,-0.72443455,-0.25340915
-0.13879019,-0.13872266,0.12587677,-0.2932998,-0.21431328,0.42244267,-0.7835784,-0.28085932
-0.17139326,-0.24085103,0.16054021,-0.33719844,-0.21738559,0.39399967,-0.819505,-0.27142727
-0.18202583,-0.25994942,0.23104697,-0.40394717,-0.25080168,0.30591884,-0.8845572,-0.24539322
-0.17363231,-0.22839256,0.2914777,-0.3868584,-0.25617543,0.24060732,-0.9271714,-0.19648208
-0.14515564,-0.2149605,0.30588222,-0.30634567,-0.23480964,0.24553156,-0.93280745,-0.16976961
-0.12588865,-0.2657435,0.28726506,-0.2666634,-0.22347498,0.24943434,-0.918719,-0.17887704
-0.1206142,-0.22094159,0.26747584,-0.27482262,-0.23046231,0.22460978,-0.9158785,-0.18733172
-0.12542772,-0.24522223,0.25259304,-0.2719854,-0.22646816,0.2360355,-0.9091957,-0.19329064
-0.12779708,-0.22467363,0.2475544,-0.28662503,-0.23148425,0.22921781,-0.91072637,-0.19713418
-0.12911916,-0.2143049,0.2416769,-0.27980167,-0.22587645,0.2448133,-0.9094332,-0.19466035
-0.13081564,-0.24565737,0.2387136,-0.28297555,-0.22564702,0.24987441,-0.90484244,-0.20123026
-0.13292219,-0.22284731,0.24198332,-0.29873902,-0.23310451,0.23417188,-0.9108818,-0.2008944
-0.13606228,-0.24354698,0.24813785,-0.29787087,-0.23255943,0.23454843,-0.91281354,-0.19860055
-0.13205376,-0.2047999,0.2504272,-0.29294318,-0.23119858,0.23444355,-0.9164259,-0.1922638
-0.13299431,-0.2631982,0.2483732,-0.28506452,-0.22730081,0.24355115,-0.90974957,-0.19779234
-0.12885256,-0.18642676,0.24697468,-0.2925038,-0.23199084,0.23064819,-0.91602063,-0.1929152
-0.13101324,-0.25518358,0.23978995,-0.27304897,-0.22079232,0.2584978,-0.90479773,-0.19744503
-0.13090254,-0.22263874,0.24180932,-0.29874888,-0.23351291,0.23186566,-0.9104368,-0.2021491
-0.13679956,-0.2488153,0.24795458,-0.30003273,-0.23376769,0.23092273,-0.913227,-0.19946495
-0.13589494,-0.22904578,0.2578302,-0.30714783,-0.23841499,0.2173812,-0.9197067,-0.19503851
-0.13538526,-0.24595495,0.26197198,-0.29788098,-0.23525468,0.22073457,-0.920312,-0.19145064
-0.13425472,-0.25031644,0.2666844,-0.30344814,-0.23954709,0.20799266,-0.9223709,-0.1922698
-0.13325478,-0.23211977,0.2691329,-0.30154473,-0.24007636,0.20324145,-0.9254675,-0.18789674
-0.13278918,-0.25359824,0.26904482,-0.2953756,-0.237458,0.20738687,-0.92341584,-0.1887707
-0.12941076,-0.21699111,0.2657075,-0.29314962,-0.2369551,0.20646606,-0.92450213,-0.18623662
-0.12785502,-0.23518242,0.2552672,-0.2763055,-0.22735453,0.22920482,-0.91692317,-0.18822835
-0.124801934,-0.20879781,0.24355276,-0.2751201,-0.22516395,0.23797323,-0.91209567,-0.19221275
-0.12931035,-0.25144815,0.23615587,-0.27988404,-0.22484201,0.2454921,-0.9049488,-0.20165958
-0.13219813,-0.2139337,0.24007915,-0.30086562,-0.23411143,0.22772092,-0.91225076,-0.20121087
-0.13549279,-0.23870851,0.24483432,-0.29378977,-0.22978327,0.23810557,-0.91236466,-0.19783935
-0.13172618,-0.2102518,0.24696977,-0.2923783,-0.22982222,0.23682591,-0.91462386,-0.19450715
-0.13152376,-0.24085556,0.24359018,-0.28304473,-0.22521842,0.24770384,-0.90952176,-0.19678813
-0.12785071,-0.19398637,0.23883493,-0.28307414,-0.22540689,0.2475559,-0.91029197,-0.19511732
-0.13004395,-0.24500842,0.23165742,-0.27414882,-0.21926406,0.26551473,-0.90069234,-0.20150079
-0.13433954,-0.24145287,0.23809257,-0.3060278,-0.23465815,0.2333781,-0.9075027,-0.20800212
-0.1364625,-0.20477101,0.24726842,-0.30399525,-0.23424722,0.2307219,-0.9165567,-0.19568363
-0.13160248,-0.22225188,0.24520954,-0.27814087,-0.2219602,0.25667712,-0.9106288,-0.1921367
-0.12880532,-0.23417538,0.2391187,-0.28113404,-0.22378054,0.25408643,-0.9056931,-0.19954972
-0.12741058,-0.18968877,0.23193814,-0.27872178,-0.22226676,0.25860214,-0.90595835,-0.1969162
-0.13331275,-0.26993927,0.23014176,-0.28289115,-0.22208717,0.26346424,-0.89713943,-0.20863357
-0.13884681,-0.2336288,0.24634162,-0.3260859,-0.24413434,0.21373104,-0.91434515,-0.2076722
-0.13084368,-0.12826926,0.24525055,-0.27880603,-0.22245838,0.2549341,-0.91904145,-0.18080343
-0.11252166,-0.1649703,0.20329736,-0.20253181,-0.18069606,0.36254662,-0.8755682,-0.18606596
-0.11490025,-0.21718903,0.16975917,-0.22819567,-0.18976058,0.379404,-0.83624953,-0.22906409
-0.13435842,-0.19973245,0.16596733,-0.29028192,-0.21409048,0.3427325,-0.85036194,-0.24514411
-0.15145887,-0.22484405,0.1927853,-0.32284632,-0.22427592,0.3169403,-0.87324315,-0.23649108
-0.15683636,-0.24419528,0.23324679,-0.34486464,-0.23723987,0.27431586,-0.8997526,-0.22058217
-0.14676447,-0.19121805,0.25870958,-0.32214382,-0.23454376,0.25687644,-0.91799414,-0.19339274
-0.13151224,-0.21726516,0.25194746,-0.26771423,-0.21428649,0.28908038,-0.9078029,-0.18640901
-0.12252855,-0.21654409,0.23349084,-0.26060683,-0.21292724,0.29013473,-0.89549875,-0.19789697
-0.12892407,-0.24545285,0.22453056,-0.28004003,-0.22134791,0.27286232,-0.8913724,-0.21105048
-0.13605049,-0.22178052,0.23313674,-0.3064145,-0.23320612,0.24552536,-0.9036834,-0.2088904
-0.14064284,-0.24466255,0.24746688,-0.3077842,-0.23407601,0.23977658,-0.91076833,-0.20217393
-0.13725199,-0.22441603,0.25859317,-0.30682504,-0.23637146,0.22775598,-0.91830385,-0.1942956
-0.12970945,-0.20105354,0.25273824,-0.2779733,-0.22434181,0.2490017,-0.91555756,-0.18638195
-0.12749712,-0.25531214,0.24115677,-0.27032882,-0.21996962,0.2608857,-0.90284014,-0.19825654
-0.12903088,-0.2121991,0.23824115,-0.29301077,-0.23105955,0.23728572,-0.9083629,-0.20143266
-0.13738911,-0.2662618,0.24480769,-0.2996912,-0.23285289,0.23454174,-0.90897346,-0.20387305
-0.13586304,-0.20487627,0.25671583,-0.31228295,-0.24053392,0.213796,-0.92102206,-0.19446175
-0.13481455,-0.24836674,0.25723413,-0.28663537,-0.2287435,0.23689526,-0.9164964,-0.19053689
-0.1281266,-0.20936768,0.2531307,-0.28696704,-0.23026742,0.23120952,-0.91646314,-0.1910845
-0.12578614,-0.21291561,0.23868279,-0.26578858,-0.21869521,0.2594595,-0.90738076,-0.19156034
-0.12621562,-0.23267987,0.22783907,-0.2712662,-0.21912752,0.2658129,-0.89842147,-0.2029446
-0.13173373,-0.22739702,0.22759913,-0.2922055,-0.22758603,0.25148857,-0.9018181,-0.2075662
-0.1402309,-0.25836462,0.24152024,-0.3124258,-0.23649018,0.23209475,-0.90922624,-0.20809251
-0.13564621,-0.17462464,0.25241023,-0.30494523,-0.23495407,0.22868308,-0.92088485,-0.19026151
-0.13179658,-0.25823078,0.24537481,-0.26905802,-0.21753782,0.26671758,-0.90638363,-0.19334492
-0.13016571,-0.23429476,0.24564585,-0.299606,-0.23412311,0.22934863,-0.91067624,-0.2026335
-0.13765359,-0.250129,0.2537794,-0.3079548,-0.23853032,0.21797325,-0.9167149,-0.19902696
-0.13379152,-0.2014245,0.26021156,-0.29988226,-0.23586164,0.21885978,-0.9224705,-0.18850271
-0.1291618,-0.23676035,0.25086012,-0.2719375,-0.22204861,0.24915887,-0.91258717,-0.18921517
-0.12339209,-0.19642057,0.23712602,-0.27049553,-0.22091548,0.2546329,-0.9073449,-0.19370605
-0.12732482,-0.24133547,0.22501379,-0.26890227,-0.21723422,0.2702224,-0.8962363,-0.20386364
-0.131092,-0.21355604,0.22618856,-0.29387856,-0.2278472,0.25160688,-0.90189546,-0.20772599
-0.13873498,-0.25132668,0.23608936,-0.30271947,-0.23087005,0.24578464,-0.90579563,-0.20712768
-0.13627285,-0.19943161,0.24781193,-0.30674836,-0.23451596,0.23310755,-0.9162367,-0.19648953
-0.13661548,-0.2639583,0.25159916,-0.29104242,-0.22802298,0.2445727,-0.91163784,-0.19705576
-0.12983334,-0.18839152,0.252299,-0.2956101,-0.23282897,0.22851327,-0.9180744,-0.19142506
-0.129784,-0.24680868,0.2423738,-0.2697708,-0.21931848,0.25966272,-0.9063699,-0.19417645
-0.1288997,-0.22484572,0.24016954,-0.29119644,-0.2298322,0.23864315,-0.90800506,-0.20167899
-0.13393308,-0.23443735,0.24196596,-0.2942943,-0.23048878,0.23785968,-0.9102556,-0.1999634
-0.13169767,-0.20552161,0.24378115,-0.2896976,-0.22822753,0.2422523,-0.91249716,-0.19494396
-0.1309473,-0.23899317,0.23935841,-0.27905893,-0.22241563,0.2568683,-0.90601784,-0.19797738
-0.13110472,-0.22506583,0.23938943,-0.29267204,-0.2292914,0.24240895,-0.9082668,-0.20135659
-0.13525537,-0.24220988,0.24416186,-0.29826093,-0.2317977,0.23636644,-0.91075927,-0.20101441
-0.13278829,-0.2033498,0.24805783,-0.29507363,-0.23111355,0.23513341,-0.9154999,-0.19380401
-0.13304617,-0.25580177,0.2465042,-0.28435096,-0.22576134,0.24713431,-0.90918595,-0.19750996
-0.13094468,-0.21078922,0.24803706,-0.29765713,-0.23347221,0.2282151,-0.91481674,-0.1965511
-0.13429509,-0.25293404,0.2488826,-0.29049727,-0.22960135,0.23665509,-0.91204464,-0.19724943
-0.12950803,-0.19062811,0.2484415,-0.29096797,-0.23068687,0.23230794,-0.9162848,-0.19188823
-0.13081208,-0.25619224,0.24112238,-0.27458102,-0.22131681,0.2558086,-0.90556955,-0.19745983
-0.13213372,-0.23172058,0.24501036,-0.30358946,-0.23593754,0.22457537,-0.9120233,-0.20272754
-0.13884512,-0.25308415,0.25564957,-0.30995652,-0.23921211,0.21608658,-0.917918,-0.19854702
-0.13544878,-0.21325243,0.2649773,-0.30630302,-0.23932849,0.21064793,-0.92459184,-0.18896486
-0.12831162,-0.21272872,0.2549566,-0.2722442,-0.22325958,0.24357137,-0.9172785,-0.1842375
-0.12573099,-0.24747235,0.24190089,-0.27141428,-0.22182642,0.25082892,-0.9058569,-0.19714437
-0.12807147,-0.21024683,0.23654988,-0.2885245,-0.22922245,0.23735939,-0.9088032,-0.2000222
-0.12625952,-0.17882442,0.22644733,-0.26540688,-0.21536914,0.27311435,-0.90329564,-0.19364175
-0.1258142,-0.23427975,0.21277072,-0.25800768,-0.20845123,0.30048144,-0.8856254,-0.20718323
-0.12974988,-0.20455615,0.210031,-0.286902,-0.22106959,0.28037736,-0.89037514,-0.21440381
-0.13773079,-0.2312238,0.2177306,-0.2951527,-0.22292331,0.27725345,-0.89406765,-0.21325348
-0.12829374,-0.12342358,0.21623288,-0.27243024,-0.21248132,0.3022008,-0.8989006,-0.19585212
-0.12732303,-0.25339675,0.19861215,-0.24152872,-0.19467358,0.34868446,-0.8641283,-0.2132418
-0.1313641,-0.19848883,0.19939122,-0.29688075,-0.22231653,0.29900396,-0.8785769,-0.22629915
-0.14342897,-0.23114476,0.21331783,-0.30434445,-0.22339714,0.2908647,-0.8886552,-0.21849138
-0.14792158,-0.25801936,0.2416877,-0.33051965,-0.23814218,0.2498257,-0.904755,-0.21476258
-0.14432065,-0.2069406,0.26446953,-0.32620537,-0.24196768,0.22503576,-0.92266786,-0.19344777
-0.13195322,-0.20636101,0.26015982,-0.27478743,-0.2213978,0.25958556,-0.91698664,-0.18199475
-0.121997796,-0.22328041,0.23943436,-0.25597715,-0.21289526,0.2792449,-0.90100425,-0.19253671
-0.12372802,-0.21960583,0.22319676,-0.2682637,-0.21748263,0.2743784,-0.89377826,-0.20474266
-0.13317953,-0.24390762,0.22366777,-0.29200223,-0.22628331,0.2594092,-0.89562553,-0.21264704
-0.13948655,-0.22744064,0.23889378,-0.31445712,-0.23658691,0.2356889,-0.90905476,-0.2070071
-0.14047006,-0.23523076,0.25372446,-0.30861145,-0.23530176,0.23306943,-0.91613704,-0.19720772
-0.13624127,-0.2369591,0.26157656,-0.3017918,-0.23499817,0.22708583,-0.9191689,-0.19256486
-0.1307901,-0.21747531,0.25866264,-0.2877325,-0.23047383,0.23146419,-0.91873497,-0.18826461
-0.12915272,-0.24603549,0.2512385,-0.27979842,-0.22666308,0.23962769,-0.9118532,-0.19372484
-0.12908691,-0.22144139,0.24753204,-0.2900147,-0.23152097,0.22935326,-0.9133096,-0.19605322
-0.13252342,-0.24367043,0.24693431,-0.28981978,-0.23031192,0.23379211,-0.9118522,-0.19749603
-0.13002257,-0.20141438,0.24596469,-0.2888985,-0.22965789,0.23519027,-0.91445637,-0.19333991
-0.13075875,-0.24672808,0.24044418,-0.2777373,-0.22289887,0.25313726,-0.9064865,-0.19773734
-0.12733836,-0.18878119,0.23561779,-0.2834835,-0.22554044,0.24904902,-0.908741,-0.1966683
-0.13122937,-0.25203127,0.22957718,-0.27472204,-0.2190267,0.2681252,-0.89876926,-0.20338902
-0.13289858,-0.21805021,0.23491345,-0.30202565,-0.2323368,0.24030192,-0.9071372,-0.20578639
-0.13802099,-0.24251316,0.24355093,-0.30085075,-0.23157516,0.2402388,-0.91081065,-0.20114474
-0.13573188,-0.22339445,0.25277075,-0.30352843,-0.23454532,0.22953954,-0.91661775,-0.19603595
-0.1321615,-0.221064,0.25164154,-0.2865924,-0.22774254,0.24101909,-0.915267,-0.1911722
-0.12451582,-0.18978177,0.23826317,-0.2656954,-0.21753646,0.2646431,-0.907904,-0.1900138
-0.12593077,-0.24780342,0.22336149,-0.26354265,-0.21401411,0.28041893,-0.89244616,-0.2048949
-0.1282856,-0.19002,0.21990947,-0.28719917,-0.22422133,0.26285625,-0.8988595,-0.20705052
-0.13537973,-0.24463038,0.22218837,-0.28459457,-0.22022325,0.27507183,-0.89494014,-0.20921874
-0.13554434,-0.21003163,0.23217371,-0.30399045,-0.23022316,0.25276765,-0.9051635,-0.20647968
-0.13220358,-0.19021694,0.23129131,-0.27841413,-0.21836656,0.2769864,-0.90452504,-0.19559933
-0.12826109,-0.22929674,0.22267038,-0.26614416,-0.21197693,0.29554477,-0.89177305,-0.20374434
-0.13282536,-0.23805805,0.2231148,-0.2945756,-0.22574033,0.26652756,-0.8950566,-0.21363708
-0.12552586,-0.098630875,0.21563545,-0.26658636,-0.21179467,0.29826057,-0.9007346,-0.19176877
-0.124740794,-0.2598209,0.19237895,-0.22806697,-0.188049,0.35908303,-0.854025,-0.2140069
-0.13120066,-0.2004102,0.1927832,-0.29911456,-0.22338922,0.30214658,-0.872257,-0.23264687
-0.14616743,-0.22832654,0.21038441,-0.3109397,-0.22525194,0.29128298,-0.88748676,-0.2213566
-0.14285207,-0.20132688,0.23228873,-0.31066617,-0.22732961,0.27876917,-0.90175146,-0.20704713
-0.14015946,-0.2492978,0.24211954,-0.29694438,-0.22443146,0.27534163,-0.90260476,-0.20341717
-0.13284087,-0.19525184,0.24556902,-0.29526427,-0.22796282,0.25660044,-0.90998447,-0.19630104
-0.13694458,-0.28508562,0.24825867,-0.291984,-0.22759734,0.25263432,-0.904194,-0.2040375
-0.13250367,-0.17854083,0.25531366,-0.3093351,-0.23921016,0.21858177,-0.9196172,-0.19336209
-0.13360418,-0.26197302,0.25030196,-0.27429208,-0.22163254,0.25561678,-0.9085958,-0.1927881
-0.13001963,-0.22622645,0.2517272,-0.29905877,-0.23522557,0.22463869,-0.91353637,-0.19867696
-0.1295158,-0.19807239,0.24500065,-0.27925563,-0.22528668,0.24539761,-0.91315407,-0.18990526
-0.12737064,-0.23919807,0.2349034,-0.26779127,-0.21768555,0.26727703,-0.9009537,-0.19835618
-0.12826394,-0.21330038,0.2295283,-0.28480828,-0.22515905,0.2549487,-0.9023943,-0.20363282
-0.13154835,-0.21748474,0.22764948,-0.28192174,-0.22191055,0.26510936,-0.9011551,-0.20255105
-0.13332154,-0.23275754,0.2301618,-0.28935406,-0.224574,0.26192817,-0.9010765,-0.20587121
-0.13071485,-0.18426956,0.22966094,-0.28436702,-0.22238885,0.26675034,-0.9048108,-0.19861935
-0.1303704,-0.2358601,0.2230494,-0.26874945,-0.21345052,0.29019964,-0.8931316,-0.20391725
-0.13035877,-0.20894034,0.22204445,-0.28787324,-0.2228735,0.27235106,-0.89666605,-0.20855838
-0.13814178,-0.25278947,0.22949347,-0.29931995,-0.2275441,0.2609646,-0.8993294,-0.21106155
-0.13447462,-0.17448097,0.23832786,-0.30000573,-0.22950734,0.25138122,-0.911221,-0.19736199
-0.13113941,-0.23504342,0.23124078,-0.26514882,-0.21232249,0.2897591,-0.89774317,-0.19742903
-0.12652709,-0.20151643,0.22401677,-0.27732995,-0.21896607,0.27857223,-0.89630944,-0.20451267
-0.13546789,-0.26141024,0.22498398,-0.29101747,-0.22410907,0.2681787,-0.894187,-0.21312918
-0.13572267,-0.1849888,0.236527,-0.3085199,-0.23349477,0.24337788,-0.90996575,-0.2023931
-0.13074546,-0.19886522,0.23064631,-0.26499522,-0.21211258,0.29013893,-0.9012198,-0.19284353
-0.12455129,-0.21580255,0.21689115,-0.2595575,-0.20895286,0.305657,-0.8870623,-0.2047625
-0.10785042,-0.0066532916,0.17820485,-0.21018362,-0.18188442,0.38953507,-0.87136,-0.18822859
-0.11041039,-0.21059404,0.12885483,-0.16936342,-0.15053917,0.43553165,-0.74529994,-0.23657997
-0.12715675,-0.11524867,0.119215555,-0.25097713,-0.19360597,0.4624125,-0.7611054,-0.27072456
-0.15977189,-0.22056888,0.13323104,-0.30092114,-0.20186388,0.4334884,-0.7699998,-0.2848833
-0.19017301,-0.28588206,0.19926612,-0.41443837,-0.2524098,0.33823624,-0.8496301,-0.27888605
-0.19067997,-0.20572168,0.28204042,-0.43288428,-0.26811343,0.24472952,-0.9236331,-0.20952956
-0.15731594,-0.20582235,0.3100574,-0.31848177,-0.23376815,0.2674417,-0.9340026,-0.16667184
-0.12462446,-0.24735078,0.2872403,-0.2562238,-0.21515511,0.2802208,-0.91628075,-0.17416123
-0.115526505,-0.2128479,0.25553238,-0.2536744,-0.21750332,0.2639011,-0.9045713,-0.1883545
-0.1194737,-0.21800162,0.23030661,-0.25271472,-0.2136019,0.27823034,-0.8922907,-0.19886121
-0.12741575,-0.23717238,0.22181709,-0.27644843,-0.2211494,0.27116656,-0.8893615,-0.21151511
-0.1368399,-0.23463748,0.23049633,-0.3059265,-0.2331505,0.24768409,-0.90098673,-0.21175829
-0.14091575,-0.23076797,0.24715815,-0.3124396,-0.23652674,0.23621437,-0.9123225,-0.20202205
-0.13718536,-0.22546245,0.25645176,-0.30028722,-0.23298791,0.23719119,-0.9168134,-0.1931664
-0.13324775,-0.24331662,0.25707898,-0.2908282,-0.23066935,0.23719281,-0.9150808,-0.1931669
-0.13241583,-0.24120983,0.2579094,-0.2970126,-0.23536718,0.22301866,-0.9168768,-0.19474979
-0.13067253,-0.21397251,0.25573435,-0.28943282,-0.23237693,0.2267767,-0.91825396,-0.18985903
-0.12925659,-0.24004118,0.2486062,-0.27767584,-0.22561271,0.24281394,-0.91126406,-0.19329719
-0.13122256,-0.24567589,0.248054,-0.29504335,-0.23384857,0.22681448,-0.9121201,-0.19998805
-0.13296548,-0.21497384,0.25096336,-0.29792482,-0.2351025,0.22302634,-0.91745675,-0.19412974
-0.13262683,-0.24161494,0.25039923,-0.28593948,-0.22858348,0.23764676,-0.9136422,-0.19391967
-0.12897775,-0.21104,0.24675839,-0.2861647,-0.22893952,0.23678467,-0.91380507,-0.19355512
-0.13577512,-0.287018,0.24936686,-0.29705942,-0.2333537,0.22916405,-0.9100644,-0.203676
-0.13353008,-0.17907463,0.2586378,-0.31297624,-0.2428152,0.20353808,-0.9248578,-0.19083908
-0.11887998,-0.122005895,0.22907163,-0.2292948,-0.19939774,0.30320796,-0.90644866,-0.17412299
-0.114480294,-0.2552254,0.19039147,-0.21533425,-0.18628971,0.35787162,-0.8532508,-0.21297753
-0.12777811,-0.19665171,0.18165107,-0.29044852,-0.22068413,0.3033682,-0.86835265,-0.23525107
-0.14486179,-0.21885024,0.19917352,-0.30723265,-0.22253072,0.29787433,-0.8827794,-0.22530276
-0.15287353,-0.27022675,0.23457836,-0.33849892,-0.2383718,0.25708002,-0.900962,-0.22160842
-0.14735037,-0.18840878,0.26420987,-0.33662862,-0.24446699,0.2243702,-0.9248099,-0.19356571
-0.13261619,-0.2073276,0.2584287,-0.2679889,-0.21651669,0.2741679,-0.9155008,-0.18012121
-0.12224574,-0.23750414,0.23885001,-0.25845736,-0.21328253,0.2816916,-0.89844626,-0.1962685
-0.12581822,-0.21816136,0.22669056,-0.2788668,-0.22271094,0.26247644,-0.8975914,-0.20565227
-0.13219301,-0.22281803,0.22651999,-0.2864645,-0.22392364,0.26254094,-0.89892155,-0.20625927
-0.13544692,-0.23131308,0.23321109,-0.29629198,-0.22772443,0.25562507,-0.9029668,-0.20604841
-0.13438746,-0.20813254,0.23840268,-0.29424942,-0.22746871,0.25390434,-0.90823084,-0.19932733
-0.12942483,-0.20259821,0.23275474,-0.27220494,-0.21700554,0.27709097,-0.90291125,-0.19555984
-0.1283456,-0.23380174,0.22421502,-0.27161098,-0.21601105,0.28364947,-0.89353037,-0.20534512
-0.13027823,-0.20465931,0.22195539,-0.28641757,-0.2226624,0.27093136,-0.89730185,-0.20720686
-0.13672733,-0.24847819,0.2275783,-0.2934978,-0.22478658,0.26678437,-0.8975564,-0.21013823
-0.12788597,-0.12553531,0.22548962,-0.27818164,-0.21831892,0.2800867,-0.90532506,-0.19316448
-0.11124012,-0.11381386,0.18337654,-0.19461288,-0.17275897,0.39498213,-0.8605957,-0.1888081
-0.12084066,-0.2565913,0.15485866,-0.22833692,-0.18514931,0.4049536,-0.8010379,-0.2493841
-0.14706142,-0.20607823,0.16644329,-0.33391097,-0.23154652,0.32691365,-0.8509556,-0.26047984
-0.1632773,-0.21345542,0.21188022,-0.34705138,-0.23260489,0.3049246,-0.88788563,-0.22811535
-0.16019277,-0.269586,0.25764826,-0.34662628,-0.23907676,0.26761493,-0.9081204,-0.21126539
-0.14160657,-0.1677318,0.27401248,-0.31706175,-0.23680767,0.24228445,-0.92577106,-0.1829746
-0.11640608,-0.1337784,0.23499578,-0.21729016,-0.19158947,0.33882132,-0.89952964,-0.17122236
-0.111931175,-0.24992688,0.19169605,-0.21176864,-0.18458042,0.37606984,-0.84248376,-0.21558933
-0.12526157,-0.17742898,0.17676388,-0.27776644,-0.21423338,0.33177045,-0.856243,-0.23524795
-0.15078487,-0.27462417,0.19691211,-0.31773752,-0.22587636,0.30268487,-0.86843467,-0.24118073
-0.15935186,-0.23253474,0.2461243,-0.3722897,-0.254006,0.2296824,-0.91110146,-0.21985456
-0.15055387,-0.19407837,0.2753488,-0.3240569,-0.23902348,0.23843597,-0.9273884,-0.18376738
-0.13347276,-0.25946575,0.27171332,-0.27632377,-0.2223213,0.26074022,-0.9160209,-0.18419613
-0.12415451,-0.21319841,0.25817573,-0.28014734,-0.2284194,0.23751026,-0.9143834,-0.18984644
-0.12498323,-0.22382683,0.24178645,-0.26569593,-0.22011442,0.25693062,-0.9054429,-0.19306515
-0.12714934,-0.23368609,0.23353858,-0.27743438,-0.22349834,0.25524297,-0.90073794,-0.20279923
-0.13022052,-0.20903417,0.23113362,-0.28621137,-0.22601272,0.25344104,-0.9038986,-0.20193134
-0.13195524,-0.22500363,0.23009342,-0.28119868,-0.22172765,0.26615587,-0.90111804,-0.20216852
-0.13023004,-0.2053354,0.22828427,-0.28224775,-0.2218122,0.26886562,-0.9013375,-0.2018795
-0.13195372,-0.2315959,0.22595319,-0.2805226,-0.21995752,0.27529195,-0.8972398,-0.20536198
-0.13352434,-0.22119412,0.22955126,-0.2938313,-0.22643757,0.26120746,-0.90163547,-0.20646785
-0.13815306,-0.24722403,0.23893426,-0.30265152,-0.2309395,0.24865258,-0.90613407,-0.20593508
-0.1364844,-0.21057051,0.24932311,-0.30543488,-0.23432218,0.23508923,-0.91528887,-0.19688274
-0.13448888,-0.24209587,0.2508686,-0.28765094,-0.22701237,0.24722816,-0.91220367,-0.19434494
-0.12884419,-0.20618872,0.24715595,-0.2854589,-0.22750828,0.24327642,-0.9126244,-0.19332774
-0.13230215,-0.26384616,0.24367514,-0.28502125,-0.22665612,0.24617822,-0.9063952,-0.20100999
-0.1310136,-0.19482596,0.24640848,-0.29930902,-0.2344008,0.22715543,-0.91530824,-0.1960459
-0.13393633,-0.25690335,0.24508679,-0.28257856,-0.22504815,0.24860825,-0.9085052,-0.1972383
-0.12979087,-0.20075582,0.24560642,-0.29367688,-0.23131104,0.2338473,-0.91366094,-0.19581422
-0.12987278,-0.22783512,0.23790161,-0.2730511,-0.22010992,0.26041347,-0.90613526,-0.19509575
-0.12694374,-0.20868854,0.23091954,-0.27684,-0.22111355,0.26242182,-0.9026301,-0.1999915
-0.12815769,-0.21223365,0.22243422,-0.2722267,-0.21700445,0.27678585,-0.89716244,-0.20248932
-0.1277193,-0.19862075,0.21569502,-0.2716743,-0.21488401,0.28843945,-0.8928184,-0.20519938
-0.1329257,-0.24020018,0.21457948,-0.28256422,-0.218141,0.28675115,-0.88858396,-0.21401966
-0.1365484,-0.20911601,0.22436465,-0.30448052,-0.22874145,0.26254973,-0.9004717,-0.21061361
-0.14034,-0.24280919,0.23692828,-0.30225107,-0.22822891,0.25930282,-0.904733,-0.20570792
-0.13562122,-0.20476927,0.24600062,-0.30113497,-0.23056707,0.24726324,-0.912529,-0.19720659
-0.12792495,-0.19191678,0.23612857,-0.26583016,-0.21462789,0.28051382,-0.90517163,-0.19046845
-0.12120441,-0.20063889,0.21514437,-0.24791129,-0.20447077,0.31200302,-0.8867648,-0.20003732
-0.12288272,-0.19817422,0.19726977,-0.25603977,-0.20557503,0.32271385,-0.8745039,-0.21326628
-0.12870038,-0.19352478,0.18984778,-0.26809257,-0.20765008,0.32960835,-0.87020916,-0.21997757
-0.13511817,-0.20921937,0.19267616,-0.28191072,-0.21134634,0.32896963,-0.8708681,-0.22399488
-0.13792895,-0.19691925,0.20162316,-0.29230765,-0.21565455,0.3212172,-0.87942874,-0.21971345
-0.13490741,-0.182656,0.2050079,-0.27790648,-0.2092462,0.33424768,-0.88055336,-0.21141766
-0.13055712,-0.19568533,0.19956116,-0.26379722,-0.2029659,0.35122338,-0.87069917,-0.21370801
-0.13169406,-0.20580345,0.19520102,-0.27314225,-0.20739338,0.34556973,-0.8664301,-0.2218765
-0.13802049,-0.2173302,0.20094186,-0.29277253,-0.21616247,0.32461396,-0.8731253,-0.22486864
-0.14434747,-0.2317789,0.21880448,-0.3128854,-0.22641572,0.29363325,-0.88785887,-0.22065361
-0.14231128,-0.20296861,0.2364212,-0.30992535,-0.22830595,0.276324,-0.90294415,-0.20504415
-0.13736112,-0.23430282,0.24245588,-0.2891409,-0.2218276,0.28038287,-0.90216756,-0.19998513
-0.13206223,-0.21861319,0.2425575,-0.2894564,-0.22531176,0.2645997,-0.904641,-0.19973834
-0.13249654,-0.2345991,0.2408867,-0.28611445,-0.22486532,0.2609083,-0.9037262,-0.20055892
-0.13433892,-0.24053231,0.24524349,-0.29834455,-0.23166464,0.24252562,-0.9077425,-0.20253702
-0.13274272,-0.20290336,0.24743333,-0.2928365,-0.23002213,0.24174602,-0.9131307,-0.1940967
-0.12747368,-0.20952718,0.23709482,-0.26577547,-0.21624841,0.27319407,-0.90406275,-0.19253692
-0.12601696,-0.22900115,0.22514752,-0.26849854,-0.21632531,0.2792662,-0.8942984,-0.20390958
-0.13463786,-0.25248796,0.22818068,-0.3000018,-0.23039304,0.25084972,-0.8986859,-0.21349034
-0.14339927,-0.2442555,0.24985023,-0.32877746,-0.24474156,0.21598221,-0.9154425,-0.20647104
-0.13835633,-0.19038534,0.2628319,-0.30525535,-0.23621611,0.22520581,-0.9244209,-0.18609472
-0.1335965,-0.27884477,0.2597522,-0.2804563,-0.22555675,0.245382,-0.9129085,-0.19249271
-0.1289789,-0.207016,0.25880808,-0.30116907,-0.23855397,0.21161306,-0.9203501,-0.19265124
-0.13392933,-0.26505587,0.25691828,-0.2880076,-0.23143482,0.22724448,-0.9154398,-0.19367869
-0.13040638,-0.20883478,0.25897977,-0.29950652,-0.23776878,0.21156564,-0.9210487,-0.19139129
-0.13213907,-0.2529019,0.25460282,-0.28356555,-0.22910964,0.23143847,-0.91530913,-0.19201896
-0.12811312,-0.20594837,0.25114274,-0.28874967,-0.2317138,0.22566234,-0.9168161,-0.19192478
-0.13094147,-0.25400746,0.24514908,-0.2805677,-0.22607853,0.24122015,-0.9097062,-0.19667356
-0.13215047,-0.22908166,0.24882327,-0.3019392,-0.23643258,0.21965075,-0.91511416,-0.19919282
-0.13402537,-0.22653487,0.25158134,-0.29464173,-0.23261596,0.22731529,-0.91709054,-0.19337584
-0.13005857,-0.21777713,0.24875346,-0.2834225,-0.22705746,0.23938206,-0.9143722,-0.1918184
-0.12958579,-0.24023958,0.2428318,-0.28154066,-0.22556576,0.24493906,-0.90895075,-0.1973814
-0.13145758,-0.22837503,0.24315232,-0.29466388,-0.23169252,0.23251584,-0.9114781,-0.19974309
-0.13148259,-0.2103091,0.24265766,-0.28737286,-0.22757348,0.24178836,-0.9123726,-0.19479015
-0.13154607,-0.24327758,0.24068163,-0.28373966,-0.22501127,0.24984172,-0.9072144,-0.19932313
-0.13285996,-0.22845858,0.2438487,-0.29942694,-0.23304917,0.23202603,-0.91187173,-0.20072475
-0.13330616,-0.21734984,0.24618727,-0.29206693,-0.2296458,0.23804453,-0.91387963,-0.19488415
-0.13252881,-0.24273115,0.24633639,-0.2880478,-0.2276379,0.24253716,-0.91072035,-0.19742285
-0.12957548,-0.20169741,0.24389057,-0.28797096,-0.22828531,0.24006946,-0.91292536,-0.1943627
-0.12965454,-0.23477334,0.23697035,-0.27492687,-0.22069551,0.2594167,-0.9048955,-0.19758905
-0.13034554,-0.22603495,0.23565191,-0.28985134,-0.22754273,0.24691632,-0.905818,-0.20285472
-0.13643283,-0.24937539,0.24241023,-0.30262673,-0.23327494,0.23456696,-0.9096753,-0.20406368
-0.13556693,-0.20756528,0.25194883,-0.3053611,-0.2358403,0.22504412,-0.91823906,-0.19478343
-0.13453919,-0.2502556,0.25345173,-0.28870595,-0.22845708,0.23923585,-0.91413546,-0.19389431
-0.13093485,-0.22059304,0.2540592,-0.29600382,-0.23368344,0.22485921,-0.9170454,-0.19400251
-0.1323446,-0.24322625,0.25225237,-0.28896913,-0.23037162,0.23150001,-0.91465735,-0.19424865
-0.12978907,-0.212757,0.25046912,-0.28974563,-0.230969,0.22937745,-0.9158558,-0.192867
-0.12869543,-0.22504021,0.24245386,-0.27570117,-0.22303393,0.24910547,-0.909621,-0.19365439
-0.1270019,-0.21461065,0.23442599,-0.27670115,-0.22231159,0.25498536,-0.9052524,-0.19820486
-0.13205126,-0.24817501,0.23271583,-0.2880261,-0.22615889,0.25081724,-0.9026772,-0.20575377
-0.13378946,-0.2055908,0.23908043,-0.3013538,-0.2325144,0.23651181,-0.91138864,-0.20066938
-0.13409944,-0.23160832,0.24086973,-0.28564706,-0.22450124,0.25401798,-0.90861386,-0.19722785
-0.13123228,-0.22239268,0.24108498,-0.2893812,-0.22707763,0.24813528,-0.90884143,-0.19895095
-0.13382596,-0.24369374,0.24271938,-0.2936331,-0.22941232,0.2423083,-0.9090339,-0.20101891
-0.13291095,-0.2107425,0.2466824,-0.29703635,-0.23191817,0.23424411,-0.9142097,-0.19621693
-0.13188984,-0.23209202,0.24445869,-0.28256992,-0.22477046,0.2496365,-0.9100359,-0.19516991
-0.12921879,-0.21739541,0.2407465,-0.28432673,-0.22586265,0.24790762,-0.9087872,-0.19731405
-0.13211651,-0.24307978,0.23919247,-0.2879686,-0.22696821,0.24697284,-0.9065605,-0.20148867
-0.13096577,-0.19881912,0.24007976,-0.29139996,-0.22872843,0.24257956,-0.91112554,-0.19695848
-0.13355593,-0.25543663,0.23940443,-0.28431383,-0.22427876,0.25413293,-0.90505576,-0.20122693
-0.13443506,-0.2273021,0.24712044,-0.30778262,-0.23683253,0.22501695,-0.9136986,-0.20159741
-0.13446984,-0.21549311,0.2506331,-0.29347458,-0.23061255,0.23534454,-0.91636926,-0.19232593
-0.1288642,-0.21803233,0.24466194,-0.27593493,-0.22219762,0.25385046,-0.9102481,-0.19224998
-0.12894903,-0.24181686,0.23766734,-0.28059644,-0.22399484,0.25261825,-0.9045474,-0.20090856
-0.12855817,-0.19107495,0.23371093,-0.28473493,-0.22548842,0.25050697,-0.9076644,-0.19786978
-0.12873071,-0.22236435,0.22534099,-0.2673786,-0.21470048,0.27971897,-0.89747894,-0.20018376
-0.12842685,-0.21233277,0.22036645,-0.27898988,-0.21924919,0.27629682,-0.8952911,-0.20696133
-0.13353314,-0.22828424,0.22127923,-0.28809196,-0.22218402,0.27252036,-0.8959953,-0.20960987
-0.13615213,-0.22030723,0.2297879,-0.29943988,-0.22757198,0.25988445,-0.90265083,-0.20715255
-0.14084156,-0.2586912,0.24386756,-0.3102546,-0.23384069,0.24221183,-0.9084388,-0.20662017
-0.1350875,-0.17948012,0.25312954,-0.3041199,-0.23418903,0.23245381,-0.9195647,-0.19093013
-0.1337935,-0.2727719,0.24946775,-0.2768646,-0.22155105,0.25831628,-0.9072613,-0.19577293
-0.12994781,-0.20865726,0.25101212,-0.30195725,-0.23618872,0.2222765,-0.9155523,-0.19735855
-0.1340256,-0.24751224,0.25014645,-0.2877195,-0.22888806,0.23747087,-0.91273546,-0.19494496
-0.12756123,-0.18643028,0.24622315,-0.28334436,-0.22709334,0.24045403,-0.9141131,-0.19093561
-0.13010691,-0.26448804,0.23689237,-0.2722619,-0.21977498,0.26111168,-0.90140706,-0.20061821
-0.1263093,-0.16584326,0.23260942,-0.28637064,-0.22671652,0.24745052,-0.9085964,-0.19725098
-0.13232885,-0.26641542,0.22581926,-0.26982772,-0.21541381,0.27780074,-0.8938065,-0.20546997
-0.12972927,-0.17832439,0.2285859,-0.29664204,-0.22893235,0.2507176,-0.9053057,-0.20394328
-0.1336556,-0.23849602,0.22573568,-0.27421206,-0.21610945,0.281146,-0.8968076,-0.20269446
-0.13072355,-0.20497392,0.22749522,-0.28963262,-0.22408086,0.26621374,-0.9005562,-0.20552145
-0.13680288,-0.25331834,0.23177709,-0.29424125,-0.2258765,0.26152977,-0.90052676,-0.2081295
-0.13826373,-0.2240496,0.24627636,-0.31494433,-0.23766775,0.23065665,-0.9129911,-0.20330426
-0.13664229,-0.21996178,0.2532109,-0.29656446,-0.23073389,0.2396378,-0.91639626,-0.19238685
-0.13089965,-0.23049827,0.25064722,-0.2829499,-0.2256416,0.24775864,-0.9121,-0.1929364
-0.12846081,-0.22277607,0.24370448,-0.28160104,-0.22560662,0.24700655,-0.9093903,-0.19576384
-0.13064024,-0.23728041,0.24034448,-0.2856984,-0.22689395,0.24558772,-0.9070353,-0.20008917
-0.13119625,-0.21300389,0.24038067,-0.29057047,-0.22875006,0.24195679,-0.9099541,-0.1982614
-0.1334218,-0.2442842,0.24130079,-0.28858003,-0.22703104,0.24710986,-0.90758824,-0.20027913
-0.13553765,-0.24087268,0.24928923,-0.3067987,-0.23661193,0.22480714,-0.91386944,-0.20132716
-0.13842219,-0.2439809,0.26080215,-0.311311,-0.2403332,0.21308945,-0.92066365,-0.19557247
-0.13370508,-0.21325156,0.26488045,-0.29763517,-0.23569854,0.21734565,-0.92383665,-0.18659346
-0.12714475,-0.2221243,0.25312635,-0.2706837,-0.22275336,0.24484162,-0.9149358,-0.18651357
-0.123460375,-0.21756786,0.237213,-0.26695123,-0.21964687,0.25618333,-0.9054864,-0.19485578
-0.12577596,-0.21727854,0.2252673,-0.27140576,-0.21926074,0.2643699,-0.8992323,-0.20198846
-0.13296206,-0.24561602,0.22622424,-0.29150146,-0.22648285,0.25445312,-0.8991512,-0.2102939
-0.12071718,-0.056012075,0.2127363,-0.255339,-0.2077426,0.3018081,-0.9029499,-0.18569371
-0.11855694,-0.2544768,0.17562203,-0.20146753,-0.17361061,0.3827838,-0.83291584,-0.2145163
-0.12256554,-0.14149739,0.1645738,-0.26923952,-0.20774092,0.361856,-0.8465993,-0.2370459
-0.14365263,-0.23695396,0.16933013,-0.2836783,-0.20541495,0.3628525,-0.8426939,-0.24332623
-0.15481995,-0.23409805,0.20496468,-0.34609443,-0.23494984,0.30042505,-0.8785185,-0.24006857
-0.15987553,-0.23207851,0.24791019,-0.3525592,-0.2422413,0.25972128,-0.9098002,-0.21144474
-0.14121692,-0.16945176,0.26347408,-0.30085117,-0.22674847,0.26945955,-0.91943175,-0.18335302
-0.12712769,-0.25137806,0.24587803,-0.25335848,-0.20795056,0.30356798,-0.89765567,-0.1912094
-0.12423437,-0.21721128,0.23343526,-0.27932274,-0.22295628,0.26653612,-0.8971141,-0.20501442
-0.13563791,-0.25966918,0.23560914,-0.2971272,-0.23009324,0.24962482,-0.9001028,-0.20979941
-0.1383389,-0.2150092,0.2511684,-0.316414,-0.24021214,0.22301339,-0.91530436,-0.20061669
-0.13685177,-0.23398271,0.25706047,-0.29372603,-0.23050196,0.2389583,-0.91622573,-0.19147277
-0.1271264,-0.19595133,0.24934205,-0.27594268,-0.22342137,0.25128677,-0.9131016,-0.1883306
-0.12581792,-0.24151354,0.23360506,-0.263221,-0.21584427,0.27217156,-0.8990875,-0.19817694
-0.12821381,-0.21760459,0.2287392,-0.2863927,-0.22613472,0.2536203,-0.90098,-0.2057708
-0.13509901,-0.23723459,0.23258542,-0.29406723,-0.22799246,0.25142375,-0.90354496,-0.20563729
-0.13518582,-0.21428095,0.24077377,-0.2995739,-0.23092602,0.24391858,-0.9101881,-0.20032765
-0.13379346,-0.22828637,0.24234982,-0.2871003,-0.22540179,0.25433454,-0.90890664,-0.19702078
-0.12959047,-0.21035336,0.23891702,-0.2819304,-0.22372265,0.25741428,-0.9074458,-0.19663396
-0.126719,-0.20396069,0.22814518,-0.2678951,-0.21606186,0.27722558,-0.90032095,-0.1974392
-0.1297287,-0.24360926,0.22200996,-0.27694592,-0.21874073,0.27708405,-0.89276034,-0.20921187
-0.13504203,-0.2207719,0.2286785,-0.30346766,-0.23108037,0.2503259,-0.9028566,-0.20953812
-0.14045724,-0.24427535,0.24253243,-0.30738413,-0.23303683,0.24272159,-0.90945166,-0.20409644
-0.13761339,-0.2206815,0.25470844,-0.30743816,-0.23556545,0.23053624,-0.9174943,-0.19557482
-0.13288964,-0.22547577,0.25429705,-0.2865761,-0.22756329,0.24290591,-0.9155648,-0.1903992
-0.12979434,-0.2393952,0.24963929,-0.28421465,-0.22735211,0.24159671,-0.9112927,-0.19539827
-0.13128088,-0.23404904,0.24846222,-0.29354033,-0.23226221,0.23004533,-0.91288,-0.19765833
-0.13054103,-0.20891555,0.24652755,-0.28674707,-0.22860847,0.23742115,-0.91382533,-0.19302768
-0.13001484,-0.23946,0.24115758,-0.278369,-0.22332989,0.2517542,-0.90703607,-0.19721419
-0.13158238,-0.23316607,0.24165432,-0.29492196,-0.23122077,0.23591028,-0.90945387,-0.20162639
-0.13552499,-0.2369367,0.24784935,-0.3015523,-0.23437232,0.22834447,-0.9139035,-0.19917554
-0.13083048,-0.19022523,0.24774645,-0.28677538,-0.22776456,0.24042453,-0.91600394,-0.18992567
-0.12809965,-0.24229302,0.23666605,-0.26661497,-0.21673869,0.26849613,-0.90269834,-0.19638543
-0.1296753,-0.23090182,0.23424451,-0.29183003,-0.22885601,0.24466446,-0.9045405,-0.20543608
-0.13567261,-0.23123956,0.24027164,-0.30064356,-0.23238732,0.23670924,-0.91017044,-0.20217325
-0.13558263,-0.22527502,0.2481772,-0.29922828,-0.23211747,0.23529822,-0.9141454,-0.19705564
-0.13347298,-0.23161508,0.2502675,-0.29190177,-0.229634,0.2384638,-0.9140531,-0.19479473
-0.13180654,-0.23181194,0.24998383,-0.2911151,-0.23025997,0.23524709,-0.913737,-0.19541913
-0.13209476,-0.23445415,0.2499123,-0.29233485,-0.23126811,0.23189871,-0.91395503,-0.19596465
-0.13213082,-0.22946166,0.2505537,-0.29290926,-0.23177451,0.22993463,-0.91493016,-0.19509928
-0.13138416,-0.22743663,0.24937211,-0.28884256,-0.22975469,0.23400566,-0.9142309,-0.19420226
-0.13134523,-0.23582907,0.24794191,-0.2890363,-0.22964598,0.23481183,-0.9127045,-0.19620293
-0.13041468,-0.21626627,0.24602431,-0.28862453,-0.22935468,0.23555471,-0.91341174,-0.1947992
-0.13259347,-0.25010324,0.24549064,-0.28917426,-0.22889076,0.23825683,-0.9102528,-0.19898091
-0.13173057,-0.20961101,0.24782166,-0.2972003,-0.23327635,0.2276016,-0.91560704,-0.195618
-0.13767806,-0.28252357,0.25435138,-0.30124116,-0.23496144,0.2246393,-0.91356564,-0.20103233
-0.13693658,-0.21517982,0.26901063,-0.32399547,-0.2487165,0.19024682,-0.92763114,-0.19254649
-0.13808636,-0.2636229,0.2748395,-0.30009118,-0.23856664,0.2081677,-0.92615914,-0.18649587
-0.12737228,-0.18972583,0.26970184,-0.28898638,-0.23514096,0.20934302,-0.927165,-0.18077485
-0.12602325,-0.25950998,0.2512948,-0.26307595,-0.22052284,0.24495609,-0.9110975,-0.18937173
-0.124895945,-0.20908426,0.24295413,-0.28620526,-0.23088945,0.22616494,-0.9120471,-0.19711736
-0.12916599,-0.22327857,0.23523271,-0.27624637,-0.22298354,0.2491026,-0.9071361,-0.19671391
-0.12142535,-0.1469167,0.22010863,-0.25686422,-0.2110159,0.28479663,-0.9006503,-0.19231153
-0.12699568,-0.27011365,0.20306326,-0.25326353,-0.2044292,0.31317416,-0.8734913,-0.2161264
-0.13057661,-0.16580771,0.20598936,-0.30026037,-0.2264484,0.27279276,-0.89276254,-0.21652351
-0.13952486,-0.24210097,0.21306477,-0.28381118,-0.21523246,0.29753304,-0.8880381,-0.21270905
-0.12863109,-0.13274787,0.21424212,-0.2785633,-0.21427593,0.30411756,-0.89560795,-0.20120077
-0.13264093,-0.26949224,0.20422076,-0.25831202,-0.20243579,0.33267742,-0.86957353,-0.21701197
-0.13480695,-0.1920426,0.2131999,-0.3110275,-0.22970887,0.27483237,-0.8911917,-0.22031552
-0.14662421,-0.26317057,0.23163615,-0.3112825,-0.22914663,0.2679172,-0.89850944,-0.21347342
-0.14236256,-0.20996845,0.25536346,-0.3258088,-0.24054752,0.23106293,-0.9168048,-0.20022728
-0.13806413,-0.23801735,0.26109403,-0.29374623,-0.22917753,0.24553743,-0.9168876,-0.18976559
-0.12769005,-0.20644587,0.2545421,-0.27977523,-0.22538647,0.24710688,-0.91416985,-0.18873678
-0.12869054,-0.25808868,0.2439551,-0.27565393,-0.22306895,0.2527727,-0.90467364,-0.19860516
-0.12840256,-0.19685613,0.24119204,-0.29109624,-0.23060021,0.23595677,-0.9106611,-0.19766629
-0.13243164,-0.24798448,0.23799154,-0.2798392,-0.22296779,0.25554165,-0.90422666,-0.19980831
-0.12888427,-0.19089022,0.23668541,-0.28746238,-0.22672512,0.24886627,-0.90840095,-0.19774696
-0.13163196,-0.2463576,0.23138532,-0.27562824,-0.21925725,0.26869702,-0.89974743,-0.20199569
-0.1307632,-0.20593023,0.23279184,-0.29298267,-0.22788996,0.25120354,-0.90524435,-0.20323038
-0.13738789,-0.26159307,0.23849997,-0.29654095,-0.22885506,0.24908786,-0.904894,-0.20575604
-0.13550659,-0.20130965,0.2496168,-0.30954027,-0.23710257,0.22633302,-0.9168253,-0.1972755
-0.13607438,-0.25434598,0.25233972,-0.2892033,-0.22798932,0.24335222,-0.91290885,-0.19474538
-0.12884492,-0.19456695,0.25045356,-0.28923094,-0.22994392,0.23534027,-0.9159637,-0.19137439
-0.124064356,-0.20035176,0.23187402,-0.25444973,-0.21145003,0.27999002,-0.9024864,-0.19025633
-0.12545076,-0.24568819,0.21866158,-0.26666853,-0.21490295,0.28286967,-0.888764,-0.20949735
-0.13669956,-0.24494337,0.22639987,-0.31219602,-0.23550263,0.24025972,-0.9009679,-0.21647875
-0.14122854,-0.20394738,0.24528724,-0.31592,-0.23744987,0.23103747,-0.9159139,-0.19953457
-0.13883346,-0.2546093,0.25505924,-0.29623318,-0.229536,0.24364534,-0.91418964,-0.19534329
-0.13055602,-0.19989213,0.2550957,-0.2933511,-0.23148282,0.23269662,-0.9181487,-0.19032328
-0.13001916,-0.24990049,0.246545,-0.27488866,-0.22250012,0.25210124,-0.9085463,-0.1944148
-0.12803343,-0.21078758,0.24266362,-0.28847066,-0.22934964,0.23737596,-0.9105531,-0.1976465
-0.13364744,-0.2553838,0.24233529,-0.28971636,-0.22860119,0.24109659,-0.90787303,-0.20126665
-0.12987044,-0.17911232,0.24329126,-0.29174417,-0.2299467,0.23698533,-0.9144869,-0.19337288
-0.109877445,-0.044656206,0.20139943,-0.20486434,-0.18344721,0.35575867,-0.8896072,-0.17467773
-0.11058549,-0.25063565,0.15145744,-0.1843077,-0.16377515,0.4155678,-0.7905576,-0.23065785
-0.12931792,-0.15331148,0.14307185,-0.28239012,-0.21128514,0.3840422,-0.82080394,-0.2599034
-0.153179,-0.2126249,0.16252416,-0.30475262,-0.20949073,0.37762445,-0.8376606,-0.2511734
-0.16123907,-0.23745553,0.20565215,-0.34754264,-0.2302792,0.32972804,-0.8725705,-0.24085534
-0.15635987,-0.19765128,0.24196066,-0.34023973,-0.23372382,0.29252386,-0.90437335,-0.20850536
-0.14170557,-0.22235699,0.25360283,-0.2921433,-0.2196337,0.29922315,-0.90536046,-0.19351822
-0.12481992,-0.18042128,0.23874082,-0.2620198,-0.21085835,0.30709273,-0.89859086,-0.19114529
-0.12431322,-0.24257042,0.21860966,-0.2534978,-0.20641705,0.31773436,-0.8781555,-0.20799682
-0.12878563,-0.20076719,0.21350533,-0.28542238,-0.22114304,0.2878327,-0.88577235,-0.2150344
-0.13645549,-0.2261569,0.21779317,-0.28799638,-0.21990763,0.2901197,-0.8885173,-0.21255113
-0.12626667,-0.12016445,0.21159981,-0.2639284,-0.20824641,0.3202042,-0.8911478,-0.19720687
-0.12678589,-0.25247005,0.19234383,-0.23851885,-0.19242361,0.36210725,-0.8529385,-0.21792437
-0.13229266,-0.19184056,0.19328934,-0.2964424,-0.22098668,0.31390682,-0.8708785,-0.23027179
-0.14818172,-0.2539308,0.21237351,-0.31375903,-0.22616585,0.29423794,-0.8833239,-0.22582673
-0.14816588,-0.21451905,0.24344322,-0.33473763,-0.2395101,0.25183314,-0.9084093,-0.20953268
-0.14082266,-0.21265267,0.25533703,-0.2981242,-0.22734235,0.263546,-0.9138911,-0.19108745
-0.13075043,-0.23585239,0.25091386,-0.27802026,-0.22138365,0.26822463,-0.9070621,-0.19366205
-0.12803645,-0.22306332,0.24289218,-0.28184864,-0.22522277,0.25534084,-0.90572745,-0.19805767
-0.12980406,-0.22450334,0.23781247,-0.28164816,-0.22453456,0.25625557,-0.9040884,-0.19966672
-0.13104658,-0.22529463,0.2361386,-0.28518158,-0.22535558,0.25581846,-0.90387315,-0.2013196
-0.13238606,-0.2257718,0.23668787,-0.28878856,-0.22656295,0.2538327,-0.90506506,-0.20153844
-0.13336909,-0.22813462,0.23894173,-0.29125217,-0.22759512,0.251035,-0.90672237,-0.20096727
-0.13393071,-0.23078306,0.24232034,-0.29370967,-0.22913553,0.24615784,-0.9088488,-0.20003653
-0.13438818,-0.23393847,0.24650876,-0.29625508,-0.23106676,0.23949882,-0.91141707,-0.19878604
-0.1331383,-0.22325829,0.24895741,-0.29354158,-0.23074004,0.23742308,-0.9136711,-0.19541028
-0.13040094,-0.21996465,0.24541126,-0.28236473,-0.22559012,0.24758887,-0.91113436,-0.19380112
-0.13001889,-0.23730382,0.24087778,-0.28248677,-0.22529687,0.24970753,-0.90691346,-0.1988889
-0.13086115,-0.21892574,0.23977786,-0.2901052,-0.22873218,0.24265961,-0.9090944,-0.19929655
-0.13468732,-0.24943036,0.24325335,-0.2945807,-0.23028344,0.24005392,-0.9090151,-0.20158629
-0.13366112,-0.21046011,0.24905495,-0.30092686,-0.234274,0.22870938,-0.9159707,-0.1959282
-0.13164583,-0.22668155,0.2460217,-0.2804253,-0.22431856,0.2498045,-0.911468,-0.1927566
-0.13165075,-0.25178933,0.245295,-0.2908223,-0.22951767,0.23924857,-0.9089755,-0.20094548
-0.13112889,-0.19756262,0.2457503,-0.29450563,-0.23190697,0.23179907,-0.91519654,-0.19439088
-0.13093017,-0.23939118,0.24075595,-0.27560106,-0.22139078,0.25679803,-0.9068148,-0.19589898
-0.12835361,-0.21070383,0.23672664,-0.28498256,-0.22587194,0.24916062,-0.9071357,-0.19926439
-0.13186559,-0.23724142,0.23405252,-0.28389707,-0.22410491,0.25555262,-0.90392566,-0.20197508
-0.13367252,-0.22725739,0.239036,-0.2984184,-0.23099582,0.24089439,-0.9085519,-0.20294768
-0.13386315,-0.2155072,0.24242774,-0.2925556,-0.228419,0.24500933,-0.91139776,-0.19689588
-0.13258202,-0.23627451,0.24272384,-0.2867106,-0.22581692,0.25041738,-0.9085183,-0.19827159
-0.13230659,-0.22785689,0.24403861,-0.2942068,-0.23025128,0.23940824,-0.91081345,-0.1991781
-0.13347675,-0.23121814,0.24626556,-0.2935371,-0.23026116,0.23792852,-0.9121544,-0.1974901
-0.13166526,-0.21870136,0.24645585,-0.28933838,-0.22862585,0.24021302,-0.9127601,-0.19503723
-0.13009402,-0.22581176,0.24208717,-0.28127858,-0.22450522,0.24995457,-0.9089876,-0.19592187
-0.1311264,-0.23721045,0.24038695,-0.28851062,-0.22768448,0.24444345,-0.9075677,-0.20079978
-0.13016577,-0.19793272,0.2386937,-0.286884,-0.22670072,0.24660552,-0.91026944,-0.19607385
-0.13177706,-0.24836981,0.23543306,-0.27941936,-0.22170469,0.26068985,-0.90267587,-0.20143816
-0.12659314,-0.165128,0.22997013,-0.28003007,-0.22214533,0.26127875,-0.90646714,-0.1960677
-0.12798533,-0.24013774,0.2168518,-0.257232,-0.20802829,0.29967922,-0.8878856,-0.20411812
-0.12464545,-0.16495855,0.20849445,-0.27273008,-0.21476007,0.29494777,-0.88988435,-0.20740926
-0.12509465,-0.18386717,0.19249417,-0.24586836,-0.19764408,0.34306952,-0.87189406,-0.20825684
-0.12875448,-0.21668866,0.18499541,-0.26520374,-0.20441446,0.34597814,-0.85981566,-0.22688042
-0.14062677,-0.22262187,0.19479392,-0.30579424,-0.2217112,0.31086013,-0.87436414,-0.23177655
-0.1473979,-0.2157299,0.21973217,-0.3211319,-0.22909924,0.28521731,-0.894367,-0.21806516
-0.15064809,-0.2703419,0.24937515,-0.32964802,-0.23711272,0.2533391,-0.9073298,-0.21093194
-0.14091563,-0.18473507,0.2679494,-0.3207293,-0.24044928,0.22608872,-0.92462265,-0.18873475
-0.1315135,-0.24148466,0.2590711,-0.26799044,-0.21844551,0.2658214,-0.9124301,-0.184834
-0.124126635,-0.22348212,0.2465493,-0.27536657,-0.22377816,0.251546,-0.90684557,-0.19567761
-0.1280418,-0.22904414,0.23677555,-0.27866834,-0.22425216,0.25213426,-0.9038717,-0.19979735
-0.13114728,-0.22652256,0.23637874,-0.28852636,-0.22743736,0.2477781,-0.9049832,-0.20230898
-0.13118412,-0.20691067,0.23549025,-0.285037,-0.22476865,0.25518692,-0.90648234,-0.19835505
-0.13155201,-0.23566146,0.23316854,-0.28076062,-0.22173797,0.2646081,-0.90158,-0.2019919
-0.13175064,-0.2161845,0.23399651,-0.29134187,-0.2269693,0.25358033,-0.90503424,-0.20272236
-0.13450047,-0.23585543,0.23697054,-0.29127935,-0.22665337,0.25395468,-0.9054176,-0.20239778
-0.13404568,-0.2213846,0.24211635,-0.296909,-0.23013467,0.24421096,-0.9098979,-0.20003676
-0.13358639,-0.22841315,0.24394202,-0.2899599,-0.22745416,0.24810115,-0.9100573,-0.19732939
-0.13172445,-0.22533445,0.24380268,-0.28860766,-0.22748733,0.24657832,-0.9098631,-0.19743712
-0.13053933,-0.21980378,0.24077351,-0.28401104,-0.22542799,0.25073817,-0.9085784,-0.19689162
-0.12864321,-0.2120337,0.23466904,-0.27701914,-0.22143601,0.2613581,-0.9048737,-0.19749059
-0.1289976,-0.22478387,0.22831258,-0.27637768,-0.21984285,0.2689067,-0.89953107,-0.20247835
-0.13303785,-0.23620212,0.22983117,-0.2923042,-0.22665259,0.25630087,-0.9011531,-0.20760106
-0.1345128,-0.20718855,0.23580475,-0.29701006,-0.22891364,0.24982706,-0.9081099,-0.20120074
-0.13417193,-0.2338727,0.23807189,-0.28611836,-0.22361225,0.26071376,-0.9055116,-0.19984841
-0.13068031,-0.20813754,0.23721176,-0.28675422,-0.22490273,0.25672802,-0.90693295,-0.1986945
-0.1331553,-0.24787775,0.2365258,-0.2864902,-0.2245565,0.25770745,-0.9032394,-0.20321682
-0.13251124,-0.20586841,0.24030563,-0.29745245,-0.23069532,0.24197046,-0.9102657,-0.19978699
-0.13546212,-0.2524381,0.2433724,-0.29072672,-0.22729525,0.24868444,-0.907774,-0.20044874
-0.13211805,-0.20327246,0.24717404,-0.2977114,-0.23217455,0.23465995,-0.91430753,-0.19594184
-0.13249801,-0.24291456,0.2443306,-0.28152037,-0.22419223,0.25189084,-0.90863913,-0.19611758
-0.13067809,-0.22231127,0.24440883,-0.29266265,-0.23025632,0.23797072,-0.91082656,-0.19868182
-0.1202481,-0.112899326,0.22393884,-0.2491896,-0.20793012,0.291472,-0.904657,-0.18363658
-0.12253926,-0.27946118,0.19668505,-0.23147309,-0.19322734,0.33920923,-0.85913813,-0.21603025
-0.13144846,-0.19058883,0.19867526,-0.30810547,-0.23004282,0.2732163,-0.88390887,-0.22840308
-0.14600669,-0.23580824,0.2176262,-0.3074505,-0.22569174,0.27847928,-0.89411527,-0.21564396
-0.14943056,-0.2704645,0.25015077,-0.33755165,-0.24274604,0.23425412,-0.91031784,-0.21313323
-0.1428764,-0.18402238,0.27122024,-0.32577473,-0.2440347,0.21417423,-0.92866886,-0.1867686
-0.1348194,-0.26679996,0.26838973,-0.2777627,-0.22434565,0.24819289,-0.9173089,-0.18530637
-0.12431608,-0.19849128,0.25813287,-0.28350598,-0.23024143,0.22858769,-0.9175669,-0.18839476
-0.12736964,-0.25169364,0.24364397,-0.26875976,-0.22134657,0.25111312,-0.90606266,-0.19500324
-0.12703672,-0.2061571,0.23887004,-0.2865813,-0.22887912,0.2380031,-0.9085843,-0.198984
-0.13005793,-0.22441044,0.23283137,-0.27627507,-0.22134973,0.2590936,-0.903745,-0.19866225
-0.1302847,-0.22325596,0.23123941,-0.28463167,-0.22412662,0.2576367,-0.90256006,-0.20323129
-0.12556814,-0.15787034,0.22119704,-0.26632854,-0.21403942,0.28438798,-0.90063995,-0.19499554
-0.12796178,-0.25535533,0.20806172,-0.25650144,-0.20576721,0.31287825,-0.8778585,-0.21229315
-0.13082863,-0.18632273,0.20936725,-0.29556417,-0.22434382,0.2783342,-0.891181,-0.21586907
-0.14373203,-0.27149513,0.22331597,-0.30450204,-0.22643803,0.27155858,-0.89352316,-0.21761416
-0.14139324,-0.19176145,0.24621432,-0.32629263,-0.24010533,0.23287939,-0.9152677,-0.20248345
-0.13925336,-0.24669567,0.25310558,-0.29007053,-0.22544806,0.25708854,-0.9123908,-0.19307216
-0.13073675,-0.2196282,0.25375646,-0.2924731,-0.23009747,0.24016944,-0.91392416,-0.19425987
-0.12951623,-0.22549479,0.24611962,-0.27931586,-0.22461794,0.24971014,-0.9100869,-0.19353274
-0.13006157,-0.23989174,0.24261585,-0.2852458,-0.22705793,0.24517862,-0.9070936,-0.19984287
-0.13087447,-0.21244659,0.24165805,-0.29052842,-0.22934332,0.24022889,-0.9104718,-0.1976594
-0.13183615,-0.23348597,0.23993765,-0.2832547,-0.22472773,0.25175494,-0.90703636,-0.19831836
-0.12760253,-0.18975301,0.23407508,-0.27783865,-0.22179449,0.26004648,-0.90655077,-0.19564757
-0.13004841,-0.24949531,0.22656466,-0.2725644,-0.21725161,0.27528346,-0.895495,-0.20499794
-0.13238628,-0.21285246,0.23017767,-0.29934147,-0.23015125,0.24836586,-0.90401393,-0.2071801
-0.13881628,-0.24907006,0.23987232,-0.3015617,-0.23074019,0.24575274,-0.9074398,-0.20446426
-0.13256167,-0.17842922,0.24502486,-0.29438928,-0.22904299,0.24472095,-0.91480297,-0.19262621
-0.1318533,-0.26230386,0.23848315,-0.27182683,-0.21776214,0.270783,-0.90136915,-0.19908005
-0.12080074,-0.11843214,0.22460547,-0.2670795,-0.21627252,0.27617896,-0.9045711,-0.19152248
-0.11908176,-0.21524738,0.19247001,-0.21853009,-0.18657549,0.35415974,-0.8631994,-0.20348945
-0.121163316,-0.17820635,0.17636433,-0.2561183,-0.20275754,0.3519275,-0.8549012,-0.22715965
-0.13769443,-0.22497582,0.17684431,-0.2840439,-0.21006268,0.34271392,-0.8558172,-0.23696476
-0.15121761,-0.24052678,0.2059428,-0.33460072,-0.2324417,0.29185012,-0.8821553,-0.23519456
-0.14910346,-0.17492522,0.23598379,-0.3260262,-0.2318416,0.27580476,-0.9079116,-0.20403707
-0.13888426,-0.23989463,0.24248205,-0.2805338,-0.2150195,0.30097067,-0.90011156,-0.19708231
-0.13039456,-0.21963903,0.24011393,-0.28801405,-0.22348969,0.27272487,-0.90164447,-0.20200782
-0.13500412,-0.25182405,0.2415929,-0.29455954,-0.22828272,0.2554072,-0.9030282,-0.20492524
-0.13380928,-0.20216562,0.24759173,-0.3003872,-0.23266661,0.23914358,-0.912456,-0.19712292
-0.13112193,-0.2249332,0.2428234,-0.27504468,-0.22046931,0.2644012,-0.90641123,-0.19372198
-0.1288706,-0.23182754,0.23744416,-0.281168,-0.22356124,0.258915,-0.9027386,-0.20123444
-0.13139339,-0.22195868,0.23589595,-0.28925532,-0.22720553,0.2510476,-0.905142,-0.20187151
-0.13241076,-0.22018602,0.23665878,-0.2871885,-0.22548272,0.25505856,-0.905732,-0.200057
-0.13267024,-0.23105207,0.23745719,-0.28800187,-0.22568195,0.25525406,-0.90518975,-0.20128834
-0.1339022,-0.23185764,0.2409653,-0.29552287,-0.22973062,0.24518175,-0.9081912,-0.20158081
-0.13408822,-0.22357208,0.24499945,-0.2951495,-0.23025188,0.24159731,-0.911518,-0.19785564
-0.1313779,-0.21691476,0.24369718,-0.28454435,-0.2255704,0.25034365,-0.9103432,-0.19488743
-0.12960598,-0.22835556,0.2383793,-0.27925095,-0.22285226,0.2575116,-0.9055984,-0.19813348
-0.13166016,-0.23586656,0.23765685,-0.2904418,-0.22802448,0.24728784,-0.90581644,-0.20287512
-0.1330274,-0.21464072,0.24047843,-0.29413626,-0.22972134,0.24268523,-0.9102253,-0.1989695
-0.13163505,-0.22066523,0.23911607,-0.28206226,-0.22349587,0.25672284,-0.9075193,-0.19672814
-0.13078673,-0.23198703,0.23657098,-0.28402254,-0.2242663,0.2564325,-0.90471655,-0.2009607
-0.12070854,-0.11404023,0.21910942,-0.25403452,-0.20888571,0.29525694,-0.9013527,-0.1884086
-0.11211693,-0.1724104,0.17779887,-0.19898897,-0.17506406,0.38835964,-0.8493547,-0.20162027
-0.12139726,-0.21037029,0.1560369,-0.24420626,-0.19385144,0.3903737,-0.8226724,-0.24378535
-0.14090183,-0.18798827,0.16158131,-0.2993656,-0.21363822,0.36094856,-0.8455011,-0.24851502
-0.15460595,-0.22620556,0.19197506,-0.32311672,-0.22098073,0.3382091,-0.8672618,-0.23823264
-0.15399769,-0.21620616,0.22708505,-0.3345284,-0.23042108,0.30098087,-0.8942255,-0.21870658
-0.14233698,-0.1900109,0.2416766,-0.29949075,-0.22108467,0.30053404,-0.9039817,-0.1971726
-0.13004746,-0.2187888,0.23368973,-0.2652508,-0.20937869,0.3165934,-0.8923558,-0.19787838
-0.1237696,-0.18991509,0.21767107,-0.2615255,-0.20933723,0.31577387,-0.8850729,-0.20411916
-0.12810582,-0.22369096,0.20604841,-0.2648565,-0.20892307,0.32029077,-0.87440264,-0.2149719
-0.13402992,-0.21241903,0.20868534,-0.29106766,-0.22017072,0.29863408,-0.8820536,-0.21931633
-0.14348947,-0.2505964,0.22484496,-0.31150356,-0.22923166,0.27400807,-0.89293927,-0.21826586
-0.14306958,-0.20912874,0.24643213,-0.32122722,-0.2369489,0.24564688,-0.91149724,-0.20309363
-0.13895507,-0.23873982,0.2552976,-0.29545745,-0.22813375,0.25466704,-0.91252023,-0.19399336
-0.12917599,-0.20283864,0.2510742,-0.28260723,-0.22526008,0.2533712,-0.9122248,-0.19075057
-0.12744625,-0.23828495,0.23861426,-0.2685355,-0.21836832,0.26867977,-0.9016667,-0.19699359
-0.12815225,-0.21794897,0.23315455,-0.2840366,-0.22540493,0.25503993,-0.90225303,-0.2029844
-0.1326239,-0.22946356,0.23276418,-0.2871117,-0.22537668,0.25689554,-0.90264946,-0.20330612
-0.13196553,-0.20812874,0.2343445,-0.28799635,-0.2253482,0.25778815,-0.90528363,-0.20037149
-0.13330612,-0.24029872,0.23460244,-0.28560904,-0.22373827,0.2624311,-0.9023265,-0.20302403
-0.13323785,-0.21740295,0.23845646,-0.29639536,-0.22970693,0.24764095,-0.90780085,-0.2018001
-0.13494754,-0.23693506,0.24198723,-0.29203904,-0.22785836,0.24981116,-0.90825045,-0.19988233
-0.13037491,-0.19659549,0.24106342,-0.28561094,-0.22561072,0.25250685,-0.910237,-0.19473872
-0.12977475,-0.23990642,0.23340225,-0.27211702,-0.2181662,0.27117842,-0.9004982,-0.19976409
-0.13038397,-0.22007519,0.232364,-0.29049295,-0.22706169,0.2530884,-0.9033497,-0.20465448
-0.13611764,-0.24337094,0.2378865,-0.2977609,-0.22991516,0.24639037,-0.9062974,-0.20451833
-0.13491099,-0.20914508,0.24584207,-0.3007853,-0.23239528,0.23763834,-0.9135814,-0.19736606
-0.13371369,-0.2396491,0.2463085,-0.28597307,-0.22578761,0.25031725,-0.9101199,-0.19597296
-0.12658651,-0.18216734,0.23893845,-0.27685058,-0.22223766,0.25720486,-0.9095227,-0.19227593
-0.12653042,-0.23795828,0.2241823,-0.25969973,-0.21160704,0.28680688,-0.8934248,-0.20116584
-0.12872414,-0.21406859,0.22048618,-0.28605065,-0.22336255,0.26675949,-0.89577323,-0.20990361
-0.13955376,-0.2597382,0.23059255,-0.30591366,-0.23126495,0.24998109,-0.90111613,-0.2128357
-0.1378812,-0.18500169,0.24620937,-0.31258056,-0.23619893,0.23304954,-0.91646755,-0.19724792
-0.13604267,-0.25596318,0.24785717,-0.2823188,-0.22255576,0.25991032,-0.9087018,-0.19528265
-0.13013259,-0.21193726,0.24832404,-0.2950876,-0.23135541,0.23649007,-0.9129908,-0.19677529
-0.13237031,-0.24123344,0.24517062,-0.28463587,-0.226389,0.24626702,-0.9096009,-0.19658831
-0.13159558,-0.22630349,0.2468262,-0.29440594,-0.23149966,0.23423287,-0.91201025,-0.19821331
-0.13201226,-0.2237664,0.24588275,-0.28839275,-0.22850306,0.24018879,-0.9122155,-0.19528326
-0.13223189,-0.24094285,0.24611446,-0.2898814,-0.22906305,0.23942822,-0.9105583,-0.19826889
-0.13181181,-0.21811114,0.2469379,-0.29378924,-0.23136665,0.23331222,-0.91374975,-0.19606413
-0.13324393,-0.24468178,0.24766116,-0.2901661,-0.22936332,0.23785533,-0.911702,-0.19729835
-0.13145418,-0.21451913,0.24883609,-0.29430583,-0.23198886,0.23070222,-0.9150876,-0.19497359
-0.13125533,-0.2333133,0.24548462,-0.2827495,-0.22596505,0.24448438,-0.91103625,-0.19483413
-0.12859778,-0.21229658,0.24081744,-0.28273895,-0.22570583,0.24628446,-0.90966403,-0.19602528
-0.13040324,-0.23692064,0.23605576,-0.28104806,-0.22368348,0.25384513,-0.90487504,-0.20034637
-0.13183828,-0.22172748,0.23749591,-0.29350424,-0.2292762,0.2429313,-0.9080349,-0.20178194
-0.13417247,-0.23100552,0.24077918,-0.29298365,-0.22864749,0.24450968,-0.9093757,-0.1998484
-0.13285416,-0.21996593,0.24355595,-0.29253063,-0.22887434,0.24294956,-0.9113079,-0.19751102
-0.12664172,-0.18017662,0.23411256,-0.26917696,-0.21745948,0.2691958,-0.90706766,-0.19125077
-0.12709078,-0.25134957,0.22099142,-0.26244175,-0.21185887,0.2893827,-0.8897316,-0.2061382
-0.13096684,-0.20802456,0.2216624,-0.2967298,-0.22797963,0.2572408,-0.89888614,-0.21112853
-0.13486955,-0.20824294,0.22559746,-0.28680864,-0.22156969,0.27163827,-0.90092444,-0.20312898
-0.13329992,-0.22693469,0.22816311,-0.28482366,-0.2204686,0.27594355,-0.89859307,-0.20509599
-0.1338161,-0.2225956,0.23110782,-0.2932608,-0.2254517,0.2635479,-0.9020909,-0.20542182
-0.13489312,-0.22383793,0.2358305,-0.29377952,-0.22638962,0.2584444,-0.90509504,-0.2026351
-0.1333634,-0.21838832,0.2385053,-0.28989375,-0.22545022,0.25792426,-0.90661603,-0.19965173
-0.13397339,-0.24186462,0.24073832,-0.29158998,-0.22699726,0.25268376,-0.9060514,-0.20195474
-0.1335928,-0.21809132,0.24498387,-0.29810816,-0.23145948,0.23935115,-0.9116431,-0.19869585
-0.13349727,-0.2330517,0.24622743,-0.28900617,-0.22752368,0.24586324,-0.9106655,-0.19649215
-0.13346386,-0.24227089,0.24927725,-0.29658222,-0.23206949,0.23421755,-0.9120623,-0.19902445
-0.13182458,-0.20762634,0.24996033,-0.29285455,-0.2312624,0.23294187,-0.9158289,-0.19286618
-0.13195634,-0.25071466,0.24723239,-0.2831411,-0.22607824,0.24485572,-0.9097133,-0.19654828
-0.12980159,-0.20867035,0.24608451,-0.29242116,-0.23123011,0.23276784,-0.9134919,-0.19587034
-0.13040073,-0.2290083,0.24059355,-0.27800092,-0.22311081,0.2522929,-0.90810084,-0.19551364
-0.12980881,-0.22749992,0.2379088,-0.28564456,-0.22620238,0.24822447,-0.90653014,-0.20047387
-0.13161582,-0.22118138,0.23698947,-0.28846776,-0.22692604,0.24794325,-0.90757287,-0.19995536
-0.13012312,-0.20677471,0.23435198,-0.2808691,-0.22254066,0.25928944,-0.9060936,-0.1975938
-0.13036421,-0.23295921,0.22997285,-0.27844462,-0.22031584,0.26783088,-0.9002353,-0.20277168
-0.129376,-0.19666412,0.2270122,-0.28316706,-0.22225252,0.26570395,-0.90217656,-0.20180033
-0.12995996,-0.21814942,0.2213256,-0.27178666,-0.21509506,0.285656,-0.89494616,-0.20345828
-0.13050199,-0.21611136,0.21925214,-0.28206775,-0.21926759,0.281014,-0.8938351,-0.20875607
-0.13553903,-0.23281936,0.22386752,-0.29431888,-0.22448917,0.2699461,-0.8970169,-0.21070136
-0.14094827,-0.24704322,0.23982777,-0.31496915,-0.23529717,0.24212293,-0.90724456,-0.20916331
-0.14101437,-0.22308931,0.25735378,-0.31723002,-0.23942071,0.2243509,-0.91934454,-0.19661207
-0.13424784,-0.2182813,0.25991538,-0.2895852,-0.22903636,0.23933244,-0.91892695,-0.18734314
-0.12864447,-0.2402929,0.25190282,-0.27792206,-0.22467487,0.24651116,-0.9114818,-0.19256032
-0.12925579,-0.2337901,0.24713445,-0.2892384,-0.23060943,0.23299596,-0.91129166,-0.19783892
-0.13162147,-0.2250173,0.24659233,-0.29125416,-0.2309068,0.23255092,-0.912885,-0.19632159
-0.13117711,-0.22474636,0.24532601,-0.28632534,-0.22778176,0.24044871,-0.9116426,-0.19541264
-0.1248302,-0.17540626,0.23340954,-0.2667324,-0.2173517,0.26649845,-0.9069625,-0.19082433
-0.12578508,-0.24721293,0.21750784,-0.2574354,-0.20962158,0.29362276,-0.8876205,-0.2058612
-0.1310781,-0.21575123,0.21802354,-0.29646677,-0.22747451,0.26015496,-0.8958876,-0.21423729
-0.13930519,-0.23086542,0.22932309,-0.30271646,-0.22889155,0.25626343,-0.9031478,-0.20811678
-0.13430479,-0.18782128,0.23656666,-0.29183087,-0.22476451,0.2624557,-0.9086464,-0.19701816
-0.13286099,-0.25201496,0.23357573,-0.27712688,-0.21809842,0.27738497,-0.89895046,-0.20246264
-0.12909277,-0.1868189,0.23186038,-0.2890429,-0.22542103,0.25919208,-0.90508896,-0.20078683
-0.13472915,-0.26193014,0.23118742,-0.28269053,-0.22112556,0.2694564,-0.89767057,-0.20645903
-0.13199028,-0.18463726,0.23660304,-0.3000506,-0.23083425,0.2457061,-0.90917754,-0.20078889
-0.13638432,-0.264091,0.23835388,-0.28499627,-0.22289245,0.26263997,-0.9025092,-0.20263779
-0.12988082,-0.17401661,0.2405634,-0.29438338,-0.22936009,0.24510972,-0.9116829,-0.19606954
-0.13584289,-0.28668928,0.23915176,-0.28189152,-0.22222441,0.2616347,-0.9004177,-0.20456176
-0.13151823,-0.1749022,0.24619414,-0.3084419,-0.23740204,0.22392084,-0.91616476,-0.19739975
-0.13828444,-0.28751436,0.2486775,-0.28715134,-0.2262454,0.24783131,-0.90760016,-0.19982809
-0.13220431,-0.18914385,0.25745487,-0.311774,-0.24106368,0.21038559,-0.92119694,-0.19406661
-0.13633811,-0.27495003,0.25706765,-0.28662902,-0.2288351,0.2358746,-0.9142443,-0.19348961
-0.12814376,-0.18258807,0.25695542,-0.29564553,-0.23514329,0.21791384,-0.92079365,-0.18915807
-0.12877426,-0.25062928,0.24342443,-0.26518306,-0.2184381,0.25766486,-0.90694714,-0.19230235
-0.12773311,-0.22350387,0.239971,-0.28995383,-0.23014715,0.23574919,-0.9081576,-0.20154214
-0.13641472,-0.25812158,0.2450728,-0.30216885,-0.2348317,0.22740799,-0.9112255,-0.20311698
-0.13552284,-0.20519178,0.25589636,-0.30855662,-0.23889081,0.21539526,-0.921005,-0.19344684
-0.13500892,-0.2567586,0.25712016,-0.28869694,-0.2296109,0.23399557,-0.9162183,-0.19227105
-0.12848385,-0.19975469,0.25436932,-0.29044315,-0.2320956,0.22552381,-0.918654,-0.1900463
-0.12943313,-0.24912374,0.24483362,-0.2741461,-0.22288054,0.2480902,-0.9089268,-0.19455473
-0.1293897,-0.22259417,0.24343024,-0.29302835,-0.23180367,0.23060675,-0.9113918,-0.19944486
-0.13678557,-0.26358047,0.24958652,-0.30303565,-0.2357761,0.22333074,-0.91338915,-0.2015911
-0.13131425,-0.16796386,0.25361454,-0.2972511,-0.23418915,0.22256711,-0.9219323,-0.1875936
-0.12987795,-0.26481968,0.24196666,-0.26360017,-0.21596538,0.2658143,-0.904348,-0.19424796
-0.122285634,-0.1595511,0.23090217,-0.2764228,-0.22267751,0.2544859,-0.9069689,-0.19550964
-0.1283969,-0.2553525,0.21640323,-0.2582602,-0.20955296,0.29178923,-0.88753384,-0.20620586
-0.12962653,-0.19300397,0.21787786,-0.29412314,-0.22618328,0.26277617,-0.89715934,-0.21130894
-0.13988347,-0.2583258,0.22652476,-0.29769397,-0.2257338,0.26437822,-0.89816135,-0.2115979
-0.14169292,-0.23034382,0.24825585,-0.32626837,-0.24162424,0.22458702,-0.91449964,-0.20582658
-0.14363125,-0.2519184,0.26684555,-0.31841773,-0.24133512,0.21660209,-0.9226897,-0.19435821
-0.13300103,-0.19576716,0.27049583,-0.296744,-0.23515075,0.21927759,-0.9264773,-0.18217596
-0.12770429,-0.25522405,0.25628766,-0.2678257,-0.2215413,0.24777287,-0.91269785,-0.1882466
-0.12477976,-0.21136305,0.24624899,-0.28310114,-0.2292525,0.23142506,-0.9120674,-0.1950958
-0.12827614,-0.2264558,0.23681282,-0.2747716,-0.22265813,0.25037712,-0.9063278,-0.19667925
-0.12981367,-0.22820796,0.23448259,-0.2853931,-0.22598417,0.2483873,-0.90482897,-0.20227714
-0.13245435,-0.22086857,0.23550454,-0.2912538,-0.22773995,0.24682616,-0.9073076,-0.20131353
-0.1344443,-0.23570472,0.23985694,-0.29394627,-0.22863461,0.24565135,-0.9082699,-0.20142362
-0.12721853,-0.15888818,0.23394293,-0.27517352,-0.21986866,0.2647435,-0.90935725,-0.19078194
-0.12830585,-0.26582527,0.22036657,-0.25830325,-0.2090324,0.29623544,-0.8870703,-0.20645855
-0.1292364,-0.18718627,0.22028115,-0.29647845,-0.22782429,0.25849643,-0.8992816,-0.21007688
-0.13743618,-0.24454893,0.2249929,-0.28761703,-0.2213169,0.27347317,-0.89698225,-0.20785595
-0.13955851,-0.24302915,0.24157509,-0.31687558,-0.23673695,0.23742421,-0.9082673,-0.2092213
-0.13625269,-0.18351631,0.24988851,-0.30027637,-0.23150857,0.2406964,-0.9178368,-0.19091168
-0.13153368,-0.25371468,0.24445352,-0.2717791,-0.21822608,0.26860833,-0.9049587,-0.19518116
-0.128602,-0.21533011,0.24108711,-0.29140142,-0.2294098,0.2423994,-0.9084001,-0.20039555
-0.12856913,-0.19729999,0.23322888,-0.27337945,-0.21966207,0.26471186,-0.90530497,-0.1947405
-0.12502924,-0.20796704,0.22024855,-0.2597038,-0.21072797,0.29242036,-0.8928384,-0.20053515
-0.12837829,-0.22764148,0.21213615,-0.2745016,-0.21585284,0.28971237,-0.8867908,-0.21256933
-0.13514091,-0.2188709,0.21745898,-0.29740477,-0.22536135,0.27095994,-0.8945988,-0.21389188
-0.14116926,-0.24061333,0.23280929,-0.30893147,-0.2307089,0.2563475,-0.9030565,-0.20999265
-0.14232898,-0.23919573,0.25224853,-0.31946295,-0.23852982,0.23151314,-0.9148887,-0.20223399
-0.13960296,-0.23431401,0.26558974,-0.31062952,-0.23839667,0.22200482,-0.92189187,-0.19199072
-0.13203761,-0.21920763,0.2647119,-0.2891952,-0.23119551,0.22965495,-0.9212225,-0.18572156
-0.123742476,-0.20347321,0.24756114,-0.26317725,-0.21884507,0.25604072,-0.91144955,-0.18625583
-0.12265029,-0.2308049,0.22813596,-0.25896457,-0.21429543,0.27377188,-0.89659584,-0.19945174
-0.1276656,-0.21924393,0.22097836,-0.281666,-0.22292031,0.26228595,-0.89636034,-0.20848703
-0.13395058,-0.22064851,0.22432318,-0.29134545,-0.2251059,0.26133823,-0.8998949,-0.20753166
-0.1339162,-0.20774396,0.22904575,-0.28933656,-0.2234478,0.26641455,-0.90288854,-0.20272431
-0.13310762,-0.22713952,0.22976884,-0.28375417,-0.22079705,0.27311483,-0.90030193,-0.20335566
-0.13513373,-0.23995364,0.23500963,-0.29810905,-0.22851162,0.2544691,-0.9035808,-0.20688821
-0.13551314,-0.2105366,0.24242707,-0.3007722,-0.23117495,0.24381797,-0.9113703,-0.19915813
-0.13559304,-0.24763156,0.24686666,-0.29208755,-0.22782469,0.2482359,-0.9095898,-0.1987108
-0.13209105,-0.2117442,0.2492447,-0.2959821,-0.23165815,0.23561269,-0.91435176,-0.1953585
-0.12995848,-0.22114642,0.24315931,-0.276819,-0.22244789,0.25511706,-0.90918106,-0.1932471
-0.12705795,-0.21748033,0.23469172,-0.27475446,-0.22081557,0.2616187,-0.9035853,-0.19830175
-0.1272936,-0.2087167,0.22564475,-0.27326566,-0.21859972,0.27112782,-0.8992168,-0.20118676
-0.1299913,-0.22524759,0.22117707,-0.27790266,-0.21881437,0.27624843,-0.8948067,-0.20700555
-0.13489649,-0.23270756,0.22625192,-0.2968697,-0.22701345,0.26035607,-0.8993539,-0.21032462
-0.13791448,-0.22195712,0.23747084,-0.30494094,-0.23131098,0.24790287,-0.9080727,-0.2040101
-0.13890052,-0.24656725,0.2490107,-0.3043017,-0.23256502,0.24048337,-0.91199577,-0.20054083
-0.13579799,-0.22256674,0.25735497,-0.3048235,-0.23577973,0.22648992,-0.9185445,-0.19407544
-0.133618,-0.24047817,0.25814623,-0.29115632,-0.23097545,0.2324788,-0.916939,-0.19167541
-0.12941152,-0.21885332,0.25444442,-0.28741917,-0.23036402,0.23088248,-0.9163993,-0.1912141
-0.12498527,-0.19801424,0.24034302,-0.26636425,-0.21919031,0.25734398,-0.90914464,-0.18963468
-0.12670611,-0.25057358,0.22811718,-0.26863015,-0.21764944,0.26864648,-0.8962279,-0.20413595
-0.13138707,-0.21384652,0.2294328,-0.29800618,-0.2308371,0.2431062,-0.9044501,-0.2071101
-0.12804091,-0.15476531,0.22351986,-0.26804098,-0.2144643,0.2821234,-0.9031687,-0.1928166
-0.1248441,-0.23488821,0.20632836,-0.24601929,-0.20044273,0.32568398,-0.8769319,-0.20740983
-0.12790112,-0.19754349,0.20014127,-0.28144443,-0.21676585,0.30117345,-0.88089734,-0.2193251
-0.13929166,-0.2360565,0.20817788,-0.296173,-0.22087723,0.292297,-0.8853831,-0.22032644
-0.13913356,-0.1914371,0.22374655,-0.3058752,-0.22634068,0.27669752,-0.89975375,-0.20904243
-0.1381474,-0.23591743,0.23070307,-0.28814688,-0.2193575,0.2871392,-0.89777374,-0.20479502
-0.13521674,-0.22486998,0.23751178,-0.29948905,-0.22779493,0.26219124,-0.9036745,-0.20519607
-0.13585484,-0.22778456,0.24256252,-0.29620266,-0.22823781,0.25444612,-0.90769774,-0.2003717
-0.13332912,-0.22207946,0.2452655,-0.2911015,-0.22737922,0.25146425,-0.90928006,-0.1974054
-0.13111939,-0.22415471,0.24264479,-0.2838635,-0.2247363,0.25495616,-0.9075823,-0.19690248
-0.13057645,-0.2282183,0.23963076,-0.2844663,-0.22518589,0.25358173,-0.9058491,-0.19946888
-0.13211487,-0.2300491,0.23961654,-0.29026446,-0.22782613,0.24762703,-0.9068713,-0.20096669
-0.13273416,-0.22149673,0.2413563,-0.29145235,-0.22837518,0.245668,-0.90911716,-0.19886096
-0.13183235,-0.223014,0.24071775,-0.28579357,-0.22556093,0.251658,-0.90814614,-0.19763367
-0.13127843,-0.22834806,0.23916723,-0.2859399,-0.22560813,0.2520572,-0.90670174,-0.19952783
-0.13422868,-0.24489343,0.2426546,-0.2970915,-0.2311309,0.23968226,-0.90862656,-0.20268098
-0.132219,-0.1942295,0.24533533,-0.29373392,-0.23031808,0.23848769,-0.9144735,-0.19387805
-0.12925689,-0.22882925,0.2370909,-0.26887083,-0.21730496,0.2691529,-0.90412253,-0.19488554
-0.12653527,-0.21144152,0.22871868,-0.27624518,-0.22050081,0.2665169,-0.90047026,-0.20170437
-0.12923312,-0.21546155,0.22221181,-0.27624863,-0.21869066,0.2747875,-0.89684737,-0.2043434
-0.1326085,-0.2285934,0.22319914,-0.28700414,-0.22242923,0.27043703,-0.8966056,-0.2088637
-0.13600679,-0.22440186,0.23059677,-0.29932392,-0.22817649,0.25733992,-0.9030816,-0.20704456
-0.13833064,-0.2373429,0.24150255,-0.3035007,-0.23108394,0.24734578,-0.90857285,-0.2033501
-0.13402763,-0.2021521,0.24665044,-0.29477742,-0.22898827,0.24629588,-0.9135726,-0.19432138
-0.12984388,-0.2276952,0.23987494,-0.27302504,-0.21896797,0.2675746,-0.9053436,-0.19495225
-0.12898345,-0.23037855,0.23470119,-0.28310642,-0.22404276,0.25764212,-0.90266037,-0.20268734
-0.13304725,-0.2288102,0.23613025,-0.2938414,-0.22879441,0.24717298,-0.9059322,-0.20338966
-0.13582265,-0.23461875,0.24341643,-0.29988518,-0.23168077,0.23956786,-0.91015756,-0.20133524
-0.13374884,-0.21339361,0.24762665,-0.294618,-0.23017976,0.23981905,-0.9138763,-0.19497031
-0.13188794,-0.23734082,0.2455752,-0.28372627,-0.22532876,0.2495447,-0.909625,-0.19600575
-0.13054138,-0.22362614,0.24400087,-0.2898586,-0.22894399,0.2407821,-0.91048473,-0.19789355
-0.13390635,-0.24733599,0.24600263,-0.29453677,-0.23104933,0.23602906,-0.9106676,-0.20003703
-0.1321324,-0.20420922,0.24889614,-0.295806,-0.23236383,0.23081231,-0.91595197,-0.19397298
-0.13290706,-0.25343022,0.24715222,-0.28410718,-0.2261987,0.24492598,-0.9099554,-0.196693
-0.13179155,-0.22241764,0.24982548,-0.29971975,-0.23479879,0.22478303,-0.9151065,-0.19747773
-0.1344212,-0.2428184,0.25215304,-0.29438823,-0.23226619,0.22941494,-0.91523486,-0.19535735
-0.12945543,-0.19764067,0.2500667,-0.2868111,-0.22912377,0.234454,-0.9165278,-0.19026661
-0.12808399,-0.23934121,0.23916453,-0.2693707,-0.21925776,0.25974727,-0.9053872,-0.1953731
-0.12765254,-0.21483597,0.23358765,-0.28413573,-0.22574505,0.24914123,-0.9052034,-0.20140241
-0.1336728,-0.24403226,0.23449539,-0.29084164,-0.22735558,0.24842682,-0.9046902,-0.20440394
-0.13535044,-0.2211759,0.24332653,-0.30442235,-0.23409261,0.23285031,-0.9124129,-0.20107386
-0.13544421,-0.23075867,0.2484785,-0.2947391,-0.23005104,0.23939113,-0.9138288,-0.19571254
-0.13042156,-0.21090192,0.24673793,-0.28529698,-0.22654752,0.24505036,-0.9129771,-0.19298248
-0.13111153,-0.25094905,0.24246594,-0.28321725,-0.2253403,0.24875149,-0.90705484,-0.19948861
-0.1303727,-0.20378202,0.24249761,-0.2937992,-0.23093961,0.23551634,-0.9122995,-0.19737059
-0.13466437,-0.25959826,0.24383019,-0.2893753,-0.22776236,0.24370058,-0.90823585,-0.20058921
-0.13199419,-0.19924861,0.24842742,-0.3006827,-0.23442397,0.22679392,-0.9163148,-0.19552003
-0.13657224,-0.27590895,0.25154832,-0.29310188,-0.23044693,0.23553298,-0.91161114,-0.1991372
-0.13305834,-0.20059863,0.25942,-0.3101874,-0.24103661,0.20789002,-0.92256075,-0.19279146
-0.1323595,-0.24001865,0.25465113,-0.27917874,-0.22583428,0.23979566,-0.9158373,-0.18866773
-0.12839252,-0.23146462,0.25049987,-0.2870557,-0.2299662,0.23134288,-0.91343284,-0.19524404
-0.1304876,-0.22906181,0.24655563,-0.28837875,-0.23011847,0.23207591,-0.9131283,-0.1956983
-0.13308822,-0.24471833,0.2488631,-0.29527554,-0.23273464,0.22776483,-0.9133117,-0.19844697
-0.13118601,-0.20197496,0.24943207,-0.29258317,-0.23163271,0.22906573,-0.9170913,-0.19209974
-0.13218372,-0.25759196,0.24645106,-0.28268647,-0.22589873,0.24371694,-0.909638,-0.19716696
-0.13106121,-0.21364944,0.24845183,-0.29964483,-0.23493041,0.22319016,-0.9156691,-0.19703962
-0.12908807,-0.20116016,0.24145195,-0.27447674,-0.22185817,0.25271127,-0.9114656,-0.19028322
-0.12100666,-0.18250026,0.2217363,-0.24992418,-0.20760882,0.2933955,-0.89669627,-0.19351761
-0.123949856,-0.23486339,0.20353895,-0.25601268,-0.20700458,0.30899853,-0.87803555,-0.21306974
-0.13062589,-0.19406663,0.2023349,-0.2884519,-0.2202084,0.2882995,-0.8861511,-0.21800895
-0.12984318,-0.15374959,0.19940469,-0.2648538,-0.20588602,0.32617274,-0.8839791,-0.20562491
-0.12942608,-0.22714706,0.1908826,-0.25558832,-0.1990564,0.35317165,-0.8621141,-0.21991076
-0.13152479,-0.17637444,0.18972662,-0.2835614,-0.21235806,0.334058,-0.8711586,-0.22382112
-0.138842,-0.21999018,0.19533835,-0.28372818,-0.2100886,0.33708307,-0.8698093,-0.2237389
-0.14628348,-0.25149506,0.21682054,-0.32174933,-0.22937734,0.28955755,-0.88563824,-0.22767477
-0.15022549,-0.22425635,0.24756067,-0.3395333,-0.24194326,0.24411288,-0.9114739,-0.20853785
-0.1437883,-0.22769894,0.2665683,-0.31080687,-0.2343379,0.24319391,-0.91950697,-0.19079177
-0.13314253,-0.23663443,0.26673546,-0.28941533,-0.2292991,0.24191889,-0.91756237,-0.1881371
-0.12924428,-0.24003915,0.26010635,-0.28609216,-0.23041806,0.23277757,-0.91503227,-0.19175544
-0.12928665,-0.23020172,0.25502923,-0.287687,-0.2316684,0.22777681,-0.9148146,-0.19307524
-0.12688515,-0.20328458,0.24580696,-0.27564126,-0.22469285,0.24388224,-0.911891,-0.19056398
-0.11860671,-0.15954377,0.22093806,-0.24233457,-0.20525606,0.29677558,-0.8969002,-0.18922587
-0.12157655,-0.24472214,0.1968324,-0.24260233,-0.2001722,0.32670796,-0.8674143,-0.21501885
-0.12702028,-0.1637675,0.19059114,-0.2800359,-0.215604,0.30802247,-0.87784433,-0.22018412
-0.14270955,-0.268508,0.20056789,-0.2936937,-0.21724504,0.3062813,-0.87436974,-0.22873756
-0.14679061,-0.20949568,0.2303084,-0.3398791,-0.2412562,0.24842516,-0.9047556,-0.21739498
-0.14651814,-0.22744983,0.25207078,-0.31168336,-0.23163341,0.2557481,-0.9141744,-0.19667348
-0.13164636,-0.19551106,0.25221276,-0.2821042,-0.22226903,0.26593402,-0.9130521,-0.1882214
-0.1241841,-0.22107354,0.23321247,-0.2561682,-0.2107953,0.29127625,-0.89757276,-0.194517
-0.12503207,-0.22108936,0.22024143,-0.27049088,-0.21679915,0.2826274,-0.8907135,-0.20766464
-0.13091907,-0.21261713,0.21736394,-0.2834271,-0.22081992,0.27743983,-0.8928234,-0.20982108
-0.13709746,-0.24035192,0.22529416,-0.2968781,-0.2257842,0.2679684,-0.89639574,-0.21192208
-0.13500106,-0.1863881,0.23308904,-0.29690766,-0.22676179,0.26229137,-0.90639806,-0.20059383
-0.13303402,-0.23651204,0.23088412,-0.27448544,-0.21602087,0.28535724,-0.89760035,-0.20108034
-0.1293537,-0.20351537,0.22812597,-0.2842876,-0.22191674,0.27231538,-0.89951044,-0.20379655
-0.1335121,-0.23955643,0.22721885,-0.28425,-0.22121628,0.27382278,-0.89658904,-0.2069688
-0.12955797,-0.17146088,0.22626366,-0.28302893,-0.22093138,0.27418527,-0.90187365,-0.19979121
-0.13398455,-0.26845863,0.22322135,-0.27543363,-0.21562752,0.2886562,-0.88899356,-0.21042709
-0.13086069,-0.16569254,0.22686401,-0.29790848,-0.22793883,0.26009956,-0.9038307,-0.20391443
-0.13680825,-0.26676002,0.22762789,-0.27867967,-0.21713291,0.28374195,-0.8931997,-0.2073064
-0.13022052,-0.16489334,0.23125194,-0.2953074,-0.22719847,0.2598554,-0.905659,-0.20099656
-0.13405913,-0.25946906,0.22660002,-0.271001,-0.21412835,0.28926086,-0.8923774,-0.20481218
-0.13068028,-0.19176911,0.2297285,-0.29618979,-0.22777197,0.25914675,-0.9023853,-0.20560178
-0.13736767,-0.25849113,0.23314868,-0.28935853,-0.22367403,0.26665977,-0.8994667,-0.20636761
-0.13474558,-0.20185415,0.2429557,-0.30597496,-0.23359284,0.24027774,-0.91108906,-0.20092863
-0.1342313,-0.23168941,0.24282491,-0.28282547,-0.22301498,0.26053864,-0.9077005,-0.1956799
-0.13117485,-0.23100635,0.24279204,-0.28929123,-0.22729002,0.24975024,-0.9072472,-0.20005774
-0.13437071,-0.24243782,0.24558233,-0.29765108,-0.23197527,0.23734294,-0.9102005,-0.20092201
-0.13501175,-0.2260322,0.25250575,-0.30211323,-0.23514864,0.22699007,-0.9159521,-0.19635569
-0.13263258,-0.22432835,0.25277105,-0.28875396,-0.22937055,0.2368242,-0.9155182,-0.19179335
-0.12697606,-0.20665713,0.24357882,-0.2736287,-0.22209267,0.25310567,-0.910301,-0.19123998
-0.12901571,-0.25421545,0.23528458,-0.27722296,-0.22236103,0.25683975,-0.90149444,-0.2027614
-0.13243422,-0.21654513,0.2388796,-0.30168185,-0.23401995,0.23206438,-0.91001445,-0.2030596
-0.12869011,-0.16972335,0.23312868,-0.27129385,-0.21806623,0.26801723,-0.90823793,-0.1902447
-0.1252811,-0.23926182,0.21727277,-0.25271684,-0.20635164,0.30421373,-0.8865976,-0.20363508
-0.12638833,-0.19152924,0.20921141,-0.27898052,-0.21818389,0.2865291,-0.8892679,-0.21182951
-0.1283664,-0.1780128,0.20141125,-0.26256222,-0.20692201,0.31825408,-0.8831073,-0.20710589
-0.12839954,-0.20839657,0.19372462,-0.26058325,-0.20333222,0.33900282,-0.86943185,-0.21713604
-0.13137111,-0.18985453,0.19112101,-0.27708206,-0.20986842,0.33404732,-0.8711733,-0.22172226
-0.13478738,-0.19471058,0.1929248,-0.27741164,-0.20811546,0.34092563,-0.870743,-0.22036448
-0.13655265,-0.20750813,0.19806574,-0.28402895,-0.21093957,0.33705068,-0.87200785,-0.221844
-0.13938493,-0.21511285,0.20731518,-0.2959726,-0.21737473,0.31920034,-0.8796943,-0.22061194
-0.1462075,-0.25696713,0.22746828,-0.3189855,-0.2301969,0.27987364,-0.89243233,-0.22049698
-0.14281732,-0.1893471,0.24828841,-0.32066983,-0.23579884,0.25056738,-0.91305697,-0.19968632
-0.13754329,-0.24937864,0.25246212,-0.28482562,-0.22217299,0.27015722,-0.907631,-0.19426411
-0.12500754,-0.17133988,0.24254343,-0.27447817,-0.22054733,0.26731268,-0.9080317,-0.19063467
-0.12537958,-0.24523775,0.22329801,-0.252846,-0.20803942,0.29939276,-0.88752097,-0.20191455
-0.127281,-0.20343886,0.2177651,-0.2840202,-0.22233887,0.27400833,-0.89180124,-0.21132638
-0.13630842,-0.23805548,0.22155043,-0.29090485,-0.22310543,0.2738432,-0.8937432,-0.211537
-0.13589585,-0.20139505,0.23154208,-0.30001807,-0.22786509,0.26179194,-0.9036364,-0.20476876
-0.13605951,-0.23756158,0.23548378,-0.28761697,-0.2224984,0.27097413,-0.9019086,-0.2023104
-0.13439831,-0.22738029,0.24108794,-0.2984984,-0.22971958,0.25100347,-0.90689176,-0.202818
-0.13490918,-0.22723496,0.24504438,-0.29504237,-0.22943251,0.24691556,-0.9101646,-0.19837329
-0.1307304,-0.20769906,0.24324352,-0.2831817,-0.2246341,0.25464323,-0.90965754,-0.19423036
-0.12906276,-0.23289561,0.23570862,-0.27443275,-0.21999498,0.26647857,-0.902178,-0.19900909
-0.13167334,-0.23610616,0.23540199,-0.2922175,-0.22841862,0.24909298,-0.9038098,-0.20526333
-0.13425969,-0.21560267,0.24008897,-0.2969099,-0.23055862,0.24289046,-0.9098306,-0.19998042
-0.13735867,-0.26076362,0.24807626,-0.29977086,-0.23209472,0.23828638,-0.9102704,-0.20184456
-0.13253199,-0.18702678,0.25269443,-0.2997297,-0.23426117,0.22782685,-0.9190599,-0.19122997
-0.13196291,-0.25938454,0.24672504,-0.27453214,-0.22155638,0.25585124,-0.9077746,-0.1947218
-0.12744056,-0.19846424,0.24291411,-0.28905928,-0.2295534,0.23763454,-0.9115637,-0.19643758
-0.13267411,-0.25740275,0.23915309,-0.2818874,-0.22445488,0.25135034,-0.9049735,-0.20076746
-0.13154791,-0.20455402,0.24313311,-0.29932415,-0.2332259,0.23176113,-0.91266674,-0.19897546
-0.1309839,-0.21656202,0.2384649,-0.2761284,-0.22105987,0.25958663,-0.9078203,-0.19402824
-0.12790921,-0.22244073,0.2318298,-0.2755703,-0.2200368,0.26604453,-0.9016031,-0.20049958
-0.13090144,-0.22879578,0.22883315,-0.2858471,-0.2241479,0.2598451,-0.90102464,-0.20524389
-0.13572894,-0.23651981,0.23571691,-0.30045536,-0.23066431,0.24564674,-0.90592295,-0.20603506
-0.13164866,-0.17534624,0.23756398,-0.2869744,-0.22471738,0.25628248,-0.9109209,-0.1935689
-0.13226153,-0.26894015,0.23246735,-0.2730259,-0.2168946,0.27653453,-0.89660287,-0.20408858
-0.12994692,-0.18461138,0.23390092,-0.2984131,-0.23070146,0.24458297,-0.9080298,-0.20218061
-0.13635024,-0.2619975,0.23571563,-0.2851484,-0.22293127,0.26195896,-0.90181595,-0.20362745
-0.13488607,-0.21554467,0.24616008,-0.3101533,-0.236731,0.22890408,-0.9131419,-0.20193698
-0.13417447,-0.2160703,0.2473562,-0.28728965,-0.22658457,0.24766837,-0.91336286,-0.19223146
-0.13102865,-0.24382511,0.24524337,-0.2838012,-0.22529896,0.25016907,-0.9080204,-0.19798908
-0.13061534,-0.21636634,0.2436499,-0.29201376,-0.23011796,0.2381958,-0.91129524,-0.19769828
-0.12864585,-0.20242897,0.23696409,-0.274541,-0.220747,0.25977316,-0.9073549,-0.19377573
-0.12518692,-0.21004094,0.22393368,-0.2623072,-0.212936,0.28408566,-0.896215,-0.19924428
-0.12674099,-0.21493238,0.2137557,-0.27043384,-0.21480358,0.28848463,-0.889508,-0.20854253
-0.13359748,-0.22975028,0.21525547,-0.28992394,-0.22213337,0.27691683,-0.8915042,-0.21445887
-0.1402776,-0.23487642,0.230014,-0.3113847,-0.23207688,0.2534196,-0.9025854,-0.21186487
-0.13932039,-0.2083061,0.24436557,-0.30674353,-0.23181203,0.24709208,-0.9126608,-0.19873129
-0.13737185,-0.25635156,0.2513718,-0.29534602,-0.22866356,0.24860321,-0.9108425,-0.19828594
-0.13322645,-0.21566585,0.25594643,-0.3024248,-0.2353697,0.22647727,-0.91766644,-0.19432941
-0.13268922,-0.24030122,0.25405297,-0.28610817,-0.22846302,0.23842366,-0.9143765,-0.19233277
-0.13033967,-0.23044842,0.25246486,-0.29083538,-0.23145029,0.23020746,-0.9144084,-0.19485874
-0.13206296,-0.23943573,0.25143442,-0.29186136,-0.23196912,0.22885692,-0.91430277,-0.19560294
-0.12919159,-0.20157653,0.24805184,-0.28529334,-0.22861193,0.23549457,-0.9150472,-0.19133805
-0.1286511,-0.239859,0.2389921,-0.27232128,-0.22065169,0.25693133,-0.9053987,-0.19653614
-0.12870537,-0.21651971,0.2351822,-0.28685594,-0.22706223,0.24610302,-0.90633714,-0.20124562
-0.13462138,-0.2481411,0.23786111,-0.29388416,-0.22912437,0.24366876,-0.90655595,-0.20384255
-0.13119467,-0.17997696,0.24051936,-0.29185086,-0.22852178,0.24356475,-0.91307956,-0.19437636
-0.13120008,-0.25225314,0.23388402,-0.27070567,-0.21687305,0.2724266,-0.90035856,-0.19968249
-0.13023683,-0.21263966,0.2344334,-0.29518005,-0.22948982,0.24581465,-0.9060438,-0.20413879
-0.13705458,-0.25199243,0.24026495,-0.2979716,-0.23022942,0.2436984,-0.90759754,-0.20373216
-0.1292611,-0.1532949,0.24058211,-0.2860708,-0.22559899,0.25065777,-0.91396475,-0.19014062
-0.12926112,-0.2689219,0.22715436,-0.2575972,-0.20954458,0.29135525,-0.89157593,-0.20202745
-0.12885755,-0.19802329,0.22705656,-0.29778275,-0.23001234,0.24922284,-0.90219194,-0.20849629
-0.1363102,-0.23667175,0.2302808,-0.28828704,-0.2235528,0.26354417,-0.9017292,-0.20404151
-0.13057706,-0.18326965,0.23225558,-0.28567016,-0.22276893,0.2656457,-0.9053926,-0.19835009
-0.13305752,-0.25945416,0.22840312,-0.27721995,-0.21783431,0.27867666,-0.8951861,-0.2063126
-0.12976184,-0.17366223,0.2294115,-0.29270554,-0.22651702,0.2582256,-0.9051412,-0.20157899
-0.13286583,-0.24556302,0.2249445,-0.2712931,-0.21438761,0.28692532,-0.8937709,-0.20402813
-0.13287626,-0.22018622,0.22994235,-0.29921466,-0.2287387,0.25654253,-0.9010678,-0.2091651
-0.14013065,-0.25138816,0.24128917,-0.30763087,-0.23312776,0.24318753,-0.9077184,-0.20603065
-0.13544789,-0.19063675,0.25139463,-0.3030521,-0.23336348,0.23540805,-0.9173295,-0.19302689
-0.13407324,-0.2640632,0.24950583,-0.28125995,-0.22360969,0.2546218,-0.90844685,-0.19604096
-0.12680675,-0.17743613,0.24489112,-0.2872462,-0.22855869,0.24012412,-0.9135148,-0.19257346
-0.12945423,-0.25538018,0.2334185,-0.26578468,-0.21593376,0.27172816,-0.8988615,-0.19928141
-0.13024507,-0.21810034,0.23469009,-0.29723793,-0.23123097,0.24101964,-0.90540665,-0.2058429
-0.13276514,-0.2053626,0.23457472,-0.285205,-0.22424108,0.25659502,-0.90717393,-0.1974843
-0.13068765,-0.22896528,0.23201708,-0.2776041,-0.21966626,0.26994026,-0.90091705,-0.20109421
-0.13181849,-0.2272563,0.23160534,-0.2900445,-0.22572961,0.2578293,-0.90246254,-0.20503098
-0.13734132,-0.24752593,0.24029414,-0.3043415,-0.23277783,0.2408299,-0.907611,-0.20587966
-0.13324353,-0.17936079,0.24568933,-0.29556742,-0.22997728,0.24178165,-0.9155946,-0.19230397
-0.12034212,-0.15588102,0.22125654,-0.23597154,-0.19955692,0.31555632,-0.89630675,-0.18526965
-0.11990133,-0.24667236,0.19429544,-0.23771055,-0.19657758,0.341948,-0.8614139,-0.21683465
-0.13001895,-0.18902184,0.19015746,-0.2907649,-0.2199569,0.30242738,-0.8753855,-0.22739537
-0.14621638,-0.2537256,0.20857292,-0.31007233,-0.22494912,0.28903982,-0.8843859,-0.2259935
-0.14772858,-0.21489581,0.23961248,-0.33510065,-0.23951583,0.24800429,-0.90896153,-0.21076813
-0.13551751,-0.15866792,0.24395207,-0.28199294,-0.21870203,0.2821362,-0.9124699,-0.18575567
-0.12703313,-0.26216796,0.22828767,-0.2526268,-0.20534523,0.31305987,-0.88662446,-0.20184016
-0.124411836,-0.17340453,0.217624,-0.28035775,-0.22036836,0.28067982,-0.8935535,-0.20721482
-0.13153744,-0.23192179,0.2108616,-0.2672399,-0.21055856,0.30536473,-0.8825273,-0.21043123
-0.13241248,-0.20340635,0.21433829,-0.29028368,-0.22109771,0.28783587,-0.88924295,-0.21395667
-0.13729917,-0.22710419,0.22006929,-0.2912693,-0.22077836,0.28715104,-0.89229,-0.21117698
-0.1433622,-0.26667172,0.2389896,-0.31968784,-0.2358252,0.24868627,-0.90263534,-0.21474823
-0.14348538,-0.21028654,0.2617092,-0.32944733,-0.24484539,0.21621217,-0.92221206,-0.19640863
-0.13652302,-0.22993198,0.26585424,-0.28905523,-0.22893019,0.24090482,-0.9201981,-0.1850784
-0.12803656,-0.23712118,0.25806147,-0.2801985,-0.22692823,0.24047484,-0.914181,-0.190541
-0.12663463,-0.21935388,0.24736823,-0.27926448,-0.22687294,0.23962793,-0.9114534,-0.19324243
-0.12825282,-0.23070784,0.23960608,-0.27772066,-0.22432353,0.24840668,-0.90642,-0.19764815
-0.1303288,-0.22695598,0.23733874,-0.2872612,-0.22753334,0.24486333,-0.9065869,-0.20099871
-0.13335365,-0.23152435,0.2397635,-0.2933057,-0.22957242,0.24213016,-0.90857327,-0.20104964
-0.13454449,-0.2305559,0.24503288,-0.29745314,-0.23162554,0.23702163,-0.91187865,-0.19913049
-0.13278772,-0.21823218,0.24676986,-0.29088783,-0.22908634,0.24078768,-0.91333055,-0.19477595
-0.12922098,-0.21660636,0.24104089,-0.2774353,-0.22253275,0.255486,-0.9087309,-0.19425087
-0.12793125,-0.2244986,0.23289256,-0.27520055,-0.22059664,0.26293716,-0.902674,-0.19964111
-0.12981825,-0.22109757,0.22907645,-0.28335953,-0.22345905,0.25996205,-0.9016373,-0.20364021
-0.13257621,-0.22230189,0.23012806,-0.2885793,-0.22484621,0.2589258,-0.902746,-0.20404392
-0.13340656,-0.2200898,0.23304714,-0.2901147,-0.22525959,0.2586922,-0.90451473,-0.2024748
-0.12999967,-0.19504192,0.23015542,-0.27852857,-0.21966761,0.27173525,-0.9034912,-0.19789848
-0.1302301,-0.2383945,0.22422539,-0.27362362,-0.216275,0.28304988,-0.8942227,-0.2055981
-0.13114488,-0.20493746,0.22447856,-0.29055092,-0.2244887,0.26615718,-0.899559,-0.20692687
-0.13508546,-0.232343,0.22759709,-0.28796113,-0.22228488,0.270965,-0.8989951,-0.20610191
-0.13256128,-0.19957836,0.23087345,-0.28983027,-0.2238515,0.2665106,-0.90341824,-0.20192301
-0.13397379,-0.24260381,0.23115212,-0.28398162,-0.22098018,0.272583,-0.8990402,-0.2047257
-0.13445114,-0.22190084,0.23744713,-0.30136284,-0.23066127,0.24835432,-0.90640444,-0.20475572
-0.13503225,-0.21992113,0.24178155,-0.29279673,-0.22736631,0.2519006,-0.9092526,-0.19808942
-0.13210694,-0.22563086,0.24198031,-0.2858859,-0.22484054,0.25563526,-0.90756255,-0.1977709
-0.132132,-0.23518242,0.24143404,-0.2896336,-0.22732346,0.24900956,-0.9072222,-0.20045301
-0.13210627,-0.21674259,0.2423851,-0.29175928,-0.22884548,0.24385253,-0.9101118,-0.19803448
-0.13338438,-0.24190661,0.2434683,-0.28947315,-0.22758195,0.24629094,-0.90847474,-0.1994144
-0.13166781,-0.21161859,0.24479516,-0.2930419,-0.23005956,0.23917127,-0.91221225,-0.19660273
-0.13016696,-0.22078198,0.23971516,-0.27766046,-0.22214818,0.2571945,-0.90749675,-0.19523391
-0.12802507,-0.21788026,0.23297597,-0.27691108,-0.22113776,0.26257312,-0.902969,-0.19959216
-0.13338147,-0.25272962,0.23350802,-0.29226217,-0.22758521,0.25091988,-0.90212363,-0.20749545
-0.13582203,-0.2106379,0.24333726,-0.30792257,-0.23570298,0.23065579,-0.9133281,-0.2008031
-0.13564518,-0.23409693,0.24788257,-0.29057518,-0.22767389,0.24579515,-0.912401,-0.19513096
-0.13027282,-0.21473765,0.2463008,-0.28642765,-0.22695605,0.24551207,-0.9119177,-0.1944717
-0.13189963,-0.2505554,0.24338864,-0.28629822,-0.22690947,0.24586263,-0.9078031,-0.19978221
-0.13096844,-0.20433873,0.24447702,-0.29468876,-0.23153266,0.23414014,-0.9132666,-0.19654097
-0.13104476,-0.23067345,0.24007522,-0.27776772,-0.22227217,0.25586492,-0.9073548,-0.19583374
-0.13011579,-0.22829007,0.23805226,-0.28709364,-0.22657639,0.2485681,-0.906391,-0.20104907
-0.13202211,-0.22099791,0.23777117,-0.2897046,-0.22743475,0.24720256,-0.9080389,-0.19984275
-0.13339433,-0.23443694,0.24014522,-0.29104403,-0.22767395,0.2471532,-0.90793043,-0.20061423
-0.1317767,-0.2097798,0.24105796,-0.29017168,-0.22766289,0.2462439,-0.91048586,-0.19707412
-0.13289754,-0.24556318,0.24058306,-0.28623676,-0.2254858,0.25165465,-0.9065735,-0.20030484
-0.13149774,-0.20866589,0.24218093,-0.29436213,-0.23017362,0.23988385,-0.9113894,-0.19809255
-0.13272382,-0.23779278,0.24104932,-0.2843323,-0.22487237,0.25186932,-0.90769035,-0.19814813
-0.1312848,-0.219535,0.24177289,-0.29175913,-0.22888185,0.24277008,-0.9098019,-0.19902012
-0.1327614,-0.23303264,0.24170747,-0.28863502,-0.22722054,0.24639952,-0.90896857,-0.19867213
-0.13329645,-0.23302792,0.24503414,-0.29584658,-0.23103808,0.23730984,-0.9111287,-0.19959225
-0.13376844,-0.22724405,0.24838223,-0.29597986,-0.2317284,0.23398896,-0.9139355,-0.19652377
-0.13110387,-0.21620904,0.24695148,-0.28586137,-0.22720943,0.24250121,-0.9130638,-0.1933062
-0.13152465,-0.24923846,0.24444948,-0.28601512,-0.22705032,0.24395731,-0.90863544,-0.19906017
-0.13043721,-0.20340422,0.24417464,-0.2930512,-0.23092487,0.23436476,-0.9133643,-0.19598018
-0.13214523,-0.24407025,0.2415146,-0.2817554,-0.22432539,0.25057077,-0.90757245,-0.19784799
-0.13007708,-0.20952934,0.24103765,-0.2908114,-0.22896087,0.2409371,-0.9104936,-0.19808146
-0.13178258,-0.23404734,0.23819925,-0.2824813,-0.22403339,0.25337446,-0.9066296,-0.19866157
-0.1303979,-0.21351625,0.23744753,-0.28788528,-0.22653283,0.24905808,-0.9077138,-0.19944577
-0.13273889,-0.23788622,0.23692776,-0.28703642,-0.22544342,0.25280163,-0.9056074,-0.20142432
-0.13393243,-0.22804679,0.24206452,-0.29910672,-0.23168573,0.23840712,-0.91020286,-0.20149703
-0.119620994,-0.07948962,0.2222179,-0.2471563,-0.20591147,0.2988133,-0.90600526,-0.18039098
-0.120042935,-0.28120995,0.18757667,-0.21509902,-0.18327728,0.36170644,-0.8449315,-0.21678644
-0.12724534,-0.16100974,0.18333043,-0.2947389,-0.2223934,0.30481678,-0.8704844,-0.23256502
-0.14924924,-0.26822248,0.20113192,-0.30686876,-0.2212773,0.30203965,-0.8760185,-0.23097655
-0.15056355,-0.21235584,0.2390151,-0.34819594,-0.24383438,0.24456678,-0.9082478,-0.21532
-0.14548051,-0.21491398,0.25812542,-0.308178,-0.23050475,0.25707987,-0.9172622,-0.19108915
-0.13228793,-0.23296416,0.25732744,-0.28214663,-0.22302827,0.26249784,-0.9116861,-0.19060099
-0.1278642,-0.22930908,0.24801694,-0.280696,-0.22508743,0.2519019,-0.9083536,-0.19548497
-0.12953201,-0.23033679,0.24282776,-0.28442845,-0.2269128,0.2464321,-0.9070398,-0.19872771
-0.13182183,-0.23053718,0.24271673,-0.29057014,-0.22920085,0.24178542,-0.9084236,-0.19975615
-0.13470319,-0.24247077,0.24751474,-0.29851422,-0.2329018,0.23335849,-0.9113739,-0.20016465
-0.13596568,-0.2356198,0.25556117,-0.3053292,-0.23720153,0.22122617,-0.91734886,-0.19654599
-0.13439853,-0.22987619,0.2597827,-0.29755026,-0.23476021,0.22276694,-0.9196902,-0.19117321
-0.12855576,-0.20933683,0.2530824,-0.279417,-0.22655189,0.23852947,-0.9163996,-0.18777344
-0.12639591,-0.23625796,0.24053179,-0.26976776,-0.22064137,0.2551464,-0.9060057,-0.19533607
-0.12833291,-0.22455959,0.23487543,-0.2851865,-0.22694483,0.24516195,-0.90553945,-0.20190416
-0.13509558,-0.24779832,0.23950364,-0.2985343,-0.23200247,0.23658086,-0.90810853,-0.20440747
-0.13696499,-0.22439414,0.2509967,-0.30945706,-0.23780428,0.22184564,-0.91709214,-0.19825211
-0.13756447,-0.25013226,0.25963485,-0.30252302,-0.2358095,0.22311944,-0.9189468,-0.19425268
-0.13353229,-0.22468711,0.26418838,-0.3016487,-0.23767838,0.21384372,-0.92279077,-0.18994382
-0.13359964,-0.2585371,0.2642049,-0.29386994,-0.23495959,0.21762519,-0.920153,-0.19121769
-0.13312176,-0.24108365,0.26837382,-0.3062082,-0.2423731,0.19911748,-0.92436695,-0.19146101
-0.1319032,-0.22469822,0.2670593,-0.29340887,-0.2366348,0.20891988,-0.9249708,-0.18541867
-0.12652299,-0.21891534,0.25592145,-0.2741184,-0.22626169,0.23182194,-0.9178433,-0.18589249
-0.12538354,-0.23518987,0.24245907,-0.27232614,-0.22346395,0.24311556,-0.90880406,-0.19494164
-0.12988782,-0.23741806,0.23918849,-0.2907525,-0.23069532,0.23221593,-0.90889436,-0.20198482
-0.13216981,-0.20802815,0.24133545,-0.29351276,-0.23072323,0.23395349,-0.9131033,-0.19688864
-0.13097116,-0.22444601,0.2386457,-0.27948573,-0.22265819,0.2544464,-0.90811485,-0.19615462
-0.12942223,-0.22186023,0.2347342,-0.28282228,-0.22386837,0.25476745,-0.9055751,-0.20020427
-0.13215406,-0.23169476,0.23435234,-0.28925377,-0.22634348,0.2510778,-0.90536165,-0.20290545
-0.13351732,-0.22006564,0.23837349,-0.2951719,-0.22908275,0.24483594,-0.9090132,-0.20092921
-0.13480696,-0.23678747,0.24286585,-0.2945578,-0.22901845,0.24419864,-0.90986174,-0.20000345
-0.12909,-0.18085077,0.23994836,-0.28234532,-0.22397925,0.25349313,-0.91151464,-0.19222581
-0.12542243,-0.22070575,0.22418363,-0.25546548,-0.20911632,0.29249987,-0.8948505,-0.19749653
-0.12526888,-0.2084079,0.2131922,-0.2709523,-0.21521375,0.28819415,-0.88928455,-0.2091925
-0.13287777,-0.22617851,0.21232063,-0.2854815,-0.2196893,0.28300917,-0.8895723,-0.21413681
-0.13161294,-0.1683223,0.21476047,-0.2831626,-0.21756203,0.29039636,-0.8954982,-0.20492135
-0.13341531,-0.24442737,0.21222174,-0.27108702,-0.21018209,0.31071606,-0.88269603,-0.21220699
-0.13536647,-0.2133508,0.21987765,-0.3038866,-0.22719948,0.27301282,-0.894702,-0.21529254
-0.14070585,-0.23153827,0.23236892,-0.30366257,-0.22763246,0.26566505,-0.90222573,-0.20742439
-0.13671587,-0.21146259,0.24258976,-0.29941317,-0.22810675,0.2576693,-0.9087059,-0.1995036
-0.13474648,-0.24188189,0.24468145,-0.2893542,-0.22535366,0.25866258,-0.906885,-0.19908464
-0.13270211,-0.22333118,0.24718352,-0.29614806,-0.23079509,0.24151924,-0.91094035,-0.19847704
-0.13249639,-0.22722755,0.24660867,-0.28797787,-0.22756207,0.24567139,-0.9107264,-0.19576138
-0.1282855,-0.20415547,0.24065521,-0.27784786,-0.222778,0.25590086,-0.9082681,-0.19404231
-0.12824985,-0.23447566,0.23142742,-0.27210736,-0.21864568,0.26899734,-0.8995347,-0.20088385
-0.12989822,-0.21535324,0.22900183,-0.28708977,-0.2251369,0.25769737,-0.9015689,-0.20471688
-0.13473237,-0.23636208,0.23236895,-0.29210955,-0.2263529,0.25625187,-0.902805,-0.20526703
-0.13414851,-0.21011865,0.23836702,-0.29641476,-0.228897,0.24922329,-0.90865123,-0.20041056
-0.12879455,-0.18977182,0.23177586,-0.27042162,-0.21630628,0.2774673,-0.9040426,-0.19367746
-0.12918322,-0.25355527,0.22335722,-0.27084756,-0.21529791,0.28534552,-0.8909233,-0.20807202
-0.13240945,-0.2046161,0.22632663,-0.3001229,-0.22965449,0.25372323,-0.9019691,-0.2087385
-0.13718493,-0.23331103,0.23316851,-0.29239392,-0.22502531,0.26250035,-0.90320444,-0.20371883
-0.13253312,-0.20066206,0.2367603,-0.28985748,-0.22494869,0.26082975,-0.9068441,-0.19880676
-0.13367426,-0.25117165,0.23591423,-0.28415713,-0.2225031,0.26569563,-0.9014921,-0.20325376
-0.13252415,-0.20699465,0.23983397,-0.29864994,-0.23091184,0.2438362,-0.9092773,-0.2009792
-0.13247,-0.2223202,0.23811278,-0.28068003,-0.22204903,0.26223388,-0.90607285,-0.19680096
-0.12914021,-0.21674174,0.23388958,-0.27942458,-0.22145025,0.26505145,-0.90285724,-0.19992003
-0.13174644,-0.23651813,0.2316285,-0.28567016,-0.22393276,0.26107,-0.90101653,-0.20474799
-0.13495089,-0.22854877,0.23794602,-0.30074614,-0.231291,0.2437918,-0.90722483,-0.20440641
-0.13662922,-0.23037834,0.24611479,-0.30052572,-0.23185073,0.2395091,-0.9120547,-0.19910991
-0.13527001,-0.2352604,0.2521923,-0.29825658,-0.23223886,0.23492958,-0.9145052,-0.19629936
-0.13157414,-0.21528408,0.25166047,-0.2895896,-0.22956029,0.23706909,-0.9154781,-0.19203207
-0.1314712,-0.25046015,0.24852791,-0.285152,-0.22751498,0.24135527,-0.9104505,-0.19683068
-0.12915161,-0.20061433,0.24595152,-0.28977308,-0.23026888,0.23405758,-0.91399604,-0.19413462
-0.13071655,-0.24443075,0.2401972,-0.27708682,-0.222589,0.2536535,-0.90618926,-0.19747615
-0.13001989,-0.2161509,0.23947725,-0.29144785,-0.2293864,0.2404029,-0.9090734,-0.20011067
-0.13215391,-0.22638409,0.23818102,-0.28536034,-0.22551656,0.2503382,-0.90771586,-0.19851044
-0.13287903,-0.23573436,0.24052729,-0.29253992,-0.22869606,0.244379,-0.90809375,-0.20141163
-0.13230412,-0.21042939,0.2419781,-0.29190207,-0.2288067,0.24300383,-0.9115035,-0.19685203
-0.13295205,-0.24399619,0.24190445,-0.2862609,-0.22576074,0.25009874,-0.9076536,-0.19929707
-0.13152644,-0.21324754,0.24327786,-0.2941872,-0.23037818,0.23870833,-0.9117103,-0.19795759
-0.13364673,-0.24415864,0.2439788,-0.28910187,-0.22766873,0.24453957,-0.90943664,-0.1987383
-0.13033696,-0.20023052,0.24379987,-0.2899424,-0.22872984,0.24079104,-0.91272306,-0.1949411
-0.13226171,-0.25371334,0.24056621,-0.28164533,-0.22386046,0.25328794,-0.9056975,-0.19978493
-0.13192591,-0.21505341,0.24393752,-0.29995757,-0.23347732,0.23129247,-0.9123849,-0.19986348
-0.13376534,-0.2317501,0.24497862,-0.28868702,-0.22771874,0.24332498,-0.91146576,-0.19607256
-0.13178785,-0.22825336,0.24600223,-0.29099214,-0.22919361,0.2396699,-0.9115798,-0.19729108
-0.13227347,-0.23139957,0.24579777,-0.2909222,-0.22946265,0.23850362,-0.91182375,-0.19713527
-0.13170825,-0.22381464,0.24591634,-0.29029882,-0.22929648,0.2381807,-0.9123588,-0.19622348
-0.1282308,-0.20080088,0.23932813,-0.2766833,-0.222307,0.2544963,-0.90939,-0.19309314
-0.12955192,-0.24969085,0.23234524,-0.27611348,-0.220478,0.26332527,-0.9000775,-0.20312919
-0.13168722,-0.21102495,0.23446105,-0.29774413,-0.23083985,0.24158575,-0.9074461,-0.20371474
-0.13622648,-0.24210908,0.24006297,-0.29442048,-0.22843099,0.24686746,-0.9080336,-0.20154493
-0.13332221,-0.20926066,0.2453757,-0.2969975,-0.23077774,0.23932555,-0.9132038,-0.19677256
-0.13442078,-0.25269935,0.2466537,-0.28977394,-0.22777255,0.24489035,-0.90990955,-0.1985024
-0.13037944,-0.1965036,0.24714562,-0.2932413,-0.23085289,0.23487155,-0.91493547,-0.19392364
-0.13202283,-0.25429076,0.24272813,-0.27930477,-0.22328895,0.25284573,-0.9067418,-0.1978343
-0.12846047,-0.19284576,0.2406593,-0.28961316,-0.22883125,0.24041067,-0.91123974,-0.19653255
-0.1318084,-0.24986833,0.23568071,-0.27738738,-0.22123274,0.26019564,-0.9029631,-0.20038526
-0.13088591,-0.20894392,0.23770855,-0.2954264,-0.23018377,0.24148543,-0.9086594,-0.20148262
-0.13656186,-0.25737834,0.24244095,-0.29573655,-0.22972365,0.24277078,-0.90817356,-0.20261332
-0.13346356,-0.19741707,0.24965085,-0.30276388,-0.2346683,0.22806065,-0.91703993,-0.19492492
-0.13507675,-0.26394936,0.2501987,-0.28701723,-0.22715177,0.24367441,-0.910973,-0.19667827
-0.12912643,-0.18786725,0.25003004,-0.29417473,-0.23241411,0.2286133,-0.91707444,-0.19224064
-0.132091,-0.26501417,0.24388735,-0.2769875,-0.22279285,0.25176707,-0.90660703,-0.19755396
-0.1276166,-0.18234932,0.24192528,-0.29118216,-0.23035812,0.23494877,-0.9129708,-0.19547044
-0.12823573,-0.22708051,0.22982198,-0.262593,-0.21395233,0.27592248,-0.90025914,-0.1960702
-0.127912,-0.22391848,0.22482131,-0.2810706,-0.22180615,0.26588097,-0.8973316,-0.20708768
-0.13456571,-0.23085056,0.22787343,-0.2957479,-0.22756834,0.254986,-0.9017803,-0.20805334
-0.13800773,-0.23127924,0.23987487,-0.30586192,-0.23253947,0.24231619,-0.9090976,-0.2041733
-0.13698873,-0.22485986,0.2492566,-0.30179116,-0.2322032,0.23841977,-0.9144237,-0.1969196
-0.13271976,-0.22247379,0.25012946,-0.2885801,-0.22762495,0.24445544,-0.91371185,-0.19310631
-0.12965116,-0.22811805,0.24496743,-0.28163466,-0.22498259,0.24896352,-0.90974534,-0.1953047
-0.1311662,-0.24008484,0.24299479,-0.2895356,-0.22882172,0.2409522,-0.9086288,-0.20023452
-0.11305323,-0.018184714,0.21314128,-0.2320426,-0.19913445,0.3149301,-0.9033767,-0.17566814
-0.11086343,-0.25281057,0.15982242,-0.17578295,-0.16011235,0.3994366,-0.80274457,-0.21748687
-0.1172441,-0.094123185,0.1419881,-0.24861628,-0.19783211,0.4106809,-0.81713533,-0.2442959
-0.1460785,-0.24227023,0.14181416,-0.27212143,-0.19467469,0.4025053,-0.79530025,-0.26570186
-0.17229977,-0.26943564,0.19270495,-0.3894154,-0.24878849,0.30802852,-0.8601364,-0.26952216
-0.17671935,-0.18286696,0.26055634,-0.39742747,-0.25626385,0.2505068,-0.9197975,-0.20838152
-0.15277626,-0.23534574,0.28661752,-0.306545,-0.22674307,0.2795591,-0.9227772,-0.1788923
-0.12866843,-0.24047004,0.27743542,-0.27952874,-0.22436672,0.25978616,-0.9161231,-0.1840817
-0.12425058,-0.23212986,0.26031065,-0.27386814,-0.22584613,0.24508283,-0.91107446,-0.19010761
-0.12722574,-0.241511,0.25088853,-0.28055155,-0.22833315,0.23841952,-0.9080857,-0.19682345
-0.1281103,-0.20845212,0.24542983,-0.28376275,-0.22862303,0.23891242,-0.91022575,-0.19498767
-0.12935954,-0.23384446,0.23862152,-0.2756116,-0.22238131,0.2564373,-0.9042219,-0.19786069
-0.12987967,-0.22230373,0.23616284,-0.28660887,-0.22684823,0.24983564,-0.90502274,-0.20154573
-0.13307133,-0.23136811,0.23703639,-0.2899743,-0.22745746,0.2497632,-0.9060025,-0.20169935
-0.13448244,-0.23164144,0.24230067,-0.29697153,-0.23087424,0.24183862,-0.90944564,-0.20102994
-0.13551958,-0.23563309,0.24844928,-0.29942155,-0.23279953,0.23520526,-0.9130946,-0.19842276
-0.13258518,-0.2140318,0.25029755,-0.2917688,-0.23032841,0.23738773,-0.91525114,-0.19296077
-0.12994854,-0.23149751,0.24465054,-0.27844423,-0.22382393,0.25149408,-0.9094475,-0.19440548
-0.12832424,-0.21910742,0.23877746,-0.2817631,-0.22531399,0.24988444,-0.9073221,-0.19802156
-0.13344343,-0.25388914,0.23950979,-0.29268456,-0.22956246,0.24245016,-0.90627486,-0.20411296
-0.131964,-0.18696484,0.24321195,-0.29631564,-0.23174027,0.23574981,-0.9145229,-0.19504382
-0.13191693,-0.2482063,0.23852143,-0.27397573,-0.2196069,0.26439178,-0.9042317,-0.19741672
-0.13026877,-0.21984047,0.238431,-0.29311618,-0.22951026,0.24344663,-0.90775704,-0.20197484
-0.13606828,-0.25082225,0.24302126,-0.29751438,-0.23120835,0.23906241,-0.90940255,-0.20214806
-0.13430473,-0.20834164,0.2507564,-0.3027185,-0.2348274,0.22744566,-0.91694057,-0.19532049
-0.1343244,-0.25074154,0.25157306,-0.28839684,-0.22830074,0.24021703,-0.9130561,-0.19490673
-0.13026541,-0.2109664,0.25137278,-0.2934016,-0.23213838,0.22914313,-0.91613847,-0.19356626
-0.1323274,-0.252013,0.2485275,-0.2857158,-0.22798227,0.23873611,-0.9113865,-0.19635463
-0.1291021,-0.19798951,0.24691714,-0.29045004,-0.23070015,0.2318813,-0.9149704,-0.1935342
-0.13080634,-0.24778621,0.2407228,-0.2769226,-0.22258656,0.2526807,-0.9065751,-0.19732358
-0.12888804,-0.20451097,0.2387834,-0.289389,-0.22856148,0.24124277,-0.9096495,-0.19859481
-0.13263431,-0.24383153,0.23671885,-0.28370786,-0.22435217,0.25308856,-0.9052713,-0.20082438
-0.13327108,-0.22407213,0.24191965,-0.299965,-0.23246248,0.23551933,-0.91068983,-0.20159368
-0.13791175,-0.25491658,0.2507296,-0.30473754,-0.235176,0.22803833,-0.9140703,-0.20032842
-0.13304201,-0.19208963,0.25621468,-0.2995776,-0.23467995,0.22368638,-0.9210425,-0.18954366
-0.13184585,-0.26126468,0.2504854,-0.27719998,-0.2235966,0.24807516,-0.9105663,-0.19372717
-0.124730624,-0.17202544,0.24222003,-0.28147632,-0.22659135,0.24075049,-0.9131956,-0.19153833
-0.12704325,-0.246699,0.22660676,-0.25830817,-0.21200074,0.2799333,-0.89554876,-0.19953336
-0.12368004,-0.16886812,0.2171935,-0.27371886,-0.21823855,0.27514824,-0.89694685,-0.2030595
-0.1291591,-0.23169419,0.20658502,-0.2616142,-0.20818849,0.3061728,-0.88224506,-0.21023418
-0.123280376,-0.12716381,0.1971701,-0.26250374,-0.20712453,0.3228638,-0.88353866,-0.20610896
-0.13050613,-0.2508657,0.1847103,-0.2510427,-0.19669282,0.35379496,-0.85404986,-0.22479251
-0.13990198,-0.21654804,0.19816138,-0.31796104,-0.22890665,0.2932371,-0.8781301,-0.23445976
-0.1508893,-0.22770382,0.22625443,-0.32745525,-0.23279138,0.2723179,-0.8995571,-0.21599767
-0.14877531,-0.248746,0.25632417,-0.32784277,-0.23785086,0.246242,-0.9131954,-0.2038398
-0.1378245,-0.1981049,0.26636988,-0.30513746,-0.23407768,0.23715429,-0.92224026,-0.18666834
-0.12917066,-0.2410054,0.2558378,-0.26914495,-0.2196141,0.2621407,-0.91063815,-0.18799464
-0.124691896,-0.2186844,0.24357183,-0.2764449,-0.22416972,0.250443,-0.9066704,-0.19629617
-0.12872787,-0.23176958,0.23553006,-0.27889687,-0.22380427,0.2538778,-0.90302074,-0.20067486
-0.1307482,-0.21758193,0.23480493,-0.28788126,-0.22670628,0.25019157,-0.90495956,-0.20177938
-0.13406849,-0.23868264,0.23741348,-0.29143766,-0.22743507,0.25028765,-0.9054081,-0.20279367
-0.13308942,-0.2101157,0.24125218,-0.29472575,-0.22944842,0.24446347,-0.9104023,-0.19845185
-0.13589989,-0.2604268,0.24546486,-0.29417762,-0.22934406,0.24400401,-0.9084414,-0.2015807
-0.1326532,-0.19636808,0.25050506,-0.30141592,-0.23471346,0.227533,-0.91725814,-0.19418605
-0.13295296,-0.25159994,0.24748023,-0.28011805,-0.22417557,0.25026342,-0.90969104,-0.19483168
-0.12976797,-0.21591309,0.24689952,-0.29325843,-0.23153508,0.23308562,-0.9128347,-0.19705784
-0.13210417,-0.23669438,0.24435543,-0.28554288,-0.22727132,0.24300316,-0.9103481,-0.19656335
-0.130581,-0.21820551,0.24384446,-0.28920063,-0.2289063,0.2397785,-0.91126,-0.19690563
-0.13138501,-0.23202285,0.24127583,-0.2846845,-0.22611785,0.24725331,-0.9087404,-0.19772802
-0.13112888,-0.22293524,0.24086022,-0.2893428,-0.22816303,0.24357015,-0.9093469,-0.198869
-0.13342988,-0.2396971,0.24240705,-0.29205927,-0.22912137,0.24195458,-0.9093756,-0.20011666
-0.1328294,-0.21693785,0.24561097,-0.29531142,-0.23115318,0.23606807,-0.9132137,-0.19687784
-0.13035804,-0.2150841,0.24164239,-0.27958325,-0.22329956,0.25322932,-0.9098134,-0.19386797
-0.12943247,-0.23573622,0.23625015,-0.27959174,-0.22269532,0.25732702,-0.9040704,-0.20039466
-0.13134788,-0.2214286,0.23591176,-0.29188427,-0.22835213,0.24589194,-0.906858,-0.20221266
-0.13321611,-0.22332409,0.23792166,-0.2899641,-0.22682859,0.24961272,-0.90783376,-0.19983314
-0.1324241,-0.22390184,0.23916097,-0.28869966,-0.22619824,0.251234,-0.9078361,-0.19933708
-0.13171802,-0.22231328,0.23855792,-0.28709033,-0.22563773,0.25243092,-0.90747535,-0.19907159
-0.13586926,-0.26057312,0.24417388,-0.30037296,-0.23224501,0.2375136,-0.9085024,-0.20459701
-0.13201016,-0.17220415,0.2482716,-0.2978964,-0.23268229,0.23144293,-0.91823137,-0.19108307
-0.1329869,-0.27537572,0.24305545,-0.27342236,-0.21961467,0.26173332,-0.9038446,-0.19829454
-0.12865199,-0.18872535,0.24340636,-0.2985122,-0.2335413,0.2296265,-0.9133727,-0.19791372
-0.13430709,-0.2599174,0.24130641,-0.28206593,-0.22408399,0.25185835,-0.90622926,-0.19921154
-0.12927055,-0.18588321,0.24244477,-0.29314297,-0.2302353,0.23767361,-0.9127948,-0.19588242
-0.13268167,-0.2588618,0.23758008,-0.27713567,-0.22103716,0.26049948,-0.90318406,-0.20008226
-0.13043943,-0.20128936,0.23994946,-0.29730123,-0.23159125,0.23719005,-0.9105331,-0.2002189
-0.13339376,-0.2380653,0.23856433,-0.282906,-0.22365873,0.25546858,-0.9064841,-0.1984782
-0.13149962,-0.21974984,0.24049716,-0.2925414,-0.22871709,0.24462144,-0.9088035,-0.200174
-0.13450651,-0.24313146,0.24295473,-0.29383036,-0.22938578,0.24263896,-0.9092838,-0.20054717
-0.13455497,-0.22593057,0.24964376,-0.3020437,-0.23438093,0.22907495,-0.91479516,-0.19786945
-0.13471702,-0.23749319,0.25340438,-0.29566965,-0.23217271,0.23130332,-0.9158059,-0.1946564
-0.1326599,-0.2315105,0.25545338,-0.29533795,-0.23320839,0.22641335,-0.9170477,-0.1936668
-0.1280349,-0.19904537,0.2481132,-0.2785547,-0.22537097,0.2422244,-0.91486174,-0.18879175
-0.12650467,-0.23844084,0.235404,-0.26668808,-0.2177683,0.26410097,-0.9023597,-0.19729403
-0.12806226,-0.216338,0.22999555,-0.2851814,-0.22562638,0.25133577,-0.9031151,-0.2037832
-0.1338608,-0.23475245,0.23208892,-0.29118174,-0.22677013,0.25167733,-0.9039663,-0.20463848
-0.13474926,-0.2188385,0.2391201,-0.29872406,-0.2302976,0.24366914,-0.9094991,-0.20136453
-0.13424678,-0.22704594,0.2423561,-0.29081565,-0.22701545,0.24953756,-0.90988874,-0.19782282
-0.13326956,-0.23550385,0.24483116,-0.29328948,-0.22911574,0.24318373,-0.91026,-0.19922106
-0.13251229,-0.21985056,0.2462307,-0.29320768,-0.23008586,0.23863953,-0.9128286,-0.19634375
-0.13335183,-0.24421196,0.24747428,-0.29117087,-0.22930773,0.23943226,-0.9112378,-0.1979303
-0.13205932,-0.21758543,0.24942078,-0.29579845,-0.23246163,0.2304703,-0.9150415,-0.19546333
-0.13298382,-0.24317214,0.2493087,-0.28916368,-0.22920574,0.23716018,-0.9126572,-0.19590588
-0.13175634,-0.22433914,0.25071868,-0.29540697,-0.23288457,0.22786996,-0.9153004,-0.19558033
-0.13104753,-0.22341576,0.248001,-0.2854694,-0.22795628,0.23833188,-0.91363406,-0.1931988
-0.1307394,-0.23903908,0.24548315,-0.2864995,-0.22800751,0.23957601,-0.91052425,-0.19747214
-0.12991273,-0.2092774,0.24302982,-0.28813806,-0.2286894,0.23845246,-0.9122181,-0.19555332
-0.13090727,-0.23703276,0.23924379,-0.28087872,-0.22392324,0.25144896,-0.9069032,-0.19828188
-0.13091661,-0.22073615,0.2391228,-0.29122773,-0.22872496,0.24241859,-0.90884477,-0.20024572
-0.1337354,-0.23630327,0.24114287,-0.2922319,-0.22871128,0.24303943,-0.90920573,-0.20016706
-0.13367002,-0.22456113,0.24577628,-0.2973391,-0.23166399,0.23546375,-0.9128069,-0.19824083
-0.13260159,-0.22349119,0.24641658,-0.28935647,-0.2282533,0.24160166,-0.91273767,-0.19506638
-0.13125521,-0.23230793,0.24483266,-0.28677627,-0.2272383,0.24370655,-0.910488,-0.19692467
-0.13110186,-0.22475773,0.24359217,-0.28954828,-0.2287558,0.2402478,-0.91092324,-0.19753867
-0.131457,-0.2259304,0.24241452,-0.28733218,-0.22734089,0.24376494,-0.91009265,-0.19733931
-0.1318229,-0.23078789,0.24226192,-0.2893459,-0.2280589,0.24295965,-0.9095869,-0.19877706
-0.13103952,-0.21447308,0.24126269,-0.28778592,-0.22723928,0.24483536,-0.9103913,-0.19680427
-0.13109335,-0.23154803,0.23859127,-0.28286836,-0.22423653,0.25303343,-0.9067044,-0.19880147
-0.1323269,-0.23210444,0.23989049,-0.29332158,-0.22924653,0.24276567,-0.9082258,-0.20166583
-0.13317503,-0.21815808,0.24253778,-0.29363614,-0.22953875,0.24109797,-0.9113838,-0.19785456
-0.13375123,-0.24118635,0.24489735,-0.2913097,-0.22846502,0.24310893,-0.9101318,-0.19880122
-0.13144676,-0.20970683,0.24567896,-0.29231727,-0.22984965,0.23815873,-0.9133318,-0.19542424
-0.13268906,-0.24816374,0.2443967,-0.28595266,-0.22649586,0.24597628,-0.908902,-0.1983328
-0.13247661,-0.22329193,0.24777801,-0.29953888,-0.23387864,0.2284342,-0.91394275,-0.1983606
-0.13243957,-0.22144867,0.2474903,-0.2879951,-0.2283514,0.2394319,-0.91369015,-0.19361833
-0.13007195,-0.22876272,0.24410126,-0.28289497,-0.22566576,0.24616487,-0.9099467,-0.19595218
-0.1282413,-0.2092551,0.23766987,-0.2799394,-0.2238614,0.25178435,-0.9079646,-0.19630235
-0.13116051,-0.24573906,0.2342756,-0.282888,-0.22387604,0.25530794,-0.9028044,-0.20320606
-0.13143553,-0.20168261,0.23617795,-0.29422534,-0.22923544,0.24399248,-0.90899646,-0.20028816
-0.13583308,-0.2580456,0.23980919,-0.29122245,-0.22690773,0.25010368,-0.90587205,-0.20301338
-0.13348125,-0.20192736,0.2468428,-0.30375785,-0.2345351,0.23012938,-0.9152325,-0.19735412
-0.1331113,-0.23608637,0.24512473,-0.2816458,-0.223921,0.25236198,-0.9101416,-0.1943663
-0.12913951,-0.21708526,0.24216975,-0.28565672,-0.22650267,0.24664384,-0.9093292,-0.19727235
-0.13108239,-0.23432755,0.2384585,-0.28418463,-0.22526507,0.2505734,-0.9065533,-0.19963253
-0.13332756,-0.23489149,0.2420293,-0.2970912,-0.23135805,0.23754685,-0.9094677,-0.20195436
-0.13298145,-0.20927922,0.24472535,-0.29321647,-0.22978915,0.23934707,-0.9133009,-0.19541372
-0.13366543,-0.25343025,0.24565661,-0.28841636,-0.22730888,0.24506283,-0.9090852,-0.19908638
-0.13177574,-0.20916277,0.24817075,-0.29828608,-0.23338495,0.22926517,-0.9152016,-0.19606133
-0.12969649,-0.21391754,0.24176393,-0.27490872,-0.22150959,0.25563318,-0.9097234,-0.19205473
-0.12698741,-0.22550634,0.23266967,-0.27275124,-0.2194073,0.2648588,-0.9018266,-0.1995874
-0.13161229,-0.23948443,0.23109184,-0.29046637,-0.22698258,0.25143516,-0.9020787,-0.20685549
-0.13796811,-0.2399151,0.24263272,-0.31086996,-0.23660405,0.22949296,-0.91111475,-0.20522206
-0.13489594,-0.19171008,0.24999589,-0.29737613,-0.23135795,0.23624185,-0.917774,-0.19122079
-0.13172328,-0.25430593,0.24534725,-0.27609932,-0.22114849,0.2588054,-0.90721387,-0.19566944
-0.12931646,-0.21406132,0.2435218,-0.29360777,-0.23105235,0.23571736,-0.91120213,-0.19886369
-0.13343912,-0.24227937,0.2433415,-0.2889727,-0.22811323,0.24237551,-0.9095558,-0.19868675
-0.12789091,-0.17774822,0.2395898,-0.28133816,-0.22444922,0.25032324,-0.9113648,-0.1923103
-0.1246889,-0.21749516,0.22199102,-0.25207952,-0.20764995,0.29506567,-0.8936251,-0.19706304
-0.12377278,-0.2007549,0.2086735,-0.26524168,-0.21213591,0.2972197,-0.88602257,-0.20929568
-0.13206798,-0.22741936,0.2055304,-0.28078553,-0.21646786,0.29457182,-0.883688,-0.21716334
-0.13824536,-0.21833053,0.21728982,-0.30447477,-0.22665499,0.27331528,-0.89465845,-0.21572877
-0.1375377,-0.19641356,0.22745228,-0.2948873,-0.22276047,0.27804786,-0.90190417,-0.20332403
-0.13425076,-0.23182689,0.22925763,-0.28147945,-0.21754979,0.2876386,-0.89684653,-0.20404458
-0.13363451,-0.22590196,0.23214674,-0.29474056,-0.22584973,0.2656063,-0.90087295,-0.20675637
-0.13595529,-0.22719981,0.23816833,-0.29758725,-0.22833216,0.2551513,-0.90577066,-0.2030883
-0.13519886,-0.22673152,0.2441,-0.29591173,-0.22884025,0.24959509,-0.9091122,-0.1994729
-0.13293254,-0.22333169,0.24547769,-0.29002598,-0.22740102,0.2491973,-0.91004807,-0.1967126
-0.13082358,-0.22372971,0.24273267,-0.2840744,-0.22517675,0.25237608,-0.9082314,-0.19677176
-0.13166331,-0.23795229,0.24135779,-0.28808978,-0.22718993,0.2478693,-0.906885,-0.20049378
-0.13488956,-0.24100584,0.2469102,-0.30205116,-0.23431294,0.23090413,-0.91168773,-0.20139675
-0.13480367,-0.21805364,0.25306395,-0.30012515,-0.23434249,0.22739719,-0.9172473,-0.19405568
-0.13161543,-0.22887559,0.25102285,-0.28384724,-0.2268551,0.24208626,-0.913791,-0.19192657
-0.13212736,-0.25549367,0.2505765,-0.29313567,-0.23182577,0.23127954,-0.911923,-0.19908337
-0.13433771,-0.22800756,0.25654468,-0.30689487,-0.23953941,0.21215974,-0.9194615,-0.19572161
-0.13585041,-0.24760687,0.26222643,-0.29985905,-0.23659198,0.2164721,-0.9205616,-0.19212605
-0.13253602,-0.22844604,0.26468828,-0.29867247,-0.23737599,0.21165958,-0.9228233,-0.18935664
-0.13241063,-0.25178173,0.26321962,-0.29254496,-0.23489356,0.21596691,-0.92037654,-0.19065273
-0.12958921,-0.21626732,0.26065448,-0.292594,-0.23543976,0.21311171,-0.9217957,-0.18865174
-0.13012311,-0.2480434,0.2542832,-0.28216788,-0.2291693,0.22857724,-0.9156306,-0.19180764
-0.12903507,-0.22106375,0.25129703,-0.2911161,-0.23309483,0.22140044,-0.9165991,-0.19386624
-0.13033728,-0.23046654,0.24679618,-0.28379816,-0.22816268,0.23457815,-0.9134364,-0.19388713
-0.12984964,-0.22648932,0.244007,-0.2864763,-0.2284801,0.2365217,-0.9117616,-0.19651698
-0.13102803,-0.22844702,0.24204536,-0.28775862,-0.22823858,0.23925923,-0.9108241,-0.19765106
-0.13149692,-0.22455864,0.2418598,-0.28939223,-0.22843167,0.24027418,-0.91085404,-0.19788606
-0.13174626,-0.22618172,0.24149624,-0.28842232,-0.2275346,0.24334003,-0.9102502,-0.19789255
-0.12858112,-0.19781324,0.2364398,-0.2788608,-0.2225186,0.25578132,-0.90852326,-0.19485112
-0.13122964,-0.25628075,0.23198564,-0.2798556,-0.22152622,0.26231712,-0.90001416,-0.20487317
-0.13265286,-0.20483527,0.23681411,-0.30239087,-0.23285697,0.23694721,-0.90988755,-0.20283689
-0.13587254,-0.2398532,0.24111304,-0.2905444,-0.22655006,0.250172,-0.9086095,-0.1992826
-0.13108122,-0.20268518,0.2427056,-0.29052556,-0.227653,0.24617945,-0.9114489,-0.19603841
-0.13353963,-0.2587507,0.24149051,-0.28639048,-0.22551736,0.2513111,-0.90598124,-0.20134458
-0.13051745,-0.18864436,0.24328856,-0.29588512,-0.23133476,0.23578177,-0.91365886,-0.19595742
-0.13343315,-0.2592604,0.24067718,-0.2801199,-0.22256425,0.2564652,-0.9050848,-0.19944775
-0.1309934,-0.2053464,0.24372391,-0.29918742,-0.23294118,0.23258477,-0.9124658,-0.19909297
-0.13399258,-0.2429863,0.24352898,-0.28648335,-0.22625299,0.2472496,-0.90931875,-0.19748677
-0.13138892,-0.21615517,0.24558116,-0.29393655,-0.23056215,0.23688005,-0.9123327,-0.19732657
-0.13240732,-0.23547138,0.24407417,-0.28665438,-0.22691564,0.24486473,-0.9101215,-0.19695619
-0.13109376,-0.22091971,0.24411207,-0.29054064,-0.22907348,0.23984782,-0.9111894,-0.19739805
-0.1320418,-0.23287958,0.24300721,-0.28770718,-0.22742698,0.2438872,-0.9098101,-0.19780587
-0.13073173,-0.21526828,0.24205855,-0.28803182,-0.22761261,0.24361596,-0.9105093,-0.19686441
-0.12570786,-0.18250307,0.23060331,-0.26569715,-0.21574993,0.27292907,-0.9045381,-0.1924673
-0.12636316,-0.24304108,0.2170329,-0.26133502,-0.21093239,0.29316422,-0.8877417,-0.20714009
-0.13004409,-0.201055,0.21559301,-0.29053456,-0.22396146,0.26973096,-0.89488834,-0.2118232
-0.13811475,-0.24142106,0.22351284,-0.29518777,-0.22425117,0.2699362,-0.8968746,-0.21110445
-0.13960156,-0.2269045,0.23957086,-0.3134369,-0.23433974,0.24403526,-0.9086496,-0.20651981
-0.13839398,-0.22310236,0.25010258,-0.30220294,-0.23148483,0.24318495,-0.9144582,-0.19603722
-0.13030185,-0.2036191,0.2470309,-0.2799081,-0.22283594,0.25734317,-0.9118801,-0.19055414
-0.12631641,-0.22776002,0.23404497,-0.2663021,-0.21612623,0.27423066,-0.9006134,-0.1972785
-0.12725575,-0.21613382,0.2258854,-0.2783476,-0.22107835,0.26696455,-0.89815396,-0.2046169
-0.13252136,-0.22849254,0.22566286,-0.28712422,-0.22354597,0.26451913,-0.898531,-0.20724721
-0.13532436,-0.22330377,0.23268561,-0.29792836,-0.22828104,0.25437966,-0.9041116,-0.2056045
-0.13456663,-0.21329173,0.2374221,-0.29190856,-0.22592962,0.25746587,-0.90731335,-0.19947891
-0.13544807,-0.25294623,0.24191748,-0.29391944,-0.22769517,0.25188404,-0.9060363,-0.20311637
-0.13483678,-0.21611631,0.24923658,-0.3054485,-0.23534109,0.22992527,-0.9149358,-0.19815761
-0.13448273,-0.23595326,0.25152263,-0.2902201,-0.22888944,0.24068631,-0.9137877,-0.1939056
-0.12916908,-0.21015953,0.24783655,-0.28404716,-0.22685724,0.24309865,-0.912897,-0.19265269
-0.12754321,-0.22452265,0.23741242,-0.27156502,-0.21999319,0.26061466,-0.90506405,-0.19578838
-0.11788706,-0.12455585,0.21478224,-0.24627808,-0.20561934,0.30191982,-0.89634526,-0.1904393
-0.124853395,-0.27467752,0.19189116,-0.24084428,-0.19687088,0.33642948,-0.85781765,-0.2213103
-0.13128625,-0.16310224,0.19492997,-0.3026816,-0.22579311,0.2873685,-0.8831218,-0.22488137
-0.14759335,-0.2714696,0.212705,-0.30338398,-0.22186765,0.29196727,-0.88476366,-0.22287954
-0.14523873,-0.20239641,0.24237885,-0.33599558,-0.24118514,0.24117707,-0.9111865,-0.20901144
-0.14154038,-0.22651224,0.2537278,-0.29683107,-0.22683047,0.26030016,-0.9140237,-0.19196217
-0.13103224,-0.22763035,0.25262776,-0.28452754,-0.22475089,0.25669998,-0.91065365,-0.1934554
-0.12946498,-0.2331817,0.24567157,-0.28308198,-0.22581819,0.25030038,-0.9080299,-0.1969643
-0.13189222,-0.23837627,0.2455607,-0.29270205,-0.23067568,0.23811549,-0.9091685,-0.20022471
-0.13045582,-0.19836304,0.24407962,-0.28707755,-0.2278693,0.24285108,-0.9122246,-0.19368468
-0.13028026,-0.24447788,0.23803164,-0.27492118,-0.22064592,0.2616605,-0.9032428,-0.19870768
-0.13160786,-0.22930853,0.23916204,-0.29635933,-0.23118126,0.23957849,-0.90750605,-0.20351258
-0.13190386,-0.19969061,0.23919022,-0.28701892,-0.22631933,0.24941042,-0.9102779,-0.19538698
-0.1299895,-0.23279598,0.23382136,-0.27378035,-0.21871988,0.26915365,-0.9017545,-0.19913849
-0.130495,-0.22482988,0.23194426,-0.28841487,-0.22578527,0.2558255,-0.90276057,-0.20447397
-0.13419867,-0.22736846,0.23518398,-0.29379007,-0.2278622,0.25095874,-0.90581536,-0.20309155
-0.13304906,-0.21135478,0.23831066,-0.29017243,-0.2263256,0.2533702,-0.90820414,-0.1986241
-0.13194229,-0.23064215,0.2367352,-0.28265604,-0.22270256,0.2616252,-0.9046271,-0.19972399
-0.12913758,-0.20159575,0.23293258,-0.28174928,-0.22263001,0.2623598,-0.9046813,-0.19889905
-0.1225432,-0.1607205,0.21553144,-0.25098467,-0.20592572,0.30613422,-0.89379025,-0.19426166
-0.123033285,-0.22972856,0.19514589,-0.2443077,-0.19877793,0.33760428,-0.8668083,-0.21438754
-0.13016903,-0.19667998,0.19155182,-0.28455955,-0.21611646,0.31213918,-0.8739016,-0.22540422
-0.13865604,-0.20617653,0.19989659,-0.29036203,-0.21560057,0.31407446,-0.8800503,-0.21980488
-0.14027816,-0.22035304,0.2135571,-0.29854473,-0.2197575,0.3039525,-0.88683116,-0.21708924
-0.14148283,-0.22885223,0.22805084,-0.30738235,-0.2263684,0.28106624,-0.89703405,-0.2120688
-0.13686338,-0.19645786,0.2367058,-0.2961803,-0.22439566,0.27501702,-0.90484124,-0.20000735
-0.1292944,-0.20357424,0.22919874,-0.2663103,-0.21164612,0.3002491,-0.8962692,-0.19693814
-0.12528558,-0.20897785,0.21566454,-0.2620225,-0.20955469,0.3093256,-0.88533545,-0.20593785
-0.13074443,-0.22796354,0.21048307,-0.2797448,-0.21666649,0.29737127,-0.88282984,-0.2161911
-0.13979144,-0.23825994,0.22265424,-0.30940947,-0.23001114,0.26617572,-0.8946188,-0.21754016
-0.13982153,-0.19449767,0.23810203,-0.30756915,-0.23055376,0.2574012,-0.908547,-0.20132615
-0.1344782,-0.22861978,0.2394537,-0.27948037,-0.21870935,0.2791291,-0.9030841,-0.19699244
-0.12863716,-0.21107274,0.23388846,-0.27934584,-0.22053576,0.27318966,-0.90109307,-0.20023403
-0.12861978,-0.21346794,0.22559641,-0.27298608,-0.21704991,0.28169182,-0.8962159,-0.20220561
-0.12882262,-0.20989896,0.21977624,-0.27469978,-0.21663135,0.28651044,-0.89258116,-0.20600042
-0.13199764,-0.22361144,0.21825758,-0.28214094,-0.21888223,0.28504306,-0.8912476,-0.21022199
-0.13415751,-0.21143636,0.22227767,-0.29123393,-0.22280738,0.27684343,-0.89624447,-0.20869601
-0.13135113,-0.18804672,0.22113541,-0.27682048,-0.2157283,0.29295647,-0.8959685,-0.20181066
-0.12732801,-0.20327884,0.21088952,-0.26010963,-0.20672695,0.31877086,-0.88382864,-0.20558226
-0.12966354,-0.22018385,0.2044572,-0.27384493,-0.21228819,0.31335118,-0.8782565,-0.21695828
-0.1329612,-0.18942307,0.20552732,-0.28487602,-0.21637312,0.306471,-0.8844878,-0.21443899
-0.14129983,-0.2619051,0.21654747,-0.2987108,-0.22187896,0.29255515,-0.885112,-0.22099535
-0.14509436,-0.22563337,0.24139437,-0.3336825,-0.24152605,0.23937607,-0.90886474,-0.21163572
-0.14348575,-0.22347358,0.2597167,-0.31128645,-0.23494294,0.24032727,-0.91834587,-0.1931436
-0.13022818,-0.20050031,0.2558066,-0.27777624,-0.2225737,0.2584682,-0.91490036,-0.18559843
-0.12581836,-0.24682222,0.24010892,-0.26478317,-0.21678281,0.27146676,-0.90082556,-0.19681688
-0.12770016,-0.21720085,0.23383874,-0.28669184,-0.22727902,0.24918409,-0.90326124,-0.20354998
-0.13442494,-0.24082826,0.2362842,-0.29225835,-0.2281983,0.24850376,-0.90458864,-0.20397685
-0.13434106,-0.21422198,0.2430964,-0.29891005,-0.23156571,0.24000227,-0.91113615,-0.19926801
-0.13316609,-0.2281659,0.24343465,-0.28574732,-0.225436,0.25225666,-0.90934706,-0.19616346
-0.13169557,-0.2336161,0.2431807,-0.28928214,-0.22777478,0.2464457,-0.90858305,-0.19927202
-0.13709252,-0.2645,0.25112405,-0.30778027,-0.23745714,0.22380939,-0.91278464,-0.20338942
-0.13759507,-0.21572438,0.26440102,-0.3164965,-0.24388489,0.20418048,-0.9246211,-0.19234999
-0.13432558,-0.2397693,0.2651974,-0.28886625,-0.23164696,0.22631319,-0.92147815,-0.18632314
-0.12479177,-0.19655363,0.25310275,-0.27346027,-0.22489753,0.23917975,-0.9166499,-0.18567199
-0.12642425,-0.25925526,0.23796734,-0.26739728,-0.21971741,0.25633407,-0.9025414,-0.19876677
-0.12973876,-0.21559575,0.23773211,-0.2979454,-0.23373926,0.22887564,-0.9095327,-0.20319805
-0.13728037,-0.25191912,0.24487333,-0.29966286,-0.2329145,0.23225702,-0.9116132,-0.20115864
-0.13268761,-0.19180918,0.25055474,-0.29766467,-0.23292603,0.22955012,-0.9182457,-0.19192085
-0.13287856,-0.26371753,0.24671313,-0.27970156,-0.22378635,0.25045085,-0.90872055,-0.19649997
-0.1300757,-0.20750026,0.24778716,-0.29845065,-0.23426619,0.2256401,-0.91514355,-0.19688343
-0.13305499,-0.2432384,0.24592166,-0.28491843,-0.22688143,0.24227774,-0.9112045,-0.19571498
-0.12850444,-0.19822265,0.24321234,-0.28553393,-0.22731234,0.24159852,-0.9123053,-0.19414492
-0.12951754,-0.2399331,0.23499988,-0.27362072,-0.21998909,0.2615425,-0.9033366,-0.19876243
-0.12932344,-0.21140356,0.23294835,-0.2880844,-0.22653496,0.24998572,-0.90539587,-0.20217307
-0.13528083,-0.25091177,0.23625477,-0.29377845,-0.2280831,0.24826685,-0.90507835,-0.2049744
-0.13383436,-0.19852716,0.24354182,-0.30130938,-0.23261839,0.23583497,-0.91380197,-0.19758816
-0.13411137,-0.24671192,0.2436313,-0.28395298,-0.22416353,0.25385547,-0.908343,-0.19723183
-0.13134655,-0.21865766,0.2454255,-0.29559717,-0.23117355,0.23668422,-0.9120087,-0.19840151
-0.13364184,-0.2400603,0.24601041,-0.29081157,-0.22897515,0.24042477,-0.9112314,-0.19756879
-0.12971789,-0.19871433,0.24446903,-0.28657806,-0.22741395,0.24250287,-0.9128672,-0.19344705
-0.1298662,-0.24298446,0.2371564,-0.2746363,-0.2204342,0.26076624,-0.90381885,-0.19854231
-0.12928978,-0.20990346,0.23505048,-0.28909904,-0.22738095,0.24736752,-0.9065634,-0.20128246
-0.13312346,-0.23606744,0.23483303,-0.28652847,-0.22486635,0.2546708,-0.90464723,-0.20193109
-0.13241856,-0.21339616,0.23800361,-0.2932847,-0.22826073,0.24743128,-0.90837014,-0.20039454
-0.1335796,-0.23499042,0.2390541,-0.2881417,-0.22562481,0.25313428,-0.9069335,-0.20003167
-0.13289157,-0.22388232,0.24213713,-0.29469755,-0.22954147,0.24327627,-0.9098005,-0.1998588
-0.13263439,-0.22253728,0.24264573,-0.28899378,-0.2271492,0.24708173,-0.9101793,-0.19706777
-0.13540877,-0.26102814,0.24779242,-0.29914856,-0.23248667,0.23477472,-0.91025025,-0.20245624
-0.1376303,-0.2325875,0.26041907,-0.3176415,-0.2434765,0.2065628,-0.9214393,-0.19700605
-0.13466845,-0.21637058,0.26431853,-0.2952516,-0.23431501,0.22093226,-0.92343366,-0.18589617
-0.12937078,-0.2440294,0.25749028,-0.2795113,-0.22705942,0.23548177,-0.9157779,-0.1897421
-0.12656416,-0.21428849,0.24856739,-0.28252873,-0.22875242,0.23205677,-0.91411024,-0.19259873
-0.12830941,-0.23187663,0.23997922,-0.2765533,-0.22388572,0.24657063,-0.9078877,-0.19636051
-0.12933712,-0.22182547,0.23671839,-0.28574428,-0.22689685,0.24414274,-0.9073186,-0.20015647
-0.13128203,-0.22088802,0.23525274,-0.28585842,-0.22558309,0.24998957,-0.9068873,-0.19983709
-0.13224645,-0.22825639,0.23601815,-0.28830722,-0.22598045,0.25135526,-0.9062954,-0.2012885
-0.13362585,-0.22953162,0.23926567,-0.29451177,-0.22898379,0.2449622,-0.9085657,-0.20138526
-0.13006198,-0.18958007,0.2371791,-0.28228936,-0.22333667,0.25667292,-0.9095103,-0.19426352
-0.1300392,-0.24799705,0.23018494,-0.2722365,-0.21719505,0.27424705,-0.8980094,-0.20261098
-0.13083081,-0.2095531,0.23083363,-0.29478386,-0.22842218,0.25059026,-0.904343,-0.205237
-0.13726269,-0.25031465,0.2374295,-0.29715636,-0.22878622,0.24934903,-0.90558857,-0.2049814
-0.133969,-0.1950549,0.24507968,-0.30053777,-0.23188937,0.23862103,-0.9141732,-0.19630755
-0.1328839,-0.24391961,0.24240875,-0.27907926,-0.22170109,0.26033375,-0.906817,-0.19640774
-0.13001694,-0.21753992,0.24150118,-0.29108217,-0.22863965,0.24402772,-0.90899277,-0.19953886
-0.13178132,-0.22642168,0.23914446,-0.2848924,-0.22528982,0.2513604,-0.9075572,-0.19823766
-0.13183516,-0.22916657,0.23974222,-0.2893707,-0.22720857,0.2477975,-0.90738994,-0.20044953
-0.13272017,-0.22497429,0.24099383,-0.291781,-0.22843148,0.24474531,-0.90925026,-0.19931677
-0.13564065,-0.25136623,0.2469106,-0.2996876,-0.23253155,0.23494437,-0.9108988,-0.20153783
-0.13304704,-0.1984732,0.25148404,-0.29899815,-0.23367015,0.22820997,-0.91796297,-0.19261539
-0.1339106,-0.2651147,0.25061506,-0.28512925,-0.22684656,0.2429852,-0.91071004,-0.19653913
-0.1323,-0.22052296,0.25526693,-0.30581483,-0.23865178,0.21440195,-0.9184519,-0.196354
-0.11198342,-0.009107133,0.2184499,-0.22111093,-0.19530495,0.31713814,-0.90750676,-0.16752763
-0.11195861,-0.288831,0.16429798,-0.17952046,-0.16307443,0.39044175,-0.8010633,-0.2235274
-0.12248291,-0.10771098,0.15309769,-0.27685902,-0.21322119,0.36237398,-0.83803076,-0.24586475
-0.14518227,-0.22668853,0.15845728,-0.27205664,-0.1968547,0.38273543,-0.82651246,-0.24556202
-0.14487888,-0.16106737,0.18231523,-0.30871186,-0.21521038,0.36980787,-0.85670173,-0.23652734
-0.14338769,-0.18937401,0.19116233,-0.2803391,-0.20181713,0.38724783,-0.85837495,-0.22204728
-0.13935153,-0.21330497,0.19902772,-0.28612027,-0.20791039,0.37117133,-0.8590084,-0.2271033
-0.13931905,-0.19447719,0.20477545,-0.29360443,-0.21396185,0.34688443,-0.87136173,-0.22144358
-0.13563,-0.18508509,0.20692101,-0.27680427,-0.20760222,0.3521152,-0.87272143,-0.21331435
-0.13157135,-0.19834271,0.201612,-0.26591092,-0.20342943,0.36033928,-0.8650484,-0.2161018
-0.12398574,-0.13095142,0.18611851,-0.24767306,-0.1947208,0.3875859,-0.85762876,-0.21173428
-0.12409494,-0.18697686,0.16490918,-0.22958268,-0.18237126,0.42178127,-0.81906503,-0.22823307
-0.13958178,-0.22745377,0.16638802,-0.28877094,-0.20927003,0.38570228,-0.8229721,-0.25616485
-0.14502296,-0.13013339,0.18166949,-0.30480853,-0.2137768,0.37436146,-0.8595145,-0.22987835
-0.14705364,-0.24329756,0.19558637,-0.28146943,-0.20209491,0.38481754,-0.84753734,-0.23020588
