0.0009325152,-0.11401153
0.0019930115,-0.10994415
0.0032251147,-0.11424984
0.0035367454,-0.124377176
0.001693327,-0.11898876
0.0022374094,-0.122943565
0.0017772993,-0.12296492
0.0009975183,-0.11225825
0.003038137,-0.121854834
0.0016124756,-0.113636605
0.0021479263,-0.10821982
0.0042589977,-0.125131
0.0011334888,-0.108079076
0.0033372175,-0.11519849
0.002643066,-0.112113886
0.0033395633,-0.11852308
0.0025669334,-0.119311966
0.0028325312,-0.12918118
0.0005500179,-0.115357295
0.0022667653,-0.119618535
0.0022632289,-0.12228895
0.0011781083,-0.111202575
0.0029164571,-0.11638261
0.0026660417,-0.11746115
0.00306449,-0.12769309
0.0015791241,-0.12781191
0.0008710117,-0.1234861
0.000336474,-0.10683205
0.0029075851,-0.10906601
0.0034864189,-0.111899614
0.0042606755,-0.1283987
0.00093386817,-0.11296942
0.0029115311,-0.121934526
0.002055212,-0.12173809
0.0014818574,-0.11586212
0.0020620874,-0.11314929
0.0026218588,-0.11251724
0.0019328494,-0.09708739
0.0053041303,-0.11349699
0.0036220148,-0.11433539
0.003324379,-0.119394004
0.0029637702,-0.12793331
0.001046909,-0.1199863
0.0018847482,-0.1228806
0.0015374537,-0.12055953
0.0021357746,-0.12608418
0.0014856497,-0.12666172
0.00070838,-0.11826482
0.0020235626,-0.12239403
0.0017162678,-0.12160414
0.002076408,-0.1269293
0.00072048674,-0.11625006
0.0025077928,-0.12496015
0.0012118771,-0.1174335
0.002185261,-0.120446734
0.001652693,-0.11479504
0.002105256,-0.110307954
0.0037409198,-0.122686714
0.0015999769,-0.11217683
0.0028674784,-0.11608661
0.0029542458,-0.12153043
0.0023989629,-0.12606232
0.00090703607,-0.1155992
0.0016167557,-0.10794816
0.004135766,-0.12500292
0.001132204,-0.10833013
0.0028055848,-0.107478246
0.0031948704,-0.103735216
0.004592308,-0.11406428
0.003543299,-0.11774536
0.004516073,-0.14679234
-0.0005937127,-0.13176866
-0.0006254271,-0.11879774
0.0005203307,-0.10544251
0.004681331,-0.1319121
0.0012050852,-0.124537274
0.0010421547,-0.11979431
0.0012487806,-0.11196077
0.0028287093,-0.11661663
0.0031301877,-0.12585138
0.0015105689,-0.12165972
0.0014737075,-0.11815884
0.002376871,-0.124154694
0.001413885,-0.11937489
0.0018981637,-0.1197775
0.001274584,-0.108183205
0.003159822,-0.11206517
0.003791333,-0.123100586
0.0019175229,-0.118238315
0.0014573361,-0.10716152
0.004188231,-0.12451587
0.0016893611,-0.11620173
0.0032713718,-0.13227881
0.0005476853,-0.12108506
0.001462569,-0.12119231
0.0013893853,-0.1158433
0.0021282497,-0.11462806
0.0033617672,-0.1276842
0.0012715724,-0.121229626
0.0014272704,-0.11744605
0.001674936,-0.11113963
0.0021753465,-0.10201847
0.0026459482,-0.08401921
0.005745195,-0.0837579
0.00849983,-0.109205365
0.006267032,-0.12974723
-0.0009033498,-0.07405806
0.0077061793,-0.101754636
0.0044962303,-0.087764785
0.008355083,-0.1223843
0.004265315,-0.13314849
0.0008975059,-0.12434434
0.00039351263,-0.10982965
0.0033886896,-0.123986594
0.0018016286,-0.12053737
0.0017201665,-0.11794755
0.0015221968,-0.108478665
0.0036811032,-0.119794704
0.0031423976,-0.1301589
0.0010698098,-0.12517713
0.0007527692,-0.11725122
0.0019005117,-0.11759296
0.0014862893,-0.10612636
0.0034848952,-0.11091917
0.003776796,-0.11847947
0.003996255,-0.13968036
-0.0006607249,-0.115039214
0.0015060053,-0.1123081
0.0030983326,-0.12058061
0.0021762168,-0.11936987
0.0021625655,-0.12041037
0.0021059539,-0.12222498
0.00011398968,-0.0936218
3.3906e-05,-0.029267795
0.01656367,-0.09616562
0.006856491,-0.072913684
0.008962896,-0.08394383
0.006746123,-0.07171548
0.008796479,-0.0791067
0.008851631,-0.09014476
0.008848734,-0.11739648
0.0032002672,-0.101526566
0.004631395,-0.10896235
0.0040954924,-0.113257974
0.003945149,-0.124207385
0.0020622357,-0.12269195
0.0013982677,-0.116857566
0.0011580402,-0.10117818
0.0039055594,-0.10633528
0.0042842883,-0.11279244
0.0028635443,-0.10512577
0.0018382112,-0.0755728
0.0072771753,-0.08787328
0.008096758,-0.10765964
0.005367695,-0.11419824
0.0035690467,-0.11492981
0.0026153799,-0.10984735
0.003914945,-0.121833235
0.001997598,-0.11575662
0.0030017165,-0.12546988
0.001460796,-0.12048877
0.0017994285,-0.12077316
0.0017896534,-0.11973526
0.0020664048,-0.12164675
0.0014996347,-0.115888834
0.0009987492,-0.095533736
0.004402382,-0.1002627
0.004351875,-0.09624059
0.0065216413,-0.118548505
0.004342584,-0.13282996
0.00037460978,-0.11416524
0.0021942314,-0.1162158
0.002385183,-0.11592762
0.0025060684,-0.11621076
0.0029652128,-0.123694554
0.0014440324,-0.115849115
0.002257461,-0.116447695
0.0029021474,-0.124475986
0.0011026134,-0.11242093
0.0025200606,-0.11353532
0.0031246578,-0.11936088
0.0026916533,-0.12445565
0.0018220098,-0.12535422
0.001219606,-0.12187154
0.0015566979,-0.12150871
0.0019399223,-0.12524545
0.0011586733,-0.12001882
0.0018566097,-0.12198345
0.0013630287,-0.11550474
0.0023549483,-0.11754456
0.0030178318,-0.12864575
0.0016424865,-0.1315194
0.0014967577,-0.143096
-0.00032296745,-0.14252384
-0.001564182,-0.1283636
-0.0005280633,-0.11686084
0.0014682423,-0.11581636
0.0023962772,-0.11854645
0.0022936969,-0.11941898
0.0021766277,-0.12021686
0.00034215683,-0.092094585
0.005299497,-0.10786331
0.004359291,-0.11159619
0.004390557,-0.12565789
0.001517882,-0.115239754
0.0028558604,-0.12409078
0.0014938108,-0.11823117
0.0014647013,-0.10932616
0.0036998016,-0.1225122
0.0016799197,-0.113268055
0.0025090529,-0.11277707
-0.0026368145,-0.01784279
0.015863175,-0.069913775
0.011050192,-0.070053406
0.010524184,-0.08171276
0.012358176,-0.13628417
0.0014111553,-0.1029933
0.00382856,-0.10845601
0.00447591,-0.12143568
0.0021804809,-0.11509738
0.003117495,-0.12475364
0.001890117,-0.12521295
0.00095145626,-0.116664834
0.0020823923,-0.11807558
0.0024249845,-0.12183328
0.0015619354,-0.115666054
0.00276263,-0.1235241
0.0013889051,-0.115484335
0.0025109577,-0.11985884
0.0017965656,-0.11410371
-0.00043546516,-0.06480035
0.009155486,-0.095995754
0.007060504,-0.10553071
0.005583505,-0.11652936
0.00060327724,-0.07083522
0.007671511,-0.08663256
0.0043421313,-0.047752462
0.012468009,-0.076839395
0.011810481,-0.10985604
0.003821044,-0.0797833
0.010581756,-0.13480504
0.0028268346,-0.1313256
0.00023883673,-0.11535212
0.0004532899,-0.09108089
0.004455391,-0.09221856
0.0059689786,-0.09995549
0.0066261236,-0.122509114
0.0025133549,-0.113280915
0.003162568,-0.11926009
0.0024084076,-0.119458996
0.0020602709,-0.11786642
0.0023914909,-0.12084057
0.0018401681,-0.11788614
0.002058991,-0.11655243
0.0023745748,-0.11723133
0.003257613,-0.13152012
0.0018736505,-0.14149198
-0.00092365267,-0.12576367
0.00061892846,-0.12649633
-0.0010470389,-0.09156382
0.0046102167,-0.102629185
0.0014220078,-0.054357532
0.0067123123,-0.02842039
0.005032773,0.07674396
0.030313436,0.036173888
0.031052582,0.0059372503
0.024978846,-0.0047283247
0.02531834,-0.050126895
0.020136012,-0.10156878
0.0075024734,-0.08262813
0.007200061,-0.080970205
0.008793995,-0.1003674
0.0058838874,-0.100707486
0.00467161,-0.0956947
0.005451646,-0.10010248
0.004675299,-0.09613567
0.0062829335,-0.11343276
0.00438273,-0.12161385
0.003257003,-0.13327998
0.00085534714,-0.12892923
-0.0008878308,-0.09937935
0.0039058665,-0.1112368
0.0036206346,-0.11496565
0.00303401,-0.116422795
0.0027588964,-0.118464634
0.0024034781,-0.11924679
0.0013832182,-0.106181026
0.0018432135,-0.08531721
-0.0020521805,0.03532516
0.025589077,-0.039805062
0.016644785,-0.034148656
0.018207347,-0.06910337
0.016481418,-0.12833439
0.005701689,-0.13552505
0.000519102,-0.1168204
0.002385822,-0.12536804
0.0014611336,-0.123232216
0.0014002294,-0.1212171
0.0017588111,-0.122289315
0.0009228237,-0.10937423
0.003383918,-0.12025449
0.0024964698,-0.122398
0.0021631848,-0.12661345
0.0007079739,-0.114787996
0.0029038056,-0.12756188
0.00061471696,-0.1120146
0.0025484418,-0.11526903
0.0032379315,-0.1254332
0.0020824906,-0.12951656
0.0012605988,-0.13191281
0.00067504647,-0.13226745
0.0010041208,-0.14164223
-0.0006085104,-0.13631819
-0.000107715925,-0.13969225
-0.0010486629,-0.12928204
-0.00028346604,-0.12081486
0.0006987202,-0.11194643
0.003047085,-0.12264402
0.002044369,-0.12272877
0.001700131,-0.12205247
0.0013433852,-0.11609775
0.0023148032,-0.11850916
0.0014485808,-0.10583709
0.0035598825,-0.11151604
0.0045794565,-0.13196559
0.0007132231,-0.116719045
0.0013509232,-0.10732591
0.0036112226,-0.11658372
0.001684047,-0.09867011
0.0056417584,-0.12357304
0.0037320354,-0.14000069
-0.0027767993,-0.07748209
0.0018390155,-0.031941872
0.014328196,-0.06983261
0.01113385,-0.07674732
0.010288392,-0.09478353
0.008824889,-0.12289316
0.0027231846,-0.10767545
0.0024797819,-0.09309832
0.0050088707,-0.096551105
0.006328988,-0.11374421
0.0041659395,-0.118839346
0.003217816,-0.12662564
0.0016955576,-0.1262608
-1.0265174e-05,-0.103803046
0.0038573027,-0.11769204
0.0027722386,-0.11812525
0.0034009838,-0.13416095
0.00064976985,-0.12698631
0.0006954595,-0.12300168
0.001026671,-0.11818265
0.00082365825,-0.10078219
0.004088412,-0.10966746
0.0040261466,-0.1164423
0.004176402,-0.13615304
-0.0004249465,-0.1093716
0.002459621,-0.11203621
0.0041517294,-0.13179801
0.0018111111,-0.13689171
-0.000585662,-0.12031714
0.00073259586,-0.11269302
0.0016829531,-0.102490604
0.0039696097,-0.108267345
0.0040173167,-0.113282464
0.0040379255,-0.1260654
0.0014351937,-0.1165766
0.0028452913,-0.12772897
0.00072300405,-0.11456926
0.0019255799,-0.11124834
0.0035175695,-0.1224607
0.0021524453,-0.121779
0.0012242583,-0.111189224
0.0027676881,-0.11377478
0.003194946,-0.119927935
0.0027408123,-0.12635231
0.00088506663,-0.114295304
0.0027779436,-0.123464964
0.0017780295,-0.12172827
0.002075911,-0.12692879
0.00046036628,-0.11179977
0.0026775876,-0.11752369
0.0033209468,-0.13187245
0.0016654553,-0.13865072
-0.0004107576,-0.12868787
-0.000791154,-0.107032165
0.0032174687,-0.11979719
0.0021146364,-0.11584258
0.0005297665,-0.084443964
0.0057938,-0.09480791
0.005925246,-0.1000981
0.005538401,-0.1070838
0.0014285309,-0.06134381
0.009163548,-0.07958531
0.009425771,-0.097721666
0.0066017914,-0.10207575
0.007308952,-0.13490511
0.0015199936,-0.124877
-7.230877e-05,-0.09997862
0.0032817635,-0.0993211
0.004604244,-0.10270135
0.005486881,-0.11863165
0.0035436936,-0.12523432
0.0020066292,-0.12627098
0.0015848132,-0.12936896
0.00034666466,-0.11852645
0.0019190725,-0.123117894
0.0016213483,-0.12239951
0.0018321528,-0.12543765
0.00066594797,-0.112707816
0.0025439851,-0.11674473
0.0016886768,-0.104232386
0.003955157,-0.112426415
0.0038303204,-0.1209926
0.0026242968,-0.12420119
0.0018165924,-0.12492706
0.0008726662,-0.11497037
0.00085249444,-0.09377627
0.005126625,-0.1073115
0.0036995066,-0.1007157
0.004929324,-0.10923347
0.004162293,-0.11363833
0.0017503322,-0.089652255
0.005412565,-0.097020745
0.0066203005,-0.11742795
-0.0002950352,-0.052431736
0.009860136,-0.07348387
0.010900459,-0.099554464
0.006622966,-0.10089089
0.0052367775,-0.101535045
0.0056381663,-0.11515414
0.0029432208,-0.106183626
0.00543325,-0.13392308
0.00072699273,-0.117805354
0.001753896,-0.11666622
0.0030794714,-0.13020787
-0.00022867537,-0.10319434
0.003311516,-0.10871762
0.0035613715,-0.11034544
0.0029778432,-0.10407264
0.004450395,-0.11372859
0.0021287876,-0.09481416
0.0047902637,-0.09916363
0.0051880386,-0.10443503
0.0055595282,-0.12152567
0.0016092119,-0.10075538
0.003445646,-0.096003994
0.0049734334,-0.099127345
0.006362962,-0.12087232
0.0024241065,-0.108898446
0.0015856166,-0.083018385
0.006044637,-0.090196535
-0.0006001844,0.017165484
0.01857447,-0.0065883924
0.019477721,-0.010369902
0.022081032,-0.045459464
0.02291336,-0.13026309
0.0067034513,-0.12948827
0.0011014352,-0.10680198
0.0030803676,-0.10802397
0.0031719515,-0.10349678
0.0033885858,-0.09497025
0.0058698254,-0.110043585
0.0048307823,-0.1217575
0.0028269344,-0.12473178
0.0015440793,-0.12078688
0.0020696148,-0.12554295
0.0018891371,-0.13224213
3.962185e-05,-0.1190512
0.0014709,-0.11862903
0.0028222685,-0.1324992
0.00046336654,-0.122414485
0.0012813737,-0.12202497
0.0011788008,-0.11535101
0.0040099234,-0.14392701
-0.0007817564,-0.12366908
-0.0036101588,-0.043553915
0.010909136,-0.07852135
0.009868066,-0.09421453
0.0067918026,-0.09429383
0.008978815,-0.13781989
0.0013601102,-0.12164623
-8.526874e-05,-0.09224754
0.0050114733,-0.10593865
0.0043883724,-0.108462885
0.0037720355,-0.108041205
0.004184455,-0.116143234
0.0025220166,-0.108584784
0.002304848,-0.09358024
0.005379902,-0.1040714
0.0043643056,-0.10171875
0.0054605305,-0.11678668
0.0005589861,-0.07132018
0.0017224727,0.00051327597
0.022595247,-0.08172743
0.012255286,-0.0902592
0.008140314,-0.09444459
0.009154223,-0.13514362
0.00093772676,-0.10676821
-0.0012747472,-0.035427973
0.012998626,-0.07453477
0.009663605,-0.07353391
0.012149993,-0.11668955
0.006667255,-0.13901433
5.1754625e-05,-0.11279424
0.0024884467,-0.11893144
0.0021502017,-0.11765632
0.0015219778,-0.10565165
0.0038181338,-0.114702865
0.0025712731,-0.10745329
0.0032891384,-0.10619888
0.0033820318,-0.1011995
0.004546268,-0.10609432
0.0044415304,-0.111703776
0.00433863,-0.12477506
0.0018576506,-0.11889896
0.0020721292,-0.11923608
0.0016370828,-0.11197728
0.0036344577,-0.12744609
0.0011312213,-0.11694804
0.0022780106,-0.121069126
0.001654472,-0.115969196
0.0016519,-0.10587462
0.0031762559,-0.10468277
0.0033361267,-0.09715405
0.0041563963,-0.09008675
0.0067175836,-0.1066944
0.004799164,-0.109116174
0.004458108,-0.11844138
0.0024848555,-0.112533174
0.0012803655,-0.08692405
0.004512121,-0.07875724
0.006747425,-0.0771105
0.0074390145,-0.07362806
0.008848745,-0.08183687
0.007815075,-0.08226472
0.0065622297,-0.069539994
0.008289975,-0.067431055
0.00981914,-0.07625857
0.009568384,-0.08886586
0.008520156,-0.106803924
0.0048249722,-0.10197425
0.0048901197,-0.10683894
0.0042942194,-0.10978148
0.003874532,-0.11340352
0.003922909,-0.12523733
0.0011814215,-0.110748015
0.0016701635,-0.095072776
0.00491771,-0.10382372
0.005978224,-0.12735741
0.0032651515,-0.14062895
-0.0010505862,-0.11405947
0.0026711235,-0.13043715
0.001112809,-0.12899241
0.001093454,-0.13255322
0.00025290347,-0.1275559
0.0006795163,-0.12622127
0.00058264914,-0.11903814
0.0019297882,-0.12347499
0.0021203612,-0.13141972
0.00042950275,-0.1225401
0.00080860767,-0.11462234
0.0024849488,-0.12004153
0.002379411,-0.124206856
0.00093324285,-0.1114054
0.0030011006,-0.11938708
0.0027272191,-0.12569518
0.0010722317,-0.11585626
0.002532577,-0.12266019
0.0012091645,-0.11138768
0.0025161193,-0.11033368
0.0035717762,-0.118242115
0.0033820556,-0.13048637
0.0008648847,-0.12137088
0.0017241159,-0.124673374
0.0015179478,-0.12560116
0.0013335204,-0.12590434
0.0008245795,-0.11905708
0.001226859,-0.11076811
0.0024845358,-0.10818882
0.004166862,-0.12211875
0.0020550527,-0.1162423
0.002130686,-0.11247056
0.002977932,-0.11612776
0.0031588252,-0.12435356
0.0015169429,-0.11780778
0.0018365419,-0.11425447
0.0024304022,-0.11332519
0.003256649,-0.121310204
0.0015401657,-0.10997858
0.0035061848,-0.120796934
0.0029345127,-0.13021703
0.00044870257,-0.11574094
0.0014654027,-0.108030714
0.0036711663,-0.11878234
0.0016506702,-0.103424035
0.0030878575,-0.097021356
0.0048814574,-0.10190247
0.004966642,-0.107612565
0.0043439497,-0.11216196
0.0047472697,-0.13258183
0.0002889514,-0.11009149
0.0032064682,-0.12224814
0.0023489685,-0.12593013
0.0013631409,-0.12316843
0.00048394405,-0.10608852
0.0036830478,-0.118555054
0.0014295718,-0.09911181
0.004657443,-0.11123639
0.0031868403,-0.10466698
0.0035925778,-0.101051375
0.004628731,-0.10603494
0.0050317165,-0.12014029
0.0033267022,-0.12769625
0.00096697436,-0.116237454
0.0020435906,-0.1162533
0.0022438979,-0.114442594
0.0029224546,-0.11974457
0.0019391057,-0.11418231
0.0029507305,-0.12094199
0.002962568,-0.13361672
0.0012473266,-0.13786553
-0.0006920077,-0.12383395
2.3205524e-05,-0.110215746
0.0021446086,-0.10707705
0.0030822717,-0.104004726
0.0049818857,-0.1211292
-0.002069685,-0.037097394
0.010614506,-0.05205245
0.012096376,-0.059261527
0.012272696,-0.073972546
0.01257752,-0.11346891
0.0062282197,-0.12277356
0.0011276968,-0.09256209
0.0047626114,-0.09748506
0.005861452,-0.110332966
0.0051345546,-0.12710387
0.0022087872,-0.12683427
0.00096943957,-0.11951926
0.00074996194,-0.10321305
0.0034672557,-0.106643625
0.004125972,-0.11311966
0.0035633908,-0.11778533
0.0025185915,-0.11558796
0.0023714253,-0.11252306
0.0024616867,-0.1068773
0.002564335,-0.093731344
0.0058765323,-0.11061401
0.004437089,-0.1171578
0.003503117,-0.12562622
0.001803001,-0.12412526
0.0010284,-0.11559858
0.002546388,-0.122446835
0.0021548658,-0.12640439
0.00061662035,-0.112734064
0.0024630532,-0.115748264
0.0031140482,-0.12509969
0.002013804,-0.12813538
-7.305718e-05,-0.105920404
0.0028551044,-0.107825026
0.0043462333,-0.12226895
0.0024800068,-0.122717306
0.001795741,-0.1214825
0.001756953,-0.12101046
0.0019433218,-0.12305494
0.0017944971,-0.12494574
0.0013999412,-0.123980105
0.0012345348,-0.12068319
0.0018723379,-0.12358269
0.0012165587,-0.11707138
0.0026246933,-0.12656175
0.0011752262,-0.120331936
0.003189864,-0.1439631
4.5032637e-05,-0.14260697
-0.0007738272,-0.14079721
-0.0019073675,-0.120055154
0.00075503276,-0.11910177
0.0018332099,-0.12127849
0.0010697278,-0.10891416
0.0005196656,-0.07169563
0.008581415,-0.10168523
0.00512141,-0.093414314
0.0058285124,-0.09798509
0.003311326,-0.06791405
0.009615146,-0.09444788
0.0073843705,-0.10444566
0.006235953,-0.12208193
0.0032220252,-0.12542704
0.0014306783,-0.118750036
0.0013963531,-0.10981746
0.0035547004,-0.12183626
0.0017205438,-0.11291263
0.0027533672,-0.115586706
0.0020214377,-0.10574476
0.0036672254,-0.110301055
0.0034717526,-0.11130663
0.004274642,-0.12716551
0.0016005932,-0.121020116
0.0019404193,-0.12374027
0.0009375045,-0.11244232
0.00080001407,-0.086102925
0.006586476,-0.10926113
0.005781763,-0.13093708
0.0012831853,-0.11804292
0.0024504792,-0.12587447
0.0009571824,-0.115745455
0.0021891224,-0.11741401
0.0022616393,-0.117001586
0.0029387309,-0.12643538
0.0004634907,-0.10633762
-0.0033463407,0.0013232863
0.017920304,-0.04823194
0.014537623,-0.054488175
0.012777148,-0.060116556
0.014823409,-0.105471954
0.0066080815,-0.09943473
0.0052064867,-0.09747205
0.0039031114,-0.07865709
0.0076758694,-0.092539705
0.006566929,-0.095856704
0.0058775167,-0.098702595
0.0022611956,-0.052586194
0.010751225,-0.075153746
0.010112657,-0.089813136
0.008787942,-0.11071623
0.005429407,-0.11983726
0.002117339,-0.1055086
0.0037928997,-0.11116869
0.0034631412,-0.11279807
0.0029731023,-0.110674314
0.0032566555,-0.1120337
0.0032103385,-0.113459095
0.0031070178,-0.115656935
0.002924681,-0.11882862
0.0026122176,-0.122755244
0.0016978774,-0.11935552
0.0015109945,-0.11198634
0.002985694,-0.11792198
0.0023626138,-0.116159104
0.0031213174,-0.12669067
0.0013171837,-0.12061866
0.0011681544,-0.1113497
0.003715807,-0.12929288
0.00069510844,-0.11383646
0.002070883,-0.11185251
0.0027848554,-0.11178593
0.0031891263,-0.114684656
0.0032809651,-0.12162437
0.0016825759,-0.11301876
0.002849111,-0.11756202
0.0027073398,-0.12143264
0.0020563563,-0.12141795
0.0015466767,-0.11611684
0.002029362,-0.11295786
0.003203573,-0.12141013
0.0013159532,-0.10674369
0.0036347415,-0.1155874
0.001420585,-0.09162951
0.004722221,-0.093228996
0.0045905258,-0.080720045
0.0050515044,-0.05680432
0.011196886,-0.0805008
0.009846559,-0.09778089
0.0068385624,-0.10396189
0.0071587777,-0.13650225
0.0008387755,-0.117942646
0.0011553535,-0.10654771
0.0035998963,-0.11532833
0.0027386444,-0.11275817
0.0031113152,-0.11612053
0.0020193264,-0.10536463
0.003776716,-0.11103418
0.0034466148,-0.1122724
0.003419643,-0.11647952
0.0028174499,-0.11775236
0.002323052,-0.11584885
0.0025145982,-0.1164295
0.0021807572,-0.11161357
0.002375999,-0.10407204
0.0037570065,-0.105822824
0.004656537,-0.11782047
0.002496607,-0.110241026
0.0031865048,-0.11200773
0.0028318434,-0.10770727
0.004132271,-0.118759066
0.0024505388,-0.11432372
0.0031994744,-0.12282358
0.0016822254,-0.116468266
0.0022145226,-0.11619633
0.0027020122,-0.120847516
-0.0016801304,-0.054976653
0.010332923,-0.09185556
0.008073243,-0.10485481
0.005291237,-0.10610423
0.007020773,-0.14644341
-0.00038777496,-0.12204684
0.0011432257,-0.12291813
0.0011063447,-0.11711844
0.0019545741,-0.116428584
0.0022125149,-0.114802085
0.0020080253,-0.106083386
0.0037059058,-0.11183233
0.0010702512,-0.07584952
0.007643557,-0.0969551
0.0059009423,-0.09726533
0.0071556345,-0.123611465
0.0028338947,-0.118867025
0.0021358791,-0.11551122
0.00275641,-0.12031977
0.0016738456,-0.112068124
0.0032507163,-0.12152086
0.0017793771,-0.114525124
0.0024380318,-0.114381224
0.0016630905,-0.09826807
0.004792479,-0.11008344
0.004116144,-0.115709566
0.0035854343,-0.124724545
0.0007353516,-0.103469364
0.003901627,-0.11402966
0.0005302691,-0.07128583
0.0052555944,-0.0535864
0.010940475,-0.06838426
0.010771063,-0.081142664
0.010882972,-0.11490576
0.0037027637,-0.09445067
0.0052985325,-0.09884622
0.0057357405,-0.10957509
0.0049533118,-0.12300714
0.0020158202,-0.11411735
0.0019504935,-0.104281686
0.004152975,-0.114394456
0.0030996318,-0.11358996
0.0027204135,-0.110327974
0.0034039672,-0.114637196
0.00327219,-0.12037548
0.002183446,-0.118114084
0.0017552022,-0.1105044
0.00288366,-0.11137425
0.0036588772,-0.120546505
0.0020608108,-0.11472671
0.0021149653,-0.10832793
0.0035429294,-0.11452383
-0.00046640696,-0.0568123
0.005443251,-0.02434731
0.016921807,-0.06814705
0.011256639,-0.06479248
0.012152491,-0.0892347
0.008937032,-0.10332184
0.004580687,-0.08770711
0.005887812,-0.08679122
0.0058823405,-0.07889155
0.00778571,-0.08650101
0.0076538124,-0.095913805
0.0075611314,-0.11868942
0.0036261291,-0.117332146
0.0026916645,-0.116887
0.001870067,-0.106837384
0.003287971,-0.10786445
0.0037903534,-0.11182671
0.0033209396,-0.11222592
0.0027554347,-0.10639815
0.004029905,-0.11420664
0.0032284332,-0.11571235
0.0029078298,-0.11812533
0.0016023655,-0.10454778
0.0035690342,-0.107653655
0.0040929234,-0.11470195
0.0036171582,-0.12278797
0.0018150688,-0.116563275
0.0022971844,-0.117137015
0.0011483758,-0.097387515
0.0040383926,-0.09874764
0.0052800314,-0.10806019
0.005454658,-0.12871249
0.0012178594,-0.1128607
0.002677361,-0.11658235
0.0027215076,-0.11997667
0.0021168005,-0.11862877
0.0024354842,-0.123220384
0.0014039384,-0.11652877
0.0026047963,-0.12395964
0.0015314011,-0.1197325
0.002179198,-0.12469122
0.0013172232,-0.12009012
0.0015631991,-0.116577744
0.001877701,-0.11159373
0.0029780334,-0.11508472
0.0029308242,-0.11809055
0.0024615373,-0.118423685
0.0021532185,-0.116491966
0.000694608,-0.08874284
0.0058029327,-0.10513298
0.0049250466,-0.11111916
0.0028958526,-0.098452635
0.0048779026,-0.10629036
0.004465588,-0.111098856
0.0036318705,-0.11217867
0.0030802896,-0.11001992
0.003913226,-0.12012372
0.002448481,-0.11877681
0.0021655457,-0.11763917
0.0029292158,-0.12835422
0.0007271219,-0.11581352
0.0024283538,-0.12252769
0.0015903133,-0.11791563
0.0016334351,-0.110851526
0.003138412,-0.11686356
0.0024247053,-0.11375007
0.0020738284,-0.10345208
0.003982451,-0.10910188
0.0030362424,-0.099930465
0.003960624,-0.09544022
0.0053899973,-0.1016571
0.005422758,-0.11161401
0.0050057345,-0.13031438
0.0017753075,-0.12842897
0.00033508558,-0.11491502
0.0022502888,-0.1192725
0.002492999,-0.12519458
0.0013721854,-0.12076009
0.0014836398,-0.1167047
0.00043663185,-0.0881562
0.005508953,-0.100505926
0.0057456535,-0.113023885
0.00385824,-0.114825085
0.0020372851,-0.09881769
0.004880277,-0.1110961
0.003107895,-0.102032185
0.0050620534,-0.117182344
0.0025614318,-0.1078084
0.0040788697,-0.11939971
0.0017136468,-0.10409753
0.0049576242,-0.12711225
0.0014695233,-0.11546266
0.003253518,-0.13113384
0.0010052308,-0.12606746
0.001411582,-0.13087045
1.7372633e-05,-0.1175667
0.0012209283,-0.1108045
0.003438099,-0.12338219
0.002796403,-0.1349057
0.00025710196,-0.12509097
0.0011517175,-0.12775372
0.00042225557,-0.11787701
0.0017214485,-0.11787428
0.0024893056,-0.124074295
0.0026323623,-0.13850176
-0.0012194196,-0.10883516
0.0023428013,-0.11265989
0.0016740657,-0.094560646
0.0047662184,-0.100219056
0.00504748,-0.10509754
0.0052910587,-0.11981161
0.0038858019,-0.13445221
0.0014838408,-0.1394333
-0.0011430688,-0.11851443
0.0012153431,-0.1188921
0.0018720826,-0.11913633
0.0014702207,-0.10993341
0.0032224734,-0.11660017
0.002538739,-0.11453072
0.0030345668,-0.120351374
0.00019614931,-0.085710414
0.0061868406,-0.10517711
0.0046374174,-0.10516771
0.0044492995,-0.10904663
0.0053268243,-0.13293691
0.00014905982,-0.10570655
0.0032500578,-0.112371445
0.003463057,-0.118364275
0.0011693622,-0.095257275
0.0037475652,-0.08874017
0.0064524896,-0.10124586
0.0055302847,-0.10759439
0.0050751963,-0.12074421
0.0035199916,-0.13206376
0.0012663698,-0.13148737
1.2123855e-05,-0.119739726
0.0002449616,-0.09993848
0.003631992,-0.10319658
0.0044683865,-0.10889074
0.0037647777,-0.10866587
0.0032306258,-0.10287822
0.004229545,-0.10618619
0.004968289,-0.121336296
0.0022951772,-0.11442051
0.003108669,-0.122349046
0.0018391402,-0.11828786
0.0014464475,-0.107496366
0.002973549,-0.10657479
0.0030889295,-0.09898529
0.004679155,-0.1038074
0.00514925,-0.1160607
0.0033438662,-0.11710542
0.0033149195,-0.12755965
0.0015705287,-0.12611401
0.00123816,-0.12534164
0.00094353966,-0.12009145
0.00032819147,-0.09762967
0.0047211717,-0.113459826
0.0036355087,-0.11711097
0.0001521971,-0.07376424
0.0067571774,-0.083184995
0.0076527353,-0.091814935
0.0072270003,-0.1036741
0.004725058,-0.098157205
0.005303441,-0.10386391
0.0052613663,-0.11513682
0.0033932407,-0.11503391
0.002803026,-0.113944165
0.002655205,-0.11157615
0.003149463,-0.114113584
0.003113521,-0.11771383
0.0023837385,-0.115345255
0.0023570838,-0.11231518
0.0029839056,-0.11476613
0.0035499195,-0.1269979
0.0007542267,-0.10977719
0.0021732766,-0.10284449
0.003819158,-0.10460807
0.0037117878,-0.0999312
0.0050574355,-0.10913228
0.0042483057,-0.11413822
0.0037119077,-0.12211407
0.0015407206,-0.10983736
0.0025321022,-0.10504678
0.0042332886,-0.11493048
0.003314396,-0.11797958
0.0028971517,-0.12331648
0.0014509249,-0.11531355
0.002383852,-0.117085345
0.0024936446,-0.118979685
0.0027670292,-0.1276521
0.0008322629,-0.116600916
0.0023626913,-0.12298841
0.0020543805,-0.12702933
0.0013542816,-0.12727402
0.00018299278,-0.11148275
0.0021872933,-0.11020769
0.0031717632,-0.11319095
0.0034705924,-0.12089548
0.0024743865,-0.12323063
0.0016179525,-0.1198996
0.0013788831,-0.11157346
0.0033021325,-0.12245954
0.001702034,-0.11539639
0.0030409906,-0.1265674
0.0012043009,-0.118807934
0.002883736,-0.1351363
0.0004670434,-0.12891516
2.2197838e-07,-0.11697876
0.0022069532,-0.12550125
0.0012984839,-0.12174015
0.00213777,-0.13027363
0.00019020366,-0.11539858
0.0024730244,-0.12476706
0.0016828417,-0.124956116
-2.0153822e-05,-0.100366265
0.0019045039,-0.07815001
0.0072407993,-0.09362104
0.006081509,-0.093273886
0.0034573928,-0.057301674
0.010293864,-0.07624235
0.008551905,-0.07295403
0.009230547,-0.08101397
0.010803535,-0.119452566
0.004916789,-0.12523374
0.002070916,-0.12078906
0.0020176822,-0.12214455
0.0020465555,-0.12637754
0.0012800557,-0.12441522
0.00028386142,-0.10626478
0.00038159726,-0.0664175
0.008523757,-0.08815283
0.0061971433,-0.07594208
0.010110488,-0.10956168
0.0060902545,-0.12123141
0.0026271152,-0.114334315
0.0018085643,-0.09958819
0.0034786167,-0.09267423
0.0057344506,-0.10187265
0.0047034514,-0.09980203
0.0057614106,-0.1149211
0.0025988675,-0.09946488
0.0043049683,-0.101493314
0.0044993963,-0.10202766
0.0049649896,-0.109570704
0.002558073,-0.08890781
0.00683786,-0.11226221
0.003148855,-0.09678135
0.0055690967,-0.11121321
0.0029659662,-0.0969149
0.0050782533,-0.1050795
0.0044084317,-0.106272325
0.004746181,-0.11738882
0.0029579538,-0.11616719
0.0021938079,-0.10902909
0.0037386653,-0.11897074
0.003068544,-0.12662031
0.0016297107,-0.12587993
0.0008437967,-0.11783079
0.0010472283,-0.104523614
0.0042210207,-0.120197564
0.002746825,-0.122375004
-0.00026572382,-0.08415391
0.005504911,-0.09338694
0.005615172,-0.09317215
0.0040050833,-0.067651376
0.008466447,-0.0754396
0.008289539,-0.07452139
0.008156216,-0.07109786
0.0093983635,-0.08021933
0.0088521745,-0.09055026
0.009118192,-0.12209947
0.0030150095,-0.10913114
0.0035512373,-0.1124688
0.0018914356,-0.091899194
0.0049507446,-0.09524077
0.0057651754,-0.10243351
0.005224097,-0.10895953
0.0037835662,-0.105717316
0.0041513974,-0.109683394
0.0042059165,-0.11893473
0.002616446,-0.11709621
0.0017770024,-0.106186874
0.0034043724,-0.10846129
0.0043247747,-0.121047944
0.0021985492,-0.115122
0.0035861877,-0.13206156
0.00024161403,-0.11366883
0.0023352243,-0.11786395
0.0020397129,-0.11385774
0.0030387226,-0.12104512
0.002048157,-0.11873507
0.001160189,-0.102849364
0.0036880032,-0.10722152
0.0040599653,-0.11256651
0.003936277,-0.12249079
0.00070130866,-0.0955043
0.0053678122,-0.115904205
0.0029140715,-0.10889261
0.003953666,-0.11861922
0.0031560557,-0.12611154
0.0007545537,-0.10942149
0.0033569532,-0.120719664
0.002130465,-0.11776538
0.0011330524,-0.09951382
0.0032988295,-0.09278878
0.0052730255,-0.096123055
0.0060826573,-0.10793324
0.0052038473,-0.12113038
0.002305097,-0.112945065
0.0035911675,-0.12609781
0.0017881081,-0.12469275
0.0012844051,-0.12141158
0.0018711695,-0.12517788
0.0015660827,-0.12696521
0.00029292458,-0.11153706
0.0023383615,-0.112244986
0.0029975064,-0.11492273
0.0033708299,-0.12453306
0.0007099441,-0.10360315
0.0035855433,-0.10962265
0.0039157243,-0.11689704
0.00340816,-0.12588744
-0.00014227572,-0.09203333
0.005002343,-0.10548787
0.0047680144,-0.113162674
0.003245412,-0.10993601
0.0024891228,-0.09662573
0.0055088066,-0.11287364
0.0028023566,-0.09875846
0.0045015113,-0.10178652
0.0054709073,-0.11653727
0.0040605683,-0.12809148
0.0008736505,-0.11209591
0.0030459303,-0.12210798
0.0011091997,-0.1058178
0.0033053737,-0.109064326
0.0041899057,-0.120969355
0.0014140807,-0.10254559
0.003793367,-0.10687487
0.004262314,-0.11432303
0.00409102,-0.1284136
0.00037559893,-0.10419592
4.8798007e-05,-0.05496355
0.0104752835,-0.08651886
0.007901533,-0.08857548
0.00848001,-0.11221113
0.00519983,-0.12142987
0.00022466913,-0.07842274
0.0071058935,-0.099583946
0.004867613,-0.09060852
0.005703416,-0.09016393
0.006549012,-0.09789391
0.0057163266,-0.10151398
0.0072745276,-0.13674109
0.0015427514,-0.13006917
0.00011434964,-0.116419435
0.0021134187,-0.12199049
0.001421786,-0.1152757
0.0022099507,-0.11433543
0.002769691,-0.117210425
0.00265257,-0.12002452
0.0023342266,-0.12260741
0.0014128003,-0.11559099
0.0017199643,-0.10718837
0.0031843248,-0.10784617
0.0036197843,-0.10959868
0.0035175905,-0.11044474
0.0033319301,-0.11013483
0.0023852945,-0.09506412
0.0052116355,-0.10497265
0.004369242,-0.10481469
0.0043765274,-0.1082394
0.0034083154,-0.10182582
0.0047771037,-0.11104917
0.0041417265,-0.11859808
0.0023237374,-0.111782394
0.002920577,-0.11253286
0.003393774,-0.11917286
0.0022130935,-0.11497082
0.0029073479,-0.12097307
0.0018415354,-0.11578113
0.001806117,-0.10702582
0.0031592879,-0.10663122
0.004814308,-0.12493009
0.0021041343,-0.12113666
0.0016593391,-0.116996184
0.001966426,-0.113638826
0.0032299622,-0.12385063
0.0015032128,-0.11597208
0.0018525417,-0.10988923
0.0034103575,-0.11765443
0.0024054993,-0.11417321
0.0029637157,-0.11893675
0.0019161495,-0.11154778
0.0032914001,-0.11970088
0.0021243063,-0.11536281
0.0024865647,-0.115668915
0.002651885,-0.117416576
0.0024379154,-0.117646
0.002725693,-0.12385371
0.0017306303,-0.122162245
0.0011711894,-0.113342166
0.0030686879,-0.1242848
0.0013422356,-0.115176395
0.0023877558,-0.11731209
0.0022118036,-0.11498502
0.0024410477,-0.113574505
0.0026532703,-0.11231479
0.003200989,-0.11682053
0.0030139973,-0.12277889
-0.0025235366,-0.042470172
0.011546478,-0.079283215
0.00919616,-0.084457494
0.009390625,-0.10928861
0.0061913594,-0.1250872
0.0017588504,-0.109292984
0.0031905128,-0.113054104
0.0031706756,-0.11574739
0.0028297175,-0.11724858
0.00264228,-0.11966012
0.002723255,-0.12798008
0.0016672151,-0.13164482
0.00051834097,-0.1268767
-1.9476245e-05,-0.111162536
0.0023164444,-0.11245098
0.0030982802,-0.117148675
0.0032769826,-0.1282497
0.0016071057,-0.1286658
0.0013603437,-0.13372065
0.0003567491,-0.13098195
0.0008311446,-0.1370402
0.00041745702,-0.14321326
-0.0014216792,-0.12882383
-0.00065561756,-0.11505699
0.0018162125,-0.11748899
0.0027298708,-0.12650521
0.0009034029,-0.11507449
0.0017870795,-0.109413095
0.0031101815,-0.112045646
0.003375444,-0.11678189
0.002670069,-0.11636895
0.0028319024,-0.121196754
0.000748471,-0.09837242
0.0031910613,-0.08996079
0.0057372055,-0.0963127
0.005842093,-0.102883376
0.0033691328,-0.08108786
0.0073421835,-0.096203536
0.006764162,-0.10930087
0.004600029,-0.1124102
0.0033372564,-0.11023084
0.0037511042,-0.116963826
0.0029869627,-0.12015322
0.0019966895,-0.11583862
0.0016481179,-0.10382608
0.0036972365,-0.1076071
0.0038385005,-0.11006767
0.0038564147,-0.115921184
0.0026714224,-0.11195586
0.0015097728,-0.08840546
0.006459284,-0.110156626
0.00428653,-0.11110925
0.003514747,-0.1111605
0.0028456193,-0.10423246
0.004560084,-0.116394326
0.0029819852,-0.11490419
0.0021861114,-0.10557743
0.0034804426,-0.10620705
0.0042824526,-0.11433629
0.0036195454,-0.12103633
0.002391948,-0.12153876
0.0021747104,-0.12510331
0.0010243304,-0.116235465
0.002603929,-0.12500483
0.0010226539,-0.11388862
0.0023691677,-0.11525171
0.002699832,-0.11768938
0.002105869,-0.11272796
0.0032790042,-0.121634476
0.0016712869,-0.1128832
0.0029944703,-0.11957109
0.002172051,-0.11721859
0.0025790005,-0.12166429
0.001363781,-0.11119243
0.003208564,-0.120078735
0.0024758829,-0.12243523
0.0015666407,-0.11701698
0.0023703137,-0.120674394
0.0020492356,-0.120994225
0.0017739467,-0.11882553
0.0010285389,-0.10221243
0.004321643,-0.115908794
0.0030972597,-0.1166313
0.0028747953,-0.1205415
0.0019055998,-0.11587586
0.0028977115,-0.12457649
0.0011426086,-0.11337911
0.0027349445,-0.119220406
0.0017281272,-0.11028057
0.0031086472,-0.11447945
0.0029473773,-0.11620929
0.0033394385,-0.12753005
0.0010833131,-0.11775706
0.002488887,-0.12675427
0.00073946104,-0.114111565
0.0026582254,-0.12179211
0.00129032,-0.10993143
0.0019262505,-0.09668517
0.0051948787,-0.11090378
0.004105651,-0.11581664
0.0034277434,-0.12256468
0.002045481,-0.120684825
0.0016146007,-0.11540822
0.0022863895,-0.11499219
0.0031001891,-0.123764165
-0.003949444,-0.016798854
0.012730736,-0.0354083
0.013304502,-0.026309619
0.018103072,-0.059536483
0.018712487,-0.13107792
0.0045285323,-0.114487015
0.002874542,-0.108329445
0.0040804986,-0.11933064
0.0025654656,-0.117878065
0.0026777543,-0.12305692
0.0012286401,-0.11200041
0.0024670553,-0.11101763
0.0032137695,-0.11460128
0.002964401,-0.1162917
0.0029487568,-0.12148955
0.0023458542,-0.12512334
0.0010534035,-0.115933046
0.0019354966,-0.11331846
0.0025646517,-0.11263444
0.0038183092,-0.12768088
0.00071084296,-0.10947701
0.0027328506,-0.11124479
0.0035435038,-0.11912827
0.0030364695,-0.1274085
0.0011969724,-0.12082165
0.0018916577,-0.12440364
0.0012895208,-0.12029622
0.0020550794,-0.1252934
0.0008436715,-0.11427125
0.0023309211,-0.11647877
0.0022321716,-0.11346786
0.0028939927,-0.11685964
0.0029502534,-0.12330074
0.0026348485,-0.13437913
-0.00021453717,-0.11631082
0.0020498412,-0.12226275
0.00061713136,-0.10271337
0.0031825255,-0.10152714
0.0033100932,-0.088719174
0.0055035963,-0.0891854
0.0038708,-0.056069702
0.010919867,-0.07969278
0.010664812,-0.10779218
0.005875442,-0.11130612
0.00527063,-0.13149233
0.00084099884,-0.1143452
0.0019404837,-0.11030821
0.003084046,-0.11320091
0.0029363844,-0.11289366
0.002910278,-0.11236475
0.0033919637,-0.118755884
0.0021772985,-0.11333404
0.0036535307,-0.12867221
0.0009833149,-0.11746411
0.0019995358,-0.11859194
0.0022817142,-0.12123174
0.0017859351,-0.11851983
0.001973253,-0.11703431
0.002208431,-0.11618171
0.0024670665,-0.11706762
0.002740014,-0.12247945
0.0017313783,-0.11860074
0.0013437127,-0.10711298
0.003514564,-0.11455875
0.0030750225,-0.11656565
0.0024439618,-0.113572694
0.0027553062,-0.1139156
0.0027145625,-0.1126921
0.0042496133,-0.13374367
-0.00020071548,-0.10688634
0.0034923363,-0.12081087
0.002067878,-0.11634808
0.0026035022,-0.12032103
0.0015121918,-0.11012223
0.0032116415,-0.11670419
0.00262743,-0.1162737
0.002320374,-0.112937175
0.0030435368,-0.11746174
0.0029026105,-0.12337628
0.0020760032,-0.12575938
0.0014592996,-0.12566024
0.0013687041,-0.12691931
-5.8388956e-05,-0.10631939
0.0028737357,-0.109081276
0.0035357391,-0.11287068
0.0033568994,-0.11661575
0.002738254,-0.11712109
0.002338764,-0.11486947
0.0030336776,-0.12213901
0.0018365819,-0.11806743
0.0025353802,-0.1247149
0.0014951833,-0.12138555
0.0018676496,-0.12402399
0.0016024965,-0.12463138
0.0009412663,-0.11643741
0.0024079336,-0.122795016
0.0013025139,-0.11390211
0.002454108,-0.11532245
0.0027159166,-0.11772379
0.0025960498,-0.12067348
0.0021670798,-0.12181838
0.0015378321,-0.11646121
0.002350134,-0.11907269
0.00214798,-0.11861375
0.0020310574,-0.116487004
0.0025049492,-0.119290136
0.0018076213,-0.112853065
0.0026911811,-0.114050366
0.0032243372,-0.121437855
0.0018841447,-0.116151854
0.0027112726,-0.122412406
0.0015346876,-0.115318485
0.0027187353,-0.122063085
0.0022083886,-0.12546791
0.00093451387,-0.11548066
0.0021520467,-0.11625008
0.0018502303,-0.107497275
0.003850515,-0.11839177
0.0022438972,-0.11135658
0.0037227399,-0.12440112
0.001744149,-0.1190209
0.0016490415,-0.11317131
0.0026342324,-0.114711665
0.002757447,-0.11598314
0.003149252,-0.12485084
0.0011849691,-0.11356339
0.0030798775,-0.12493653
0.0015563499,-0.12035763
0.0008323266,-0.103860945
0.003455258,-0.10771858
0.004422959,-0.12044638
0.0033256148,-0.13125758
4.7690268e-05,-0.10947619
0.0028964924,-0.11698168
0.002735868,-0.12021575
0.0022466315,-0.12127908
0.00058956764,-0.0987128
0.0028618323,-0.086391814
0.005810451,-0.08979358
0.0066999774,-0.09870753
0.0060602683,-0.108006656
0.0035205192,-0.09542731
0.005333672,-0.10267928
0.005329704,-0.11304979
0.0037478998,-0.11503141
0.0030821606,-0.11674895
0.0024809458,-0.11459955
0.0025195943,-0.11257911
0.0033203168,-0.11998793
0.0029845987,-0.12980884
0.0008968942,-0.12212968
0.0011157707,-0.11640348
0.0031292676,-0.13331923
0.0010818186,-0.13354728
0.0005106689,-0.13453427
4.496478e-05,-0.13200545
0.00048108908,-0.1353465
-0.00039335885,-0.12663719
0.000650232,-0.12662287
0.00088946393,-0.1254129
0.00078377227,-0.119321324
0.0017252108,-0.11988407
0.0018639885,-0.11905105
0.0019767047,-0.118083656
0.0020997857,-0.11707815
0.0013625199,-0.101771876
0.004708472,-0.11909484
0.002748378,-0.11733739
0.0024537516,-0.11721175
0.0019806193,-0.11062336
0.0037369686,-0.12399007
0.0013525465,-0.111376174
0.0031179604,-0.11915943
0.0024082744,-0.119428754
0.0020989922,-0.118422195
0.0022098303,-0.11913802
0.002069463,-0.1181604
0.0021848627,-0.11820882
0.0022277208,-0.11848139
0.0019258345,-0.11405119
0.0009039543,-0.08717398
0.0058659078,-0.10113905
0.0050688037,-0.10294718
0.005174682,-0.112538636
0.0043183076,-0.123289354
0.0020153325,-0.117813714
0.0013223588,-0.10334831
0.0033802202,-0.102961436
0.0042356206,-0.10584882
0.0042821127,-0.1100232
0.0039059678,-0.11456638
0.0026594927,-0.108086735
0.00439874,-0.124561
0.00218065,-0.12341461
0.0015066363,-0.11992472
0.0013841535,-0.11226996
0.0021866427,-0.10646689
0.0003346533,-0.056943256
0.010740734,-0.093748264
0.0067045987,-0.08821945
0.00832853,-0.1140731
0.004873124,-0.12177863
0.0018978718,-0.10939463
0.0033180546,-0.114688836
0.0030222875,-0.11695921
0.0030646075,-0.124754176
0.0008328047,-0.107753575
0.00314643,-0.11280662
0.0036894672,-0.12346956
0.0010308803,-0.10482785
0.0032915582,-0.10667692
0.004158196,-0.11448897
0.0032092137,-0.11552931
0.00236785,-0.10906422
0.0032594667,-0.11077753
0.002718235,-0.10242292
0.0015991997,-0.06547082
0.008439836,-0.07950318
0.008464005,-0.08716808
0.0069083706,-0.08413983
0.007941299,-0.0976361
0.0067077144,-0.10956475
0.0036311897,-0.09822125
0.0037601732,-0.08530257
0.0060354997,-0.08643736
0.0074155875,-0.09957563
0.0067961295,-0.11790426
0.002747235,-0.10468265
0.0035366649,-0.10219061
0.0042127557,-0.10282375
0.0039017776,-0.09658621
0.00474819,-0.09516517
0.0056403955,-0.10125424
0.0049106875,-0.101797685
0.0035012304,-0.084584214
0.005553222,-0.07863924
0.008100136,-0.09161759
0.0059732147,-0.083047934
0.00913152,-0.115107484
0.00535842,-0.12828587
0.0016587274,-0.11962845
0.00084537105,-0.101676255
0.003992589,-0.11037238
0.0037648152,-0.11460635
0.0033295124,-0.11952451
0.0022630333,-0.116969176
0.0020928707,-0.112734966
0.0031631864,-0.11989989
0.0036884465,-0.14135648
8.883064e-05,-0.13419147
-0.00043720892,-0.12483675
-0.00021417718,-0.107413374
0.0032618262,-0.11872724
0.0027724623,-0.12353899
0.0022378403,-0.12942249
0.00025156478,-0.11375867
0.0026401056,-0.12293237
0.0018768036,-0.12266551
0.0015239255,-0.11979674
0.0012669857,-0.10991271
0.002795384,-0.110764615
0.003202137,-0.112254746
0.0038165415,-0.123757735
0.0015999088,-0.114525445
0.0025548954,-0.11709701
0.0026681605,-0.121002674
0.0021522755,-0.122076884
0.001052369,-0.10907675
0.0029826423,-0.11259316
0.003006866,-0.11295154
0.0030700462,-0.114725746
0.0027355468,-0.11361402
0.002944604,-0.11567731
0.0028757437,-0.11886369
0.002068209,-0.11426334
0.0038497665,-0.13457417
0.0014548976,-0.1394871
-0.0009931306,-0.1215152
0.0010755991,-0.123551786
0.0010294262,-0.11779806
0.0017035421,-0.11443562
0.002525534,-0.11595331
0.0022809338,-0.11198531
0.003041775,-0.11519506
0.0030091922,-0.11931435
0.0011308676,-0.09920319
0.004472402,-0.11004242
0.0038691594,-0.11322023
0.0038255432,-0.12328597
0.0015448398,-0.11235333
0.0026232498,-0.11290635
0.0031370101,-0.117468834
0.0022600314,-0.112610675
0.003087309,-0.117595315
0.0024940458,-0.11696349
0.0032963427,-0.13087372
0.00048888195,-0.116348535
0.002587644,-0.12756956
0.0017119076,-0.13202664
-0.005739781,-0.007874516
0.016171703,-0.0608698
0.011181957,-0.048558123
0.012419588,-0.053001452
0.012645373,-0.062213544
0.010124828,-0.051095176
0.013451518,-0.075941786
0.009545516,-0.073855534
0.008152949,-0.0644937
0.009585824,-0.066381425
0.0070616324,-0.030445656
0.013107964,-0.032048203
0.018622393,-0.07987773
0.007699821,-0.03807762
0.015224351,-0.074205734
