0.014497823,-0.076700546,-0.18519893,0.114780806
0.01367706,-0.07730408,-0.18994766,0.11075997
0.012871804,-0.07552444,-0.1949803,0.12047252
0.012855356,-0.07306628,-0.1959844,0.13752078
0.013459898,-0.0733814,-0.18439889,0.12563854
0.014385587,-0.07554269,-0.19020127,0.12909509
0.014209389,-0.07442803,-0.19024092,0.13114929
0.013940193,-0.07568939,-0.18378884,0.11348554
0.01391131,-0.07597374,-0.19630454,0.12941
0.0131882345,-0.07412065,-0.18655072,0.11896137
0.0133056855,-0.07679434,-0.18653166,0.10801013
0.013272309,-0.074688055,-0.201104,0.13623215
0.012691621,-0.07338793,-0.18106374,0.110440314
0.01347331,-0.076857716,-0.19307633,0.11888664
0.012859229,-0.074571036,-0.1898741,0.116604626
0.012992454,-0.07441745,-0.193665,0.12654348
0.013183751,-0.07349147,-0.18972436,0.12763269
0.013962864,-0.07329012,-0.19355963,0.14147225
0.014136896,-0.0742018,-0.18061616,0.11777927
0.014452459,-0.07671943,-0.19221842,0.123893
0.0137097165,-0.073938005,-0.19321625,0.13224788
0.013491851,-0.07495006,-0.18317363,0.11300597
0.013671214,-0.07653962,-0.19321999,0.12076235
0.01311172,-0.07416887,-0.19203565,0.12527286
0.013530132,-0.07319172,-0.194651,0.14070992
0.01420309,-0.07269465,-0.1873531,0.13914841
0.0150215505,-0.074972734,-0.18462244,0.12853125
0.014520617,-0.077761866,-0.18144259,0.10247225
0.01341505,-0.07813975,-0.19509016,0.11012738
0.012207089,-0.07446055,-0.1951339,0.11913805
0.012663175,-0.07231019,-0.19855797,0.14441209
0.013326373,-0.073271416,-0.178317,0.11497851
0.014398139,-0.076795846,-0.19386484,0.12704018
0.0136792725,-0.0735564,-0.19149517,0.13145906
0.013737704,-0.07472844,-0.18550967,0.12008634
0.013775901,-0.07640332,-0.1884676,0.11519354
0.013216665,-0.07578853,-0.19132082,0.11620142
0.012423076,-0.07679715,-0.18328315,0.09223138
0.012256859,-0.07623687,-0.20207964,0.11961513
0.011698463,-0.07190714,-0.19222221,0.12461982
0.012818087,-0.07333737,-0.18973649,0.1275365
0.013829103,-0.07306115,-0.19253445,0.13934244
0.014202215,-0.07362273,-0.18367189,0.12556182
0.014633215,-0.075449705,-0.19056047,0.12901515
0.01413672,-0.07439669,-0.18937631,0.12783717
0.014196964,-0.07409842,-0.19247101,0.13649857
0.014376246,-0.07347296,-0.18891966,0.13718669
0.014632456,-0.07534197,-0.18351325,0.12129006
0.014575953,-0.076203965,-0.19276038,0.12860982
0.013917898,-0.074279495,-0.19068918,0.13052094
0.014184306,-0.07408468,-0.19169402,0.13779555
0.014271922,-0.07513235,-0.18267807,0.118992686
0.0145200435,-0.076187864,-0.1949544,0.13263528
0.013779321,-0.07434636,-0.18687907,0.12384924
0.01403062,-0.07570759,-0.19079989,0.12675469
0.013719706,-0.075475596,-0.18721205,0.11851407
0.013445378,-0.0767113,-0.18822208,0.111467786
0.013245093,-0.074877605,-0.19849437,0.13278818
0.012899928,-0.073712684,-0.18422018,0.11671415
0.013567991,-0.07629768,-0.1910233,0.12009972
0.013397044,-0.07416454,-0.19384001,0.13071719
0.013659194,-0.073024295,-0.19146223,0.13793688
0.014106256,-0.0747889,-0.18191512,0.11791309
0.014012167,-0.07793269,-0.18626884,0.105692476
0.013367398,-0.07483399,-0.20271453,0.136199
0.012547242,-0.07304074,-0.18178914,0.11199036
0.013232555,-0.07762426,-0.1883263,0.10676199
0.012485085,-0.07650233,-0.19044401,0.103049606
0.012081675,-0.074522056,-0.19828609,0.121777534
0.012170421,-0.072279304,-0.19197446,0.128251
0.013909871,-0.07040544,-0.20273165,0.1705243
0.0151114175,-0.07012469,-0.17622322,0.1435544
0.01673242,-0.07787803,-0.17807731,0.114588596
0.0149212275,-0.079570144,-0.18717106,0.100275725
0.0134003,-0.0740881,-0.21075179,0.14806421
0.012703368,-0.06972736,-0.18623567,0.14205453
0.014747844,-0.07548864,-0.18031321,0.121194795
0.014709385,-0.07809223,-0.18638481,0.11007666
0.013541992,-0.07613696,-0.19629276,0.12254098
0.013034307,-0.072723515,-0.19653836,0.14056364
0.013671865,-0.073063254,-0.18455113,0.12987614
0.01453569,-0.076213695,-0.18569171,0.12052211
0.014331306,-0.07540539,-0.19440585,0.1323014
0.013783786,-0.074037686,-0.18789943,0.1270677
0.014069801,-0.075375594,-0.18898162,0.12559035
0.013675653,-0.07650212,-0.18403521,0.107177936
0.013232561,-0.07703382,-0.19428408,0.11512413
0.012749791,-0.07331055,-0.19809987,0.13583827
0.013082267,-0.07291726,-0.1853988,0.12599742
0.013747852,-0.07699091,-0.18194914,0.10403448
0.013651966,-0.07569157,-0.2020516,0.13365166
0.012768473,-0.07226026,-0.18700083,0.12562908
0.014101749,-0.07362244,-0.19559194,0.14567643
0.014363033,-0.07324509,-0.18180017,0.12727475
0.014954806,-0.07645939,-0.18848063,0.12491158
0.014138637,-0.075754456,-0.18870816,0.119722255
0.013553302,-0.07578081,-0.19055355,0.1191669
0.013533295,-0.0737575,-0.19780195,0.1408784
0.0136908395,-0.072898954,-0.18471941,0.12981687
0.014483595,-0.07628005,-0.1854927,0.1196024
0.013937866,-0.076970205,-0.18797106,0.11161546
0.012864006,-0.07734679,-0.18778554,0.09985777
0.011622282,-0.07917247,-0.1838358,0.07308925
0.010508793,-0.07928023,-0.19549939,0.0763687
0.0099008065,-0.0727326,-0.20957457,0.11845964
0.010564323,-0.06743335,-0.20152448,0.15392329
0.011855725,-0.07524765,-0.15513575,0.044508003
0.012157467,-0.08109553,-0.21552512,0.10147238
0.0092256395,-0.06972716,-0.19061667,0.089950934
0.010542388,-0.07060173,-0.20841984,0.13868234
0.011805717,-0.06643284,-0.1922676,0.15625386
0.0145439925,-0.07126475,-0.17597218,0.12844571
0.015331161,-0.07727295,-0.18066496,0.104619086
0.014129896,-0.07492628,-0.20217144,0.13272318
0.012849259,-0.070932806,-0.19037452,0.13452417
0.013783444,-0.07387625,-0.18435864,0.1228074
0.013901293,-0.07660344,-0.18431537,0.10660847
0.013400189,-0.07533561,-0.19886613,0.12751181
0.013050302,-0.07106154,-0.19665977,0.14834139
0.014123214,-0.07217968,-0.1824127,0.13426319
0.0151078105,-0.07656547,-0.18276261,0.11724024
0.0144389365,-0.0767445,-0.19232959,0.121228255
0.013117091,-0.07590588,-0.18640034,0.106701076
0.0127618,-0.076407224,-0.19428456,0.11481896
0.012488424,-0.07360066,-0.19540963,0.1284026
0.013467431,-0.070926555,-0.19982293,0.16102637
0.014340769,-0.07282439,-0.17193939,0.11492985
0.015127803,-0.07968976,-0.18808623,0.109643675
0.013599314,-0.07513179,-0.19906296,0.12918314
0.012888082,-0.07272346,-0.19042817,0.13041432
0.013720912,-0.07439773,-0.18764973,0.12721172
0.014179074,-0.07492452,-0.18982449,0.12899525
0.013388336,-0.0778182,-0.17539485,0.08262273
0.010877215,-0.08910184,-0.16328071,-0.013428468
0.008967787,-0.07841861,-0.24529468,0.08974893
0.005970119,-0.06423267,-0.19507924,0.078480616
0.00805714,-0.07241307,-0.19242813,0.083160415
0.008959299,-0.074125305,-0.18249445,0.055878725
0.008976545,-0.074179225,-0.19943537,0.07281624
0.008501684,-0.06917981,-0.20045084,0.09202533
0.009423908,-0.06631725,-0.20568474,0.13469985
0.010680419,-0.06812657,-0.17695607,0.10255334
0.012520703,-0.07368737,-0.19155656,0.11086118
0.012156795,-0.07092585,-0.19357485,0.12097608
0.012555753,-0.0699462,-0.1948653,0.13836549
0.013437426,-0.07059386,-0.1854534,0.13281949
0.014320306,-0.07393156,-0.18362264,0.119402416
0.013671783,-0.07670771,-0.18257356,0.09594315
0.012581559,-0.07633112,-0.19683787,0.10817963
0.011657201,-0.07244307,-0.19657175,0.12242851
0.011884864,-0.07342289,-0.1845663,0.106830664
0.011725768,-0.07958378,-0.1748498,0.05699528
0.010682145,-0.07928092,-0.2040829,0.082557686
0.009408249,-0.07006962,-0.20754385,0.119219474
0.010233183,-0.06871353,-0.19208169,0.1275623
0.012375083,-0.07207569,-0.18472396,0.119730644
0.013270584,-0.07471336,-0.18561704,0.10993462
0.013231337,-0.07342431,-0.19799817,0.13131873
0.012839226,-0.07181393,-0.18673816,0.124045186
0.013813916,-0.07334713,-0.19271538,0.13550758
0.013962296,-0.07303412,-0.18592165,0.12769951
0.014331426,-0.07477185,-0.1887693,0.1265079
0.0140661895,-0.074525274,-0.18966801,0.12628837
0.013929967,-0.074246675,-0.1909307,0.12987536
0.013804464,-0.07474511,-0.18627985,0.120251186
0.013244575,-0.078238524,-0.17970805,0.086848885
0.012262922,-0.078845955,-0.19735017,0.098522864
0.010825131,-0.07492555,-0.19249037,0.09621676
0.01120105,-0.07289086,-0.20397943,0.13106202
0.012147434,-0.068955466,-0.19574152,0.15407124
0.013953654,-0.072929,-0.1731286,0.11294234
0.014860322,-0.078069836,-0.19104144,0.116615504
0.013385373,-0.07435358,-0.19350992,0.12278134
0.012970647,-0.073734604,-0.19059579,0.12392119
0.013458499,-0.07352415,-0.19278054,0.13405466
0.01369073,-0.074093044,-0.18413487,0.119924404
0.013961445,-0.07604114,-0.18992972,0.12001442
0.013658284,-0.07391559,-0.1955815,0.13532285
0.013414086,-0.074090146,-0.18269435,0.115499906
0.013734776,-0.07683264,-0.1902947,0.115745544
0.013229592,-0.07448079,-0.1949823,0.12778154
0.013288559,-0.072845966,-0.19238925,0.13657835
0.014081259,-0.07334464,-0.18759336,0.13486227
0.014674952,-0.07498601,-0.1859468,0.12699054
0.014592468,-0.07560417,-0.18985105,0.12727115
0.014252122,-0.0744028,-0.19264269,0.13527766
0.014129766,-0.07440404,-0.18625477,0.126568
0.014399859,-0.07562978,-0.19016267,0.12831202
0.013979529,-0.07555537,-0.1868843,0.11915333
0.013772566,-0.07599234,-0.19178803,0.12291346
0.01369736,-0.07356318,-0.1966823,0.14225203
0.014215419,-0.07216805,-0.18915385,0.14603327
0.015810145,-0.072634205,-0.1916652,0.15981089
0.016814167,-0.072503015,-0.18556044,0.15745312
0.017289529,-0.07579492,-0.17887598,0.13092199
0.016274488,-0.079061165,-0.18541098,0.115312345
0.014358361,-0.07764065,-0.19402935,0.1199133
0.013225935,-0.075043425,-0.19409978,0.12781969
0.01332611,-0.074623525,-0.18956804,0.1274232
0.013850377,-0.07538827,-0.18896855,0.12634964
0.013265512,-0.078723095,-0.17549609,0.07991027
0.012558456,-0.079449855,-0.20434658,0.109475255
0.011116993,-0.07220214,-0.19683771,0.12252517
0.012238696,-0.07190091,-0.19500217,0.14022247
0.0134341605,-0.073477566,-0.18030919,0.11794115
0.0144237485,-0.07583905,-0.19383731,0.1305847
0.013746755,-0.07374374,-0.18790512,0.12531196
0.013640363,-0.07608526,-0.18451044,0.10923293
0.013538161,-0.07524949,-0.19884351,0.13144925
0.012883648,-0.073181584,-0.1857362,0.11939408
0.013422411,-0.07604697,-0.18829975,0.115140274
0.010937072,-0.086983025,-0.14657588,-0.04270429
0.008534908,-0.08381514,-0.24349046,0.06112595
0.005341437,-0.06315767,-0.20606624,0.07096355
0.0067878533,-0.06873956,-0.19722688,0.08439976
0.009383634,-0.06429068,-0.21792537,0.16059066
0.010653953,-0.0653175,-0.16782323,0.10406099
0.013496437,-0.075466886,-0.18872245,0.10758627
0.012776972,-0.07053478,-0.19936031,0.13265133
0.012450627,-0.06984999,-0.18596485,0.12453938
0.013688875,-0.072102,-0.1917041,0.13483284
0.014043765,-0.071618624,-0.18836722,0.13574015
0.01433693,-0.07387275,-0.18315741,0.11975437
0.014216914,-0.07524443,-0.19108221,0.12277488
0.013610814,-0.07335605,-0.19329396,0.13185303
0.013510414,-0.07379299,-0.18562661,0.12096117
0.0139828315,-0.074736804,-0.19342326,0.13192505
0.013655259,-0.07415137,-0.18553229,0.12024268
0.013902944,-0.075447015,-0.19194292,0.12610161
0.013472684,-0.07479414,-0.18740676,0.11836677
0.01219513,-0.081629716,-0.16595122,0.03635017
0.010895663,-0.08115988,-0.21881913,0.09410657
0.008779102,-0.068127126,-0.20418885,0.12108168
0.01047956,-0.06971785,-0.19120543,0.12900247
0.011633703,-0.077762745,-0.16250634,0.04369197
0.011074848,-0.0809649,-0.20807564,0.08115222
0.008109876,-0.07514506,-0.17751335,0.020775411
0.007850801,-0.075287655,-0.21666375,0.0757515
0.0075126803,-0.063718766,-0.21292832,0.1277857
0.008785622,-0.068505846,-0.17017967,0.06726489
0.01155902,-0.06993811,-0.22328836,0.15048353
0.010974733,-0.06196902,-0.19015041,0.16498162
0.014634308,-0.071185954,-0.16644387,0.10918874
0.014730995,-0.080272846,-0.17897016,0.0770079
0.011938956,-0.077178195,-0.19860715,0.08727494
0.01007263,-0.07173716,-0.20099725,0.106649294
0.010640593,-0.06877405,-0.20223233,0.14094636
0.01204827,-0.07004612,-0.17972538,0.11861973
0.013865275,-0.07459066,-0.1900057,0.123631544
0.013592069,-0.07297265,-0.19077437,0.1272316
0.013537086,-0.07336692,-0.18848395,0.12466187
0.013760041,-0.07379329,-0.19073252,0.12867944
0.013730555,-0.07394128,-0.18772793,0.12391606
0.013770966,-0.074977115,-0.18882222,0.12122326
0.013565901,-0.074784316,-0.19079863,0.12320344
0.013780578,-0.07279378,-0.19775243,0.14666899
0.014601738,-0.070425645,-0.19238976,0.1625856
0.015956322,-0.07357619,-0.17533752,0.12902525
0.016480325,-0.07782708,-0.18971187,0.12959696
0.014018845,-0.07887069,-0.17545888,0.079263024
0.012549426,-0.08033154,-0.20262612,0.10240892
0.009816263,-0.079283915,-0.17099838,0.026252476
0.008219168,-0.088198744,-0.18659694,0.0022541669
0.0050932895,-0.09629365,-0.14449334,-0.17170314
0.0033450248,-0.07200901,-0.20344487,-0.053258874
0.0028726878,-0.054220024,-0.1713883,-0.08670613
0.0031176421,-0.044276167,-0.18915443,-0.013060413
0.003944941,-0.04148863,-0.19559689,0.03193679
0.005289365,-0.04192706,-0.21636704,0.11623683
0.0066721668,-0.04992618,-0.17456338,0.089947835
0.009506247,-0.06142897,-0.179195,0.07474194
0.009866127,-0.061507773,-0.20006983,0.106128484
0.009554103,-0.06151929,-0.19007379,0.11135826
0.010624699,-0.066555336,-0.18235731,0.09570064
0.011184838,-0.069178864,-0.19135723,0.101699054
0.010766074,-0.0693323,-0.18871126,0.0971157
0.01112265,-0.06881514,-0.19964361,0.124004036
0.011648564,-0.06710134,-0.19255769,0.13747057
0.013535094,-0.06822883,-0.19019753,0.14973705
0.014963501,-0.068970576,-0.18196832,0.13928464
0.014983718,-0.07297397,-0.17017075,0.08859549
0.013582431,-0.07616116,-0.20172721,0.11359998
0.011673049,-0.07076663,-0.19730364,0.12864944
0.012330434,-0.07200665,-0.18769473,0.12506445
0.013483688,-0.07420954,-0.18823832,0.12388489
0.013736184,-0.07434919,-0.18997487,0.12544157
0.013345684,-0.075661816,-0.18319392,0.10487336
0.0124027375,-0.07964867,-0.18128002,0.0730065
0.008601742,-0.09558109,-0.13923043,-0.11696411
0.005980157,-0.0799647,-0.2613581,0.02308019
0.0031262173,-0.057766072,-0.20514616,0.006240966
0.0043688253,-0.06122812,-0.2232464,0.07981406
0.006305324,-0.054519963,-0.21920028,0.16057952
0.009950115,-0.05770052,-0.1810855,0.16037887
0.0149496505,-0.06890909,-0.16668844,0.112110615
0.015741615,-0.0728328,-0.19519615,0.12982672
0.013653477,-0.06878368,-0.1925302,0.13863182
0.0138413925,-0.07052481,-0.1851386,0.13058221
0.0144415675,-0.07282685,-0.18782909,0.12918125
0.013940702,-0.074443474,-0.18288177,0.1093386
0.013608893,-0.074542016,-0.1975654,0.12818386
0.013023489,-0.07147444,-0.19200167,0.13542485
0.01393447,-0.072473705,-0.18874367,0.13756226
0.014408952,-0.074921854,-0.18118115,0.11562668
0.0145592615,-0.075332575,-0.1978612,0.13686083
0.013489609,-0.07361985,-0.18279873,0.11607712
0.0137903895,-0.07661922,-0.19113678,0.11869144
0.013467421,-0.073704794,-0.19693217,0.13740088
0.013780105,-0.07209751,-0.19063762,0.14398363
0.015033583,-0.07333337,-0.1870236,0.14298297
0.01581375,-0.07439425,-0.18748942,0.14168987
0.016194012,-0.07352415,-0.19377317,0.15739623
0.016302044,-0.072943956,-0.18460092,0.14931428
0.017120259,-0.074823774,-0.18840869,0.15097995
0.016675796,-0.075454384,-0.18350364,0.13570581
0.015958317,-0.0776861,-0.1857985,0.12286859
0.014541507,-0.078177385,-0.18794504,0.112369604
0.013661765,-0.07616003,-0.19882572,0.13232255
0.013285734,-0.07342796,-0.19033006,0.13432112
0.014161302,-0.075169206,-0.18661034,0.12831877
0.014364986,-0.07670517,-0.18609953,0.11797209
0.013972481,-0.07648014,-0.19282629,0.12385455
0.013111511,-0.07625495,-0.18464717,0.10535587
0.012921815,-0.07713308,-0.19480598,0.11490929
0.0128488485,-0.07229187,-0.20289762,0.14989798
0.013279498,-0.07212431,-0.17869349,0.12238312
0.014346074,-0.07862542,-0.18255891,0.10268526
0.013505292,-0.076656014,-0.19876887,0.121441714
0.012046492,-0.07493222,-0.18344638,0.09708194
0.012585542,-0.0749764,-0.20507379,0.13501339
0.01284337,-0.06863508,-0.19870389,0.16616379
0.013525444,-0.076826654,-0.15205063,0.04566294
0.011309073,-0.09368997,-0.17780428,0.0040100827
0.008300504,-0.07835711,-0.21994539,0.051140398
0.0062007313,-0.06747266,-0.2097619,0.07863348
0.0073149325,-0.06707538,-0.20150799,0.10433862
0.009668375,-0.06604931,-0.20089872,0.14052458
0.011628693,-0.06882681,-0.17592685,0.10875819
0.012837035,-0.07636852,-0.18051279,0.08404264
0.011690926,-0.07509471,-0.19630373,0.09415101
0.010738287,-0.069887556,-0.20385833,0.12660033
0.011307632,-0.06835897,-0.19071238,0.13344465
0.013373019,-0.07080355,-0.18818736,0.13766198
0.014538456,-0.07217348,-0.18632089,0.13477741
0.014306704,-0.075808786,-0.17696622,0.09774177
0.013697068,-0.07639839,-0.20119043,0.12313839
0.012355591,-0.071323425,-0.19337979,0.13119686
0.013560802,-0.07130694,-0.19499043,0.15136382
0.0146961855,-0.072133504,-0.18147108,0.13570853
0.015610452,-0.07598488,-0.18507884,0.1258786
0.014786158,-0.07612312,-0.18902615,0.121842586
0.013431899,-0.07732702,-0.18287393,0.09647233
0.012683565,-0.07742031,-0.1984009,0.112988554
0.011935671,-0.07296412,-0.19629636,0.12734692
0.013054238,-0.07104682,-0.198396,0.15604316
0.013966265,-0.07363742,-0.17101909,0.105543226
0.014586581,-0.07967733,-0.19240257,0.11083816
0.013351013,-0.07261786,-0.20534405,0.1488283
0.013571099,-0.069333635,-0.19072157,0.15927291
0.015494125,-0.0743497,-0.17340061,0.119623795
0.015608815,-0.07967368,-0.18664752,0.10911285
0.013355124,-0.07787587,-0.1898771,0.100225866
0.012106835,-0.07602139,-0.19737056,0.11317564
0.011797161,-0.07344939,-0.19399132,0.12189348
0.012744746,-0.072550535,-0.19509059,0.13934377
0.013547382,-0.073451705,-0.18182676,0.12066006
0.014536311,-0.07522847,-0.19482203,0.1365415
0.01388923,-0.07409833,-0.18331423,0.11844324
0.013874402,-0.07705773,-0.18806398,0.111835636
0.013381791,-0.07466273,-0.19835155,0.13236685
0.0131446,-0.07248603,-0.18951459,0.13309225
0.013783053,-0.07560211,-0.18145336,0.110872716
0.013769079,-0.0771562,-0.19257233,0.11601774
0.013021686,-0.07392597,-0.19578238,0.12985364
0.013294999,-0.072438106,-0.19241026,0.13976055
0.013956458,-0.07459003,-0.18032846,0.115667194
0.014449276,-0.07634435,-0.19511089,0.12993371
0.013693202,-0.07339715,-0.19046055,0.13175264
0.014179412,-0.073810466,-0.19087078,0.13759962
0.014216795,-0.0755663,-0.18031892,0.11133566
0.014128498,-0.077314116,-0.19447261,0.121440165
0.013522432,-0.072502844,-0.20008545,0.14907761
0.014315502,-0.070541464,-0.19014397,0.15859845
0.016027935,-0.073924705,-0.1780436,0.1335992
0.015871357,-0.079659015,-0.17807083,0.0984924
0.01424445,-0.07814761,-0.20301116,0.12513326
0.012446366,-0.07278008,-0.19210848,0.12745783
0.012365873,-0.078472234,-0.17149442,0.068380624
0.011853559,-0.081338204,-0.20180394,0.090860955
0.010162869,-0.07328581,-0.19897957,0.10426336
0.010499557,-0.07262441,-0.19460131,0.11436067
0.010500065,-0.07864314,-0.16568032,0.03287076
0.009949028,-0.08097581,-0.20994528,0.07336961
0.00831001,-0.06865081,-0.20725475,0.10504954
0.009085575,-0.068770245,-0.19223107,0.11002342
0.011609053,-0.068300374,-0.203953,0.155327
0.013111892,-0.06799095,-0.17912622,0.13687475
0.014668362,-0.076798,-0.17166798,0.087945886
0.013348647,-0.07884619,-0.19510956,0.09460921
0.011156575,-0.07313132,-0.19831912,0.10771823
0.011163028,-0.0705794,-0.1996911,0.13334231
0.012414855,-0.06988155,-0.18956403,0.1394492
0.014230626,-0.07236028,-0.18522277,0.13458508
0.0151151875,-0.07353455,-0.18941745,0.13853122
0.014795123,-0.07437414,-0.18349066,0.1223565
0.014627613,-0.075455435,-0.19283193,0.13016723
0.013984969,-0.07368315,-0.19040872,0.13199486
0.014240306,-0.07395159,-0.19013831,0.1351967
0.014198567,-0.075603336,-0.18190129,0.113185644
0.014027355,-0.07702883,-0.19343065,0.120582804
0.0128464475,-0.07585238,-0.18562286,0.10384312
0.012664754,-0.07639491,-0.19623911,0.1172634
0.012452244,-0.072919026,-0.19585183,0.13291487
0.01323264,-0.07256758,-0.18920523,0.13527621
0.014350576,-0.07402598,-0.18715,0.13264836
0.014488676,-0.075858966,-0.18357332,0.11597164
0.013455903,-0.07926161,-0.1807054,0.08392069
0.01225992,-0.07781956,-0.20315512,0.10988194
0.01087532,-0.07327134,-0.19053942,0.10437052
0.011544872,-0.07462333,-0.1941557,0.114478715
0.012008922,-0.073219046,-0.19196053,0.12034657
0.0120093245,-0.07644299,-0.17677498,0.07898021
0.011720571,-0.07848098,-0.19830106,0.094628744
0.010857413,-0.07108564,-0.20572908,0.13115095
0.010067561,-0.07681199,-0.15698084,0.01617393
0.009686506,-0.08258679,-0.21426804,0.06846553
0.007847759,-0.066672556,-0.21128805,0.1086311
0.008693015,-0.067461014,-0.19039609,0.108906716
0.010836602,-0.07180582,-0.18598717,0.10198702
0.011880452,-0.071579084,-0.19680063,0.12252062
0.0118318675,-0.07106914,-0.18496473,0.109703265
0.013083928,-0.0707619,-0.203956,0.15080135
0.013146993,-0.06948512,-0.1791248,0.12681839
0.014602219,-0.07541931,-0.1851343,0.11773252
0.014319422,-0.07309934,-0.19899108,0.14271933
0.013285411,-0.07355664,-0.17579892,0.10081416
0.013462646,-0.07807739,-0.19401544,0.10919453
0.012222565,-0.07389122,-0.19424954,0.11618079
0.011960315,-0.07450803,-0.18707702,0.105412446
0.012358143,-0.0748183,-0.19570924,0.11978309
0.011859854,-0.0751416,-0.18062158,0.08921212
0.011821364,-0.07764775,-0.19496416,0.09767839
0.0110379895,-0.07363591,-0.19623168,0.108650945
0.011492197,-0.07128499,-0.19984365,0.1358241
0.012063205,-0.07299177,-0.17612611,0.09724857
0.012598603,-0.07875759,-0.1882333,0.0901216
0.011399317,-0.07546281,-0.19609766,0.098600484
0.011129412,-0.07102151,-0.20517865,0.13623196
0.011617104,-0.07063032,-0.18110128,0.11403084
0.012462548,-0.07900502,-0.17416953,0.06677555
0.011392767,-0.079090014,-0.20031151,0.08426416
0.0077415854,-0.08605735,-0.14529471,-0.09186144
0.005565609,-0.08307798,-0.22807682,-0.0034449801
0.0035741609,-0.064173184,-0.19260333,-0.047319602
0.0037437775,-0.058507204,-0.233669,0.044692036
0.004602376,-0.04711176,-0.2429318,0.16960904
0.0075024497,-0.051177327,-0.17768718,0.15986504
0.013999176,-0.06755059,-0.16022055,0.09418928
0.014528102,-0.07293073,-0.19339417,0.10598075
0.011735153,-0.06849951,-0.19326621,0.11065859
0.011108784,-0.070615046,-0.18499161,0.094850495
0.011472936,-0.07115327,-0.198344,0.11698958
0.011624016,-0.06810454,-0.19617742,0.13755369
0.012957767,-0.06918941,-0.18669017,0.13722172
0.0143479295,-0.072518244,-0.18330689,0.12566575
0.014681618,-0.07353075,-0.19181935,0.13378279
0.014467934,-0.07159444,-0.19350228,0.14754297
0.014622325,-0.07313103,-0.17993814,0.123431325
0.014906331,-0.076504186,-0.18892466,0.12129565
0.014296567,-0.07319978,-0.19965103,0.14750877
0.014028335,-0.07223256,-0.18308307,0.13204572
0.015003318,-0.076169476,-0.186669,0.1259946
0.0144150555,-0.07645311,-0.18744011,0.117572874
0.014478568,-0.07296006,-0.20752159,0.1645595
0.014203141,-0.070875786,-0.17707625,0.13433011
0.013708849,-0.08743522,-0.1479484,-0.007631969
0.010596516,-0.08712996,-0.23004474,0.06857286
0.007035516,-0.066051625,-0.21427996,0.107728116
0.008164784,-0.06899844,-0.18803659,0.09879962
0.011353045,-0.06909496,-0.21012397,0.15843718
0.012493025,-0.06726235,-0.17719972,0.13379945
0.014321157,-0.07814954,-0.16872244,0.07522795
0.013117301,-0.07832896,-0.2044913,0.104766056
0.010804049,-0.07031838,-0.19837072,0.120344505
0.011359106,-0.07169383,-0.18723223,0.113753565
0.012573687,-0.073307745,-0.1921059,0.12251394
0.012670769,-0.073503055,-0.18545175,0.1104957
0.012395477,-0.07683983,-0.18267067,0.086338475
0.011747643,-0.075896084,-0.19973096,0.10597541
0.0108189415,-0.07247678,-0.19184543,0.10575641
0.011581929,-0.07235461,-0.1977043,0.12716691
0.011227925,-0.076487586,-0.16574636,0.0479389
0.00910247,-0.09259631,-0.16189119,-0.04778878
0.0073338025,-0.07353815,-0.25239655,0.06553256
0.0047734845,-0.056933448,-0.2178989,0.11468202
0.007330662,-0.06386801,-0.18355013,0.09912637
0.011249561,-0.066519246,-0.2065117,0.15354529
0.012036645,-0.066973396,-0.17157024,0.10953149
0.0119375205,-0.083833024,-0.15271457,-0.010545015
0.0094395345,-0.07792798,-0.2283014,0.06452124
0.006206199,-0.06331848,-0.2036209,0.07645779
0.007832393,-0.06363332,-0.21390192,0.13893242
0.010387614,-0.061258126,-0.19448559,0.1692144
0.014053022,-0.06924014,-0.16368502,0.10636628
0.015437857,-0.076106064,-0.19393843,0.11990201
0.013230073,-0.07088661,-0.19391859,0.12879777
0.012746416,-0.07282579,-0.18231529,0.10686017
0.0130442865,-0.07455184,-0.1950146,0.12010349
0.012353553,-0.073048666,-0.18723331,0.11085804
0.012443077,-0.07501545,-0.18931219,0.10751189
0.012041908,-0.07523578,-0.18870778,0.10032905
0.011762892,-0.07470736,-0.19470543,0.109316975
0.011665468,-0.072822325,-0.19419698,0.11917127
0.012447846,-0.07157233,-0.19582957,0.13842838
0.013326518,-0.0721752,-0.18351153,0.12571585
0.014270212,-0.075096555,-0.18793473,0.12328254
0.013755693,-0.07530177,-0.18697317,0.113908365
0.013624481,-0.073827766,-0.19982262,0.13996929
0.013298552,-0.07240444,-0.18362758,0.12450532
0.014258605,-0.075566866,-0.18971762,0.12646127
0.013885719,-0.07502467,-0.18775415,0.120157294
0.013360539,-0.076653466,-0.18537085,0.10448857
0.012679657,-0.07717059,-0.19188106,0.104641244
0.011702284,-0.0763292,-0.18887913,0.094772056
0.011103736,-0.07739803,-0.18900378,0.08444212
0.01086661,-0.07476994,-0.20275953,0.1119431
0.010759649,-0.07137634,-0.19267868,0.11753286
0.012101075,-0.07238004,-0.19234854,0.1277206
0.0129051935,-0.07336526,-0.18454085,0.11563501
0.012671444,-0.07827699,-0.17667286,0.073482506
0.011239186,-0.08058257,-0.19166967,0.067252725
0.009379996,-0.07641734,-0.19616285,0.06827847
0.008497942,-0.07488775,-0.1939414,0.06523099
0.008471146,-0.07340075,-0.19857308,0.07802942
0.008548134,-0.071942896,-0.1930057,0.07766444
0.00870803,-0.07422548,-0.18551867,0.05649729
0.008522284,-0.07507878,-0.1933434,0.05535281
0.008011756,-0.07149779,-0.20006672,0.07007953
0.008045833,-0.06851331,-0.2008854,0.091330625
0.009038071,-0.06684498,-0.1997821,0.11788686
0.010371548,-0.068605006,-0.18385209,0.10470984
0.011781704,-0.071956426,-0.190478,0.10945011
0.011869223,-0.07105348,-0.19186571,0.11548955
0.012118795,-0.07106289,-0.19132961,0.12109702
0.012854077,-0.07050977,-0.19468078,0.13861264
0.01325966,-0.07217669,-0.17940581,0.11249263
0.013271745,-0.07778151,-0.18151319,0.08654785
0.012086278,-0.07615544,-0.19969717,0.10486571
0.011405075,-0.06957802,-0.20679538,0.1476724
0.01281198,-0.06709395,-0.19228005,0.16661958
0.0152463075,-0.07345695,-0.16663793,0.10750955
0.016086258,-0.07788664,-0.20093434,0.13588928
0.013964761,-0.071017444,-0.19380082,0.14725336
0.014822102,-0.072220825,-0.18688253,0.14572127
0.015762087,-0.07465507,-0.18357511,0.13356502
0.015689861,-0.075948484,-0.18897781,0.13224126
0.014759713,-0.07574446,-0.18732141,0.12382101
0.014352386,-0.07557965,-0.1931643,0.13186179
0.014267709,-0.07334582,-0.19416384,0.14594947
0.01463664,-0.07410418,-0.18241349,0.12874822
0.014915281,-0.07778846,-0.18462169,0.11399277
0.014124995,-0.0766819,-0.19570702,0.12621091
0.013433035,-0.07355331,-0.1938514,0.13664505
0.0136225885,-0.07523281,-0.18100424,0.11218463
0.014015842,-0.07715973,-0.19476989,0.12434621
0.013469854,-0.07334146,-0.19507346,0.13854764
0.013695268,-0.07425913,-0.18256877,0.11985557
0.0143500045,-0.076250255,-0.19287169,0.12894833
0.013608016,-0.075307205,-0.18496616,0.113438874
0.013369223,-0.07705925,-0.19036072,0.11183577
0.012911097,-0.07475719,-0.19631295,0.12666681
0.013178211,-0.07195878,-0.1962701,0.14706022
0.014076047,-0.0729867,-0.18101348,0.1276351
0.015107315,-0.07617639,-0.18965973,0.12991482
0.014592556,-0.074401245,-0.19151117,0.13504513
0.014484625,-0.07400518,-0.18940116,0.13581245
0.014568455,-0.07531569,-0.18483387,0.12319391
0.014199132,-0.07738915,-0.1860011,0.11019145
0.013243372,-0.07732073,-0.19140114,0.109075405
0.012723277,-0.074201986,-0.2002101,0.1338458
0.012726096,-0.07278926,-0.18587823,0.124107435
0.013634139,-0.07630022,-0.18554121,0.113325745
0.013504728,-0.075977646,-0.19326411,0.12071563
0.013208383,-0.07328376,-0.19572712,0.1366221
0.013487804,-0.073457226,-0.18449679,0.12411588
0.01404742,-0.076406784,-0.18656765,0.115679584
0.0135411415,-0.0761143,-0.19113368,0.11647275
0.013143197,-0.074087925,-0.19592291,0.13152224
0.012995375,-0.074264154,-0.18312117,0.11227696
0.013602332,-0.075764105,-0.19563429,0.12786897
0.013520638,-0.072043434,-0.19555981,0.14601918
0.014018057,-0.07373216,-0.17885895,0.11821831
0.014328469,-0.07852904,-0.18547826,0.10476744
0.013337939,-0.07572259,-0.19969438,0.12613355
0.01223753,-0.07419811,-0.18365921,0.10451395
0.012328705,-0.07826424,-0.18698123,0.092351906
0.011655137,-0.07656295,-0.19610488,0.102083355
0.011134725,-0.073528044,-0.19603388,0.11385528
0.011598972,-0.07281767,-0.19201173,0.119536236
0.012902151,-0.07138631,-0.1991585,0.14940947
0.01345256,-0.07266418,-0.17466937,0.10961655
0.014494812,-0.076815136,-0.19621715,0.12741795
0.013544528,-0.07201027,-0.19418664,0.13997506
0.014004803,-0.07286451,-0.18548933,0.1319029
0.014262635,-0.07695163,-0.17904654,0.10115749
0.01376164,-0.07696517,-0.20010474,0.12400404
0.012122688,-0.07448944,-0.18282701,0.09800898
0.01238885,-0.0765503,-0.19771793,0.11588911
0.01177746,-0.07392583,-0.18797675,0.10694882
0.011970624,-0.076269045,-0.18837017,0.09961208
0.011811462,-0.075349435,-0.19472338,0.108541206
0.011862407,-0.07220654,-0.19911607,0.13253315
0.012740947,-0.07053553,-0.19160469,0.14321269
0.014067608,-0.07367081,-0.17897092,0.11784932
0.01450657,-0.0768192,-0.18983816,0.117923975
0.013424118,-0.07480903,-0.1916601,0.11975873
0.013131714,-0.073765755,-0.19354388,0.12919946
0.013215511,-0.07402585,-0.18585967,0.11882258
0.013704242,-0.07499342,-0.19297475,0.12814197
0.0139188,-0.07214816,-0.19672461,0.1501854
0.014845862,-0.07106866,-0.18845591,0.15522744
0.016021123,-0.07471796,-0.17728145,0.12572055
0.015572124,-0.079306975,-0.1835148,0.10545044
0.013598206,-0.078249,-0.19355269,0.10703008
0.012059287,-0.0759583,-0.19250517,0.10649935
0.012125774,-0.07377691,-0.20066679,0.13341099
0.010726227,-0.08144651,-0.14888799,-0.013817804
0.008969844,-0.08828637,-0.21703695,0.042855773
0.006319433,-0.07036352,-0.20115103,0.039856862
0.0063915397,-0.070117585,-0.20878704,0.07478609
0.007647304,-0.06403389,-0.21277156,0.13157752
0.009785028,-0.06358019,-0.18944547,0.1416494
0.012487468,-0.07249818,-0.16595954,0.078271925
0.012678787,-0.077127345,-0.19671422,0.09361656
0.010863878,-0.06951278,-0.20262416,0.12120876
0.011329705,-0.06715031,-0.19793323,0.14805645
0.01333034,-0.068964854,-0.18249069,0.13878605
0.015028237,-0.07391896,-0.18107384,0.12087866
0.014257204,-0.07687124,-0.18261667,0.09791449
0.012812788,-0.07619712,-0.19637337,0.10850803
0.011769003,-0.07247175,-0.19672072,0.12298727
0.012224389,-0.071968086,-0.19096805,0.12788044
0.013163602,-0.0736573,-0.18597649,0.12014751
0.013497632,-0.075340435,-0.18773526,0.114527196
0.012981605,-0.07573225,-0.18836656,0.107359685
0.012109798,-0.07709446,-0.18520348,0.08787971
0.011693436,-0.07542563,-0.20304863,0.11655861
0.011341225,-0.07081954,-0.19527161,0.13051258
0.012822094,-0.07153816,-0.19038637,0.13809915
0.014189255,-0.07305145,-0.18518718,0.13149019
0.014567963,-0.07556018,-0.183934,0.11667884
0.014209677,-0.07527482,-0.19526987,0.1300443
0.013689499,-0.072495826,-0.19294304,0.13992862
0.013945544,-0.07462123,-0.17998353,0.11365298
0.0141507,-0.077272646,-0.19205774,0.118296884
0.013434192,-0.07354616,-0.19744325,0.13749245
0.01367017,-0.072034225,-0.19002591,0.14215405
0.014232716,-0.07624868,-0.17473772,0.099841036
0.0138682965,-0.07959367,-0.19405416,0.106266715
0.012517538,-0.07336986,-0.20266378,0.1353987
0.012603429,-0.07131883,-0.1890793,0.13629529
0.014130336,-0.07437366,-0.18455182,0.12679256
0.014584603,-0.075688094,-0.18885958,0.1256163
0.014203191,-0.07465197,-0.19202103,0.13149777
0.014101931,-0.07379451,-0.19060585,0.13525404
0.014420419,-0.07428119,-0.18768327,0.13200243
0.014583683,-0.07542025,-0.1871104,0.12572132
0.014437301,-0.0753051,-0.1918747,0.13137338
0.01399231,-0.07501613,-0.18663809,0.12208092
0.0142035335,-0.07503933,-0.19499378,0.13665535
0.0139672775,-0.07392238,-0.1861214,0.12777098
0.015060114,-0.07320088,-0.20124605,0.16269585
0.015564141,-0.070308685,-0.18610132,0.1632317
0.01761804,-0.07396557,-0.18156216,0.1501589
0.017338075,-0.07794232,-0.17784907,0.11679778
0.015651364,-0.079184115,-0.19380078,0.121192366
0.013750039,-0.07506035,-0.19561778,0.13196893
0.013238749,-0.075708754,-0.18290484,0.11008124
0.012412718,-0.08285765,-0.17196576,0.048608743
0.011162038,-0.08041469,-0.21639058,0.101264045
0.009077908,-0.070965186,-0.19354571,0.09845592
0.010231381,-0.07467126,-0.19095378,0.0990126
0.010280727,-0.07842783,-0.1746977,0.04643502
0.010003056,-0.077137865,-0.21258757,0.09379003
0.008894071,-0.06789345,-0.20133032,0.11689826
0.010657489,-0.06835761,-0.19557646,0.13829114
0.012913703,-0.06971123,-0.1854665,0.1365422
0.014426051,-0.07330722,-0.18216094,0.12140697
0.014176169,-0.0756894,-0.18559462,0.10894909
0.013425692,-0.07377941,-0.19930685,0.13172002
0.012716248,-0.07210487,-0.18564574,0.11999496
0.013432137,-0.07488043,-0.1893642,0.11997247
0.013048497,-0.075444445,-0.18526173,0.104946464
0.012710637,-0.07578555,-0.19442178,0.11374602
0.012179692,-0.073629886,-0.1922182,0.117562965
0.012800181,-0.0722924,-0.1979212,0.14150144
0.013448596,-0.07200148,-0.18376914,0.12953296
0.014636008,-0.07502067,-0.18847436,0.12963612
0.014177434,-0.07561018,-0.18428192,0.11332413
0.012941918,-0.07971015,-0.17827348,0.07256406
0.011869894,-0.07757373,-0.20955315,0.11326888
0.01098138,-0.06821984,-0.20651159,0.15699634
0.012665654,-0.07018581,-0.17557152,0.12408382
0.015119219,-0.076232746,-0.19009177,0.13065785
0.0142962625,-0.07471276,-0.18589175,0.11917398
0.013881411,-0.07552854,-0.19177039,0.122797206
0.01337211,-0.07431639,-0.19068931,0.124028966
0.013644913,-0.07348711,-0.19447868,0.1383616
0.013542998,-0.0750188,-0.17778778,0.10377081
0.010942312,-0.092498474,-0.1415457,-0.07083306
0.007668773,-0.08594037,-0.24357876,0.033923022
0.004455209,-0.06274204,-0.2094487,0.03988008
0.0052324566,-0.067458354,-0.20208801,0.058218196
0.0070709144,-0.06343235,-0.21412614,0.11745861
0.008451406,-0.06359405,-0.18417689,0.105410516
0.0108846845,-0.07050161,-0.1841121,0.09569534
0.010829044,-0.07366194,-0.180548,0.06615309
0.010166274,-0.07244012,-0.20250162,0.09214116
0.009295602,-0.06823243,-0.19545554,0.10134834
0.010049876,-0.06993166,-0.19013102,0.101756446
0.009872193,-0.07698228,-0.1661117,0.022327814
0.0091286395,-0.07674393,-0.21257854,0.06885059
0.007489271,-0.06571698,-0.20545653,0.09557809
0.008680017,-0.06553259,-0.20092222,0.12634774
0.010926372,-0.06658566,-0.18873656,0.13308789
0.012809711,-0.07179029,-0.17678192,0.1024594
0.013236522,-0.07434238,-0.19389276,0.11340088
0.012224334,-0.07123464,-0.19338629,0.12135121
0.012319669,-0.07209147,-0.18766803,0.116075404
0.012766896,-0.07358674,-0.18961532,0.11620491
0.01276622,-0.073411316,-0.19092579,0.11895166
0.012826633,-0.07316955,-0.19105259,0.1226311
0.013113355,-0.07304595,-0.19085042,0.12700759
0.01355778,-0.072952494,-0.19073886,0.13228361
0.013897227,-0.073714375,-0.186486,0.12551206
0.013916337,-0.0757674,-0.18541285,0.11288084
0.013557743,-0.075410314,-0.1948265,0.124226786
0.01300244,-0.0735866,-0.19002533,0.12380654
0.013593488,-0.07345121,-0.1943682,0.1385591
0.013931865,-0.0733889,-0.18472156,0.12760475
0.0142450165,-0.07676162,-0.18363963,0.11030098
0.014054394,-0.07495727,-0.20209855,0.14106297
0.013178705,-0.07271194,-0.18235156,0.12013839
0.013891236,-0.077259615,-0.18691689,0.11212147
0.01327023,-0.07626491,-0.1920534,0.1145094
0.0127108935,-0.07463117,-0.19347309,0.12157582
0.012931306,-0.073388144,-0.19343701,0.13228913
0.0133192865,-0.07437612,-0.18343844,0.11573897
0.013759842,-0.07609236,-0.19226524,0.122140445
0.013392305,-0.07376077,-0.19322531,0.13111328
0.0136082675,-0.07356358,-0.18872227,0.13010569
0.013986392,-0.07523506,-0.18549225,0.119324215
0.013800984,-0.07640532,-0.18884651,0.11490011
0.013388952,-0.07463367,-0.19636528,0.13074416
0.012898862,-0.07460678,-0.18215302,0.10728877
0.013279809,-0.07659019,-0.19526525,0.12029978
0.012148565,-0.076394424,-0.17923866,0.08339111
0.011647508,-0.07933356,-0.19479549,0.08900529
0.0101929605,-0.07676538,-0.18795627,0.07102495
0.009144727,-0.08029103,-0.18258019,0.03573511
0.00849778,-0.07632108,-0.21108405,0.07533922
0.007866669,-0.067858405,-0.20582464,0.1065031
0.009184174,-0.06836916,-0.19159102,0.11197643
0.01180569,-0.067948475,-0.20358534,0.15722369
0.013106964,-0.068612285,-0.17485799,0.12454304
0.014627878,-0.07674559,-0.18009293,0.10064743
0.013534362,-0.075005375,-0.19880052,0.119922295
0.012176815,-0.07157312,-0.19167385,0.122378185
0.012737298,-0.072876565,-0.18956874,0.12349737
0.012960144,-0.07487045,-0.18295343,0.103900835
0.012871455,-0.07574354,-0.19468948,0.11420836
0.01221916,-0.07313683,-0.19263422,0.119349346
0.0125645725,-0.073160574,-0.19142233,0.12445037
0.013105692,-0.07345911,-0.1891883,0.124657355
0.013458178,-0.07437308,-0.18790038,0.12045237
0.013499979,-0.07475476,-0.19032954,0.12167994
0.013198644,-0.074890584,-0.18781628,0.114746064
0.012839804,-0.0763274,-0.18675494,0.102841124
0.012333801,-0.076213285,-0.19328344,0.107311666
0.012055377,-0.07323644,-0.19858055,0.12834226
0.012242354,-0.07293129,-0.18476366,0.11461363
0.013073541,-0.07572171,-0.18960711,0.114445
0.012726306,-0.07522944,-0.18885148,0.109081246
0.012679866,-0.0740364,-0.19738452,0.12783554
0.01261498,-0.072760396,-0.18720405,0.121224
0.013531453,-0.074051514,-0.19268021,0.13154463
0.0136056235,-0.07381227,-0.18567812,0.12153829
0.0138271535,-0.075512774,-0.18928589,0.120109856
0.013583427,-0.07429043,-0.1933804,0.12933314
0.011923002,-0.08106234,-0.15784727,0.017983953
0.010595934,-0.0823985,-0.22524764,0.08928401
0.008084094,-0.066055894,-0.20776218,0.123414114
0.009790137,-0.06942071,-0.18496169,0.112212226
0.0130417105,-0.069600046,-0.20792478,0.16856332
0.013766526,-0.068455614,-0.17310883,0.13149054
0.015976327,-0.076402426,-0.18487135,0.12366971
0.014713301,-0.07521524,-0.18953417,0.12067574
0.013621422,-0.074414894,-0.19171521,0.123154186
0.013218873,-0.07417141,-0.18934873,0.120830014
0.013036494,-0.075763926,-0.18507482,0.10549267
0.012827136,-0.075969346,-0.19483732,0.11571507
0.011460796,-0.077896945,-0.17350955,0.05800911
0.010940053,-0.079071246,-0.20873198,0.09677965
0.009488947,-0.07105838,-0.1955286,0.1022281
0.010831669,-0.07054988,-0.20343716,0.1400608
0.012148296,-0.06974,-0.18322407,0.12866265
0.01397048,-0.074766606,-0.18367586,0.116617106
0.013984757,-0.074549735,-0.19347377,0.12663376
0.013209712,-0.073663965,-0.18661675,0.11650439
0.013456715,-0.074173026,-0.19486143,0.13046616
0.01322703,-0.07339317,-0.18582007,0.11991004
0.013558793,-0.07548208,-0.18903399,0.11772622
0.012833458,-0.076737806,-0.18266943,0.09300165
0.0123515725,-0.0764787,-0.19991003,0.11415372
0.011693423,-0.071962245,-0.19542272,0.12704675
0.012727285,-0.07189026,-0.19205265,0.13741499
0.0134021025,-0.07521227,-0.1756111,0.09786275
0.013561864,-0.07765946,-0.19811456,0.11676533
0.011302261,-0.0776136,-0.17193653,0.051332004
0.009821925,-0.08479862,-0.18836927,0.03432449
0.008084438,-0.07688334,-0.2058186,0.05487984
0.007197996,-0.070381634,-0.2061507,0.080794945
0.008268512,-0.06616749,-0.21094874,0.13341402
0.009747905,-0.06817865,-0.17438646,0.09105791
0.011735199,-0.075294144,-0.1910964,0.09686125
0.0113031585,-0.07096813,-0.1980798,0.116228156
0.011599295,-0.0686517,-0.19724458,0.13936976
0.012719183,-0.07052802,-0.18055345,0.11930772
0.0135714905,-0.075816125,-0.18254298,0.10023041
0.012942416,-0.074466154,-0.19857062,0.1198795
0.01207397,-0.071454294,-0.19156672,0.123247646
0.012624799,-0.0735299,-0.18593949,0.113573246
0.013043232,-0.07449313,-0.19194388,0.119441256
0.012982124,-0.072801635,-0.19360207,0.13026051
0.013265824,-0.07294068,-0.1872704,0.12544948
0.013599181,-0.07541395,-0.18447156,0.11090351
0.013288,-0.07606102,-0.1919144,0.11383627
0.012818086,-0.07340451,-0.19690622,0.13127434
0.0128728775,-0.07306952,-0.18573831,0.120967336
0.013387705,-0.07632271,-0.18508202,0.107516624
0.013112926,-0.07574827,-0.1952747,0.11928518
0.011224208,-0.08016472,-0.16324697,0.024707608
0.008939752,-0.09041427,-0.18444762,-0.0035315074
0.0070493184,-0.07500292,-0.2231615,0.05151961
0.005596408,-0.066718325,-0.20230235,0.059262387
0.0069222483,-0.06720793,-0.20637316,0.09626101
0.008451902,-0.065626636,-0.19509852,0.11182577
0.010042857,-0.070437156,-0.17812853,0.0801349
0.010661439,-0.07415561,-0.19103166,0.08107178
0.009638078,-0.07264114,-0.18937466,0.07065517
0.009225207,-0.071818724,-0.19822174,0.08509139
0.009167166,-0.06918527,-0.19734259,0.10010943
0.010238949,-0.067387246,-0.20169334,0.13427371
0.011635678,-0.0677794,-0.18472731,0.12807941
0.013518353,-0.07221157,-0.18471645,0.12073588
0.013475756,-0.07425775,-0.18437478,0.10576314
0.0127799045,-0.07462288,-0.19276875,0.11027528
0.01210596,-0.07261952,-0.19410351,0.119283944
0.012231983,-0.07253825,-0.18951556,0.11864458
0.012584386,-0.07443715,-0.18570551,0.106876545
0.012708557,-0.07451093,-0.19517615,0.11982624
0.012459075,-0.072532885,-0.19153714,0.12424304
0.0130265625,-0.07323286,-0.18959238,0.12565723
0.013150138,-0.07545993,-0.1816731,0.101927005
0.012896113,-0.07686945,-0.19376624,0.10862226
0.01214133,-0.07333001,-0.19662625,0.12348683
0.012507599,-0.07179841,-0.19349647,0.13573924
0.013418256,-0.073325135,-0.18324226,0.121140584
0.0140541615,-0.07575295,-0.18919072,0.120490804
0.013064618,-0.076921955,-0.1811628,0.090983026
0.012184127,-0.078284524,-0.19472066,0.096578
0.011196913,-0.07378829,-0.1991457,0.11471438
0.011726281,-0.07034151,-0.20137851,0.14773612
0.0128623955,-0.07174569,-0.17669305,0.11547228
0.0142751625,-0.07692526,-0.19011107,0.11836745
0.013518119,-0.07386,-0.19404837,0.12840147
0.013293616,-0.07324838,-0.18904532,0.12693238
0.013851475,-0.07392246,-0.1907877,0.13204443
0.013931545,-0.07451793,-0.18528646,0.12061918
0.014145812,-0.07498861,-0.19396365,0.13234232
0.013780101,-0.073697075,-0.18777476,0.12752303
0.014219127,-0.07455188,-0.19127148,0.1334556
0.014181987,-0.074453995,-0.18674484,0.12629658
0.014178766,-0.075955965,-0.18763666,0.11995296
0.013635076,-0.07636555,-0.18848433,0.113491274
0.013153603,-0.07564092,-0.19359314,0.12074937
0.012931476,-0.07402553,-0.19227226,0.12661928
0.01329757,-0.07420549,-0.18892305,0.12536758
0.013652747,-0.07519294,-0.1879227,0.12082683
0.012912485,-0.07867338,-0.17624055,0.07579034
0.012100923,-0.07878378,-0.2049894,0.10639506
0.010761364,-0.07143089,-0.19808373,0.12275078
0.011364697,-0.07408923,-0.18083033,0.09567326
0.012173587,-0.07668528,-0.19492303,0.107385784
0.011706163,-0.07299764,-0.19485047,0.1178786
0.012015163,-0.07286255,-0.19005513,0.11861838
0.012593555,-0.07421123,-0.18750674,0.11274698
0.012987151,-0.0737054,-0.1956054,0.128777
0.013013555,-0.07234424,-0.1887494,0.12773907
0.013658981,-0.07414249,-0.18718414,0.12279971
0.014080194,-0.073503666,-0.19531716,0.13993472
0.013867179,-0.073421866,-0.18219425,0.120263614
0.014386478,-0.07568637,-0.19272359,0.12899807
0.01376626,-0.07411832,-0.188345,0.124554165
0.013611833,-0.07593264,-0.18579328,0.11199666
0.0133906035,-0.0757636,-0.19463354,0.12271633
0.012867832,-0.07414443,-0.18934338,0.11972307
0.012839635,-0.076410994,-0.18410237,0.101198785
0.012624115,-0.07672983,-0.19522397,0.11151568
0.011746174,-0.07515148,-0.18748632,0.09921155
0.01153989,-0.07704913,-0.18929394,0.09197593
0.011174083,-0.07547716,-0.19630012,0.10305483
0.011099205,-0.07253216,-0.19734828,0.12031002
0.012165259,-0.07019977,-0.19856225,0.14856428
0.013721458,-0.07047001,-0.18359084,0.14067012
0.015093422,-0.075675756,-0.17833328,0.11265744
0.014670784,-0.076745056,-0.19458489,0.12307687
0.013490646,-0.07263039,-0.19612187,0.13898428
0.013681332,-0.0728429,-0.18525197,0.12923516
0.014348819,-0.07585092,-0.18551998,0.11899105
0.013236658,-0.07930985,-0.17669341,0.07447094
0.01196353,-0.0792626,-0.20346975,0.09977869
0.010622874,-0.07145798,-0.20222765,0.12600604
0.011449188,-0.07133323,-0.18841757,0.12433205
0.012635827,-0.07614941,-0.17818986,0.091857985
0.012725652,-0.07685071,-0.19960319,0.113804735
0.011471954,-0.07320729,-0.18849428,0.10460758
0.012061859,-0.073629335,-0.19821897,0.1265529
0.012140783,-0.072751075,-0.18413764,0.11074784
0.013062978,-0.074499376,-0.1953767,0.12680413
0.012621708,-0.074045606,-0.18211962,0.10344261
0.013241396,-0.07419161,-0.2034506,0.1389475
0.012718011,-0.07120797,-0.18388173,0.12429018
0.014281628,-0.073752694,-0.19489656,0.14281078
0.01443688,-0.07238586,-0.18573609,0.1363171
0.0152780805,-0.07412619,-0.1897794,0.14067926
0.014956139,-0.075091675,-0.18206306,0.12002671
0.014398678,-0.07777886,-0.18734734,0.11009231
0.013539002,-0.075063646,-0.20006838,0.13377121
0.0134318955,-0.07094736,-0.19633572,0.15543796
0.014708991,-0.072814606,-0.17888139,0.13176067
0.015900776,-0.07669156,-0.18897356,0.13273863
0.014846787,-0.075869836,-0.18634902,0.12147525
0.014189813,-0.07641982,-0.19128747,0.12291005
0.0137559725,-0.074503474,-0.19445989,0.13475476
0.014288288,-0.07210863,-0.19637038,0.15753071
0.014647993,-0.0749841,-0.17043176,0.10327788
0.014772237,-0.080619715,-0.19427145,0.11167281
0.012362976,-0.07714855,-0.1856336,0.08950227
0.0115607185,-0.077808335,-0.19709632,0.10078289
0.010982409,-0.074164055,-0.19543104,0.109836586
0.011632166,-0.07249483,-0.1979473,0.13190426
0.012983211,-0.07032606,-0.19494326,0.15326236
0.014984848,-0.070678376,-0.18641798,0.15578324
0.01616671,-0.075346164,-0.1739028,0.1156714
0.01565144,-0.07862891,-0.19252843,0.11987453
0.0137006305,-0.07446856,-0.19466929,0.12840061
0.013097972,-0.07487843,-0.18502395,0.11279948
0.013365493,-0.076110564,-0.19366364,0.12196224
0.012971018,-0.07438422,-0.18975672,0.12034966
0.013292737,-0.07447919,-0.19267556,0.12861355
0.012644509,-0.07781547,-0.17186671,0.07034168
0.01217447,-0.07959581,-0.2069547,0.106226295
0.010494544,-0.07155959,-0.19539213,0.113682695
0.011352589,-0.073292114,-0.19013047,0.11445218
0.012810277,-0.071637094,-0.20137137,0.14953989
0.013078929,-0.072568715,-0.17293124,0.10312798
0.0139378775,-0.078155145,-0.19382286,0.11315323
0.012752494,-0.07301896,-0.19662355,0.12841477
0.0122245485,-0.07503398,-0.17741233,0.08896628
0.011977344,-0.0798352,-0.18916737,0.08080254
0.010828814,-0.07511395,-0.2019981,0.10318307
0.010377789,-0.071372874,-0.19645828,0.11667561
0.011625024,-0.07098752,-0.19471644,0.13348897
0.013283997,-0.07042433,-0.1919692,0.14773563
0.014834406,-0.07161114,-0.18468863,0.14266671
0.01553961,-0.07511281,-0.1806522,0.12080041
0.014423912,-0.07878381,-0.18133533,0.09200182
0.012693892,-0.078025654,-0.19742152,0.102973744
0.011360296,-0.073446564,-0.19749384,0.11685392
0.011575593,-0.07325201,-0.18928617,0.114004344
0.012187382,-0.07561384,-0.18571348,0.10132196
0.01219375,-0.075883664,-0.19342083,0.10753674
0.012079304,-0.07236345,-0.20022357,0.13398789
0.012427448,-0.07181119,-0.18444057,0.12144351
0.013765165,-0.07443968,-0.19152762,0.12959543
0.013737375,-0.07369329,-0.18741761,0.12442227
0.013579486,-0.07600465,-0.18383716,0.1062761
0.012999894,-0.076898366,-0.19170412,0.1069063
0.011924656,-0.075880624,-0.18884496,0.097511016
0.01157164,-0.075598024,-0.19501634,0.10612621
0.011581644,-0.07262969,-0.19809608,0.12641235
0.012214089,-0.07188254,-0.1887958,0.12616113
0.01362246,-0.072825514,-0.19258831,0.13888831
0.014270209,-0.07255942,-0.18685135,0.1359416
0.014915041,-0.07424579,-0.18718877,0.13246292
0.014745649,-0.07511183,-0.18674056,0.124806866
0.013726281,-0.077983156,-0.17918158,0.089571424
0.0128820585,-0.077511296,-0.20343946,0.11819722
0.011741355,-0.07160018,-0.1953657,0.13051417
0.011714919,-0.07809882,-0.16523768,0.050133225
0.011117258,-0.08285443,-0.20354995,0.07623839
0.009126729,-0.07243534,-0.20169698,0.09240806
0.0093808,-0.07100779,-0.19902343,0.112343736
0.010428422,-0.07211343,-0.18482791,0.09773335
0.01147575,-0.0743949,-0.19271831,0.1049714
0.011618084,-0.07157043,-0.19734675,0.1245182
0.012061486,-0.070985705,-0.18857782,0.12368756
0.01304031,-0.0733214,-0.18665908,0.11796806
0.013201876,-0.074384585,-0.18843253,0.11418427
0.012936647,-0.07393902,-0.19236887,0.11984383
0.012837777,-0.072887145,-0.19215311,0.12644777
0.01311385,-0.073417954,-0.18734848,0.121007964
0.01336209,-0.075012654,-0.18758254,0.114847235
0.013175366,-0.07483495,-0.19223814,0.119930066
0.013206163,-0.072532445,-0.19715679,0.14087105
0.01331186,-0.07356219,-0.17864746,0.11051107
0.013568077,-0.07859789,-0.18634433,0.09847415
0.0123692,-0.07655027,-0.19504474,0.10531752
0.011375806,-0.074908935,-0.1906705,0.10083105
0.011523685,-0.07444706,-0.19619784,0.11479244
0.011802876,-0.0726,-0.19266969,0.122329995
0.012752275,-0.07249985,-0.19238293,0.13259523
0.013270244,-0.07417756,-0.18124965,0.110170096
0.013313832,-0.07733046,-0.18808074,0.10287071
0.012551706,-0.074577026,-0.19864267,0.12207251
0.01224229,-0.0719453,-0.19245075,0.12923639
0.013280165,-0.072732106,-0.18977,0.13335691
0.013904792,-0.07448011,-0.18333247,0.11777468
0.014002114,-0.0758914,-0.19126366,0.12109857
0.013415756,-0.07404362,-0.19248568,0.12720677
0.013644689,-0.072848596,-0.19393684,0.14082333
0.013993567,-0.07391878,-0.18154262,0.120265745
0.014544273,-0.07608576,-0.19279091,0.12908424
0.014067433,-0.073316,-0.19318369,0.13930629
0.014404603,-0.07325941,-0.18796013,0.13803244
0.014614464,-0.07635913,-0.17946497,0.10937812
0.014041106,-0.078543976,-0.19163163,0.109865576
0.012745114,-0.07527906,-0.19543393,0.11950401
0.012620677,-0.07330914,-0.1947642,0.13245806
0.013376013,-0.07309316,-0.18875368,0.13318126
0.0142000625,-0.074869685,-0.18562001,0.1245405
0.014093746,-0.076686114,-0.18556303,0.11150621
0.0136763295,-0.075398505,-0.19814064,0.13133387
0.013052919,-0.07338564,-0.18685322,0.12259813
0.013906418,-0.07449614,-0.19423184,0.13691495
0.013931515,-0.07388843,-0.18472293,0.124716885
0.014761654,-0.07418311,-0.19766797,0.14878796
0.014699693,-0.07226016,-0.18523,0.14121462
0.015336322,-0.07649235,-0.18021858,0.11635679
0.014985731,-0.07684275,-0.19662617,0.13251704
0.013822829,-0.073623456,-0.1900122,0.13219139
0.0144129,-0.07399461,-0.1924448,0.14257662
0.014506136,-0.0752075,-0.18009336,0.11665717
0.014746666,-0.07695472,-0.19565327,0.13150814
0.013922735,-0.07349289,-0.19168198,0.13682504
0.013697508,-0.077061586,-0.1753076,0.09262649
0.012565567,-0.08344067,-0.18226393,0.061928887
0.0106996205,-0.07878806,-0.20665441,0.090639286
0.0092737945,-0.07269349,-0.19633992,0.09611129
0.009203534,-0.07852313,-0.17215921,0.032065347
0.009057252,-0.0793584,-0.2087156,0.06933222
0.0076318057,-0.071138956,-0.19464919,0.0641027
0.008039984,-0.072175816,-0.1987475,0.07914709
0.0091099925,-0.06669245,-0.21266738,0.13659906
0.010536635,-0.06449215,-0.18939856,0.14599127
0.013714225,-0.070484385,-0.17793007,0.12468067
0.014918459,-0.073816665,-0.188701,0.12637602
0.014256177,-0.071886614,-0.19355808,0.13819237
0.014119082,-0.07165408,-0.18740615,0.1353153
0.014175684,-0.0755284,-0.1780669,0.102217205
0.012496613,-0.08270916,-0.17268045,0.04187658
0.010445716,-0.07963226,-0.21249488,0.08335451
0.008190553,-0.071818314,-0.19202463,0.070565455
0.009173561,-0.07132368,-0.21141492,0.121646225
0.010135676,-0.06655221,-0.19461437,0.13983849
0.012608535,-0.07118314,-0.17869581,0.11673715
0.0135274185,-0.07686814,-0.18083291,0.092290096
0.012192997,-0.07735016,-0.19063982,0.0865824
0.010884574,-0.07378601,-0.20027725,0.10578593
0.0104480395,-0.07197096,-0.19067621,0.10335654
0.0114255445,-0.07223693,-0.1973179,0.12408546
0.011684521,-0.07290508,-0.18051027,0.097039625
0.012141003,-0.07629018,-0.19190691,0.10028904
0.011399043,-0.073781446,-0.19307254,0.10377662
0.011358979,-0.07265163,-0.19544333,0.116504885
0.011259742,-0.07465071,-0.17873412,0.08057626
0.011703128,-0.07510692,-0.20588353,0.11837837
0.010676629,-0.07134223,-0.18426344,0.0978665
0.01172962,-0.074124,-0.19709702,0.117142074
0.011446036,-0.07330475,-0.18272986,0.09410522
0.011801776,-0.075357236,-0.19576131,0.10715018
0.011348494,-0.07252095,-0.19250788,0.11116274
0.011914818,-0.0720265,-0.19555056,0.1275213
0.01255787,-0.07183452,-0.187288,0.12368623
0.013222331,-0.07474226,-0.18413417,0.109074265
0.013285773,-0.074489795,-0.19656944,0.12619868
0.013056957,-0.07123699,-0.19473623,0.14181173
0.013968782,-0.0719706,-0.18566033,0.13634412
0.014781463,-0.07523646,-0.18265334,0.119503684
0.014080271,-0.07780507,-0.18424366,0.10027236
0.013154069,-0.075476885,-0.20271514,0.12901847
0.012475634,-0.07120098,-0.19259708,0.13739054
0.012772614,-0.077684246,-0.16665897,0.06510862
0.012177442,-0.08202,-0.20208856,0.08853587
0.009974371,-0.07353685,-0.19671255,0.09358135
0.009403894,-0.07715512,-0.17911477,0.050887734
0.009246121,-0.07862818,-0.19998668,0.06706197
0.008222675,-0.073309906,-0.19490325,0.06518971
0.008091699,-0.07388688,-0.19305147,0.062099066
0.008260618,-0.07228531,-0.19858174,0.075689256
0.00849409,-0.06969738,-0.1984744,0.091903
0.009710512,-0.066428825,-0.20773596,0.14069901
0.011002697,-0.06717458,-0.1784173,0.115355656
0.013210677,-0.07351952,-0.18726768,0.11417206
0.012429902,-0.07484626,-0.18034896,0.08374209
0.01151765,-0.07585203,-0.19601925,0.09324102
0.010502487,-0.07168627,-0.19780427,0.10803522
0.010799096,-0.07079279,-0.1934767,0.11720321
0.011656324,-0.07239998,-0.1860161,0.10785849
0.01229868,-0.07382543,-0.19166803,0.112995155
0.012400068,-0.071912564,-0.19562794,0.12921977
0.012757153,-0.071705714,-0.18736985,0.12532789
0.013275388,-0.07509848,-0.18207662,0.104240276
0.01300017,-0.07618304,-0.1930872,0.10973939
0.01240438,-0.072397,-0.19943176,0.13346069
0.012570642,-0.0718737,-0.18519568,0.12270243
0.014051038,-0.07319059,-0.19634752,0.14510147
0.013975817,-0.07329741,-0.17859441,0.11576515
0.014428288,-0.07695619,-0.19187324,0.12098331
0.013356587,-0.074644804,-0.19016972,0.11904923
0.013276116,-0.07413869,-0.19420896,0.13054286
0.0133895185,-0.073561236,-0.18772404,0.12625313
0.013468266,-0.076898165,-0.18039805,0.097930565
0.012955787,-0.07792445,-0.19550306,0.107723214
0.011935056,-0.07372116,-0.19641465,0.12066959
0.012354077,-0.0722304,-0.19466516,0.13541551
0.01273112,-0.075687595,-0.17315465,0.08584976
0.013076473,-0.0778279,-0.20474151,0.1204915
0.011580234,-0.07174712,-0.19006945,0.117188804
0.012575212,-0.073638424,-0.19279718,0.12717634
0.013357801,-0.07235444,-0.19229572,0.13802992
0.013719246,-0.074583985,-0.17873085,0.10810081
0.014028749,-0.07637844,-0.19722907,0.12667592
0.013058481,-0.072820194,-0.19035544,0.12723479
0.013021533,-0.076392,-0.17880833,0.093608074
0.0124112135,-0.07964115,-0.18952782,0.08582912
0.011010383,-0.07630899,-0.19711824,0.09493581
0.010550718,-0.07279899,-0.19995618,0.116215765
0.011361739,-0.0705742,-0.19606453,0.13550979
0.01268736,-0.07246963,-0.181291,0.1160714
0.0140009895,-0.07439606,-0.1956647,0.13490288
0.013774861,-0.071902715,-0.18919124,0.1364324
0.014388362,-0.07392692,-0.18527603,0.12733074
0.014667311,-0.074663185,-0.19127621,0.13314565
0.014442044,-0.07340787,-0.1908258,0.13797635
0.01426162,-0.07542465,-0.1803095,0.11120553
0.013976903,-0.07778449,-0.19181244,0.113413595
0.012913411,-0.07481443,-0.194455,0.12186808
0.012962898,-0.072993495,-0.19531024,0.1375157
0.013160052,-0.07515063,-0.17664814,0.09946251
0.013382476,-0.07856352,-0.19505455,0.1101665
0.012338881,-0.073485866,-0.19744325,0.1267328
0.012734543,-0.07183453,-0.19380724,0.14041288
0.013094741,-0.07647697,-0.16917977,0.07818172
0.012934042,-0.08017899,-0.20250016,0.10494195
0.01119594,-0.07167863,-0.19972157,0.12503158
0.011669923,-0.072465174,-0.18625182,0.115523405
0.01243355,-0.07688257,-0.1811681,0.08983681
0.012325993,-0.07582886,-0.20218576,0.11773089
0.01121336,-0.072887555,-0.18525474,0.09957677
0.011703953,-0.07595757,-0.19171692,0.10200666
0.0117540015,-0.07272174,-0.19959748,0.12610531
0.012324679,-0.06993473,-0.1952596,0.14543404
0.013517214,-0.07291168,-0.17646429,0.112267055
0.014458857,-0.07618685,-0.19503938,0.12733723
0.013107521,-0.07430923,-0.18354999,0.106424876
0.012908488,-0.076386996,-0.19284344,0.111338615
0.012528862,-0.072956204,-0.19834048,0.13260663
0.012401187,-0.073902056,-0.17905624,0.10068875
0.012871421,-0.077545635,-0.19307502,0.1070969
0.012155067,-0.0735381,-0.19681671,0.122294776
0.012568902,-0.07114818,-0.19719793,0.14510316
0.0132021755,-0.07390489,-0.17339261,0.09955624
0.012317282,-0.08548291,-0.16703036,0.023246644
0.010147224,-0.08056756,-0.21992607,0.079486504
0.007687391,-0.06834892,-0.20250556,0.095129855
0.009137222,-0.06890958,-0.2016615,0.12685865
0.011223126,-0.0684599,-0.18956366,0.13432026
0.012327225,-0.076378986,-0.16370282,0.05545035
0.011910957,-0.07867057,-0.20976825,0.09830474
0.009464344,-0.070021205,-0.19233331,0.09338447
0.009942946,-0.07355824,-0.18946284,0.08807989
0.010373993,-0.07308739,-0.19512397,0.09849776
0.01045961,-0.07161488,-0.19335833,0.10495344
0.011692549,-0.06822344,-0.20916851,0.15939361
0.012906708,-0.06668371,-0.18125138,0.14827974
0.015517531,-0.07474348,-0.17438032,0.11251575
0.015254095,-0.07642477,-0.19533747,0.12570046
0.013381536,-0.073012926,-0.19013326,0.12348907
0.013276117,-0.07432961,-0.18855186,0.11957326
0.013360719,-0.074472345,-0.19126964,0.123466395
0.013368449,-0.0737093,-0.19141063,0.1284301
0.013680547,-0.07356626,-0.19025964,0.13175967
0.013896782,-0.074801214,-0.18478104,0.118903495
0.013660984,-0.07711972,-0.18592261,0.10554916
0.012839807,-0.07670143,-0.19325282,0.10950824
0.01211609,-0.07466472,-0.1934033,0.11481514
0.0121580735,-0.074334316,-0.19066861,0.11533445
0.0124654565,-0.074839965,-0.18947971,0.11338103
0.012207555,-0.07678838,-0.18262747,0.088667475
0.011874247,-0.07678409,-0.19890249,0.106761314
0.011085208,-0.07303682,-0.19283004,0.10975057
0.011585324,-0.073742904,-0.19136141,0.11279929
0.011891619,-0.07476329,-0.18616909,0.10073195
0.012114818,-0.07469455,-0.19633704,0.115884125
0.01207168,-0.071719706,-0.19494095,0.1299841
0.0126810195,-0.072945274,-0.18386318,0.11549357
0.013325749,-0.075439535,-0.18943605,0.11488963
0.013087253,-0.07363992,-0.19485962,0.12772205
0.012962014,-0.07310456,-0.18733026,0.12141084
0.0135708805,-0.07417028,-0.19187127,0.1287623
0.01352982,-0.07400322,-0.18663928,0.12073368
0.013417213,-0.07628865,-0.18515967,0.105917305
0.012815898,-0.07663593,-0.19209427,0.10743313
0.012483395,-0.07283684,-0.2024726,0.1390542
0.012750146,-0.07109704,-0.18613158,0.132789
0.014158146,-0.07521878,-0.18348566,0.11906411
0.014072002,-0.07648482,-0.1888139,0.11502887
0.013515324,-0.074161254,-0.19778046,0.13469148
0.013196857,-0.07311891,-0.18530096,0.12286437
0.01367361,-0.07659514,-0.18507917,0.10944709
0.013389854,-0.075748414,-0.19611731,0.123744085
0.012764686,-0.07367785,-0.1894169,0.12104157
0.013253293,-0.0745086,-0.19141091,0.1262793
0.013290155,-0.074972056,-0.18541192,0.113714926
0.0134845255,-0.07533129,-0.1949421,0.12677722
0.013100761,-0.07377914,-0.18816608,0.12176774
0.013431951,-0.07521097,-0.18920344,0.12024149
0.013416883,-0.07480776,-0.1911877,0.12355425
0.013359141,-0.074357845,-0.19012798,0.12434953
0.013660118,-0.07390987,-0.1927156,0.13376993
0.013919466,-0.073646754,-0.18766445,0.13039425
0.014127333,-0.07588268,-0.18388373,0.11421742
0.014055069,-0.075507,-0.19727787,0.13301842
0.013326817,-0.07363749,-0.185871,0.121473126
0.013778246,-0.07584974,-0.18989852,0.12195187
0.013488898,-0.07525816,-0.18936585,0.11941983
0.013265133,-0.075477414,-0.18980663,0.11764564
0.013047024,-0.07543586,-0.19000028,0.11612887
0.013001814,-0.07476645,-0.19305447,0.123725675
0.013200122,-0.07336985,-0.19290271,0.13342339
0.011791577,-0.0827416,-0.15026672,-0.0056839795
0.00996085,-0.08478929,-0.22952567,0.07354229
0.0069116247,-0.06635347,-0.2049951,0.09034191
0.008428838,-0.06819361,-0.20275994,0.12404092
0.010859075,-0.067266114,-0.1926627,0.14131874
0.012977364,-0.07176702,-0.17532322,0.10732581
0.013810138,-0.07555384,-0.19212468,0.11455769
0.012749699,-0.07215846,-0.19416243,0.1244798
0.012740694,-0.07189272,-0.18997592,0.12633353
0.013387055,-0.0728557,-0.18908957,0.1273888
0.013972787,-0.07251733,-0.1929944,0.1398516
0.014487917,-0.071729265,-0.18972404,0.14551786
0.015218595,-0.07338482,-0.18387607,0.13449453
0.015059863,-0.07691439,-0.18063004,0.10821878
0.014003859,-0.07768584,-0.19402754,0.11425017
0.012769302,-0.074051216,-0.19596131,0.12673889
0.013099121,-0.07224727,-0.19503096,0.14352949
0.014208349,-0.072452895,-0.18614864,0.13998955
0.015521978,-0.07407987,-0.18913023,0.14426526
0.015730444,-0.07412169,-0.18697125,0.14060998
0.016011633,-0.07417435,-0.19183083,0.15005802
0.016273916,-0.07263337,-0.1914228,0.16101922
0.016622366,-0.0744767,-0.17846894,0.13415483
0.016280033,-0.07934798,-0.18240051,0.111505374
0.014552076,-0.0781981,-0.19608042,0.121485546
0.013357044,-0.07374654,-0.19813092,0.14139012
0.013507079,-0.074255705,-0.1814829,0.11915557
0.01404806,-0.07859084,-0.18598047,0.107332505
0.013219515,-0.077125505,-0.19457541,0.114954606
0.012555906,-0.07434404,-0.19493084,0.12576526
0.012836928,-0.0740484,-0.18873468,0.12333948
0.013575324,-0.07475778,-0.19108403,0.12861978
0.013211524,-0.07687939,-0.17773435,0.090941384
0.01237461,-0.08069214,-0.18936801,0.08160318
0.0108705545,-0.07657166,-0.19933029,0.09547185
0.01025295,-0.073042735,-0.19734387,0.10874742
0.010343962,-0.07562942,-0.1783901,0.06922158
0.010676496,-0.077130884,-0.20226234,0.09552271
0.010082475,-0.070288956,-0.20080954,0.11966167
0.011009462,-0.07034058,-0.18959464,0.121417046
0.012443759,-0.073182456,-0.18536642,0.11254334
0.013030983,-0.073649846,-0.19331545,0.12311296
0.012967893,-0.071974225,-0.19188082,0.13034034
0.013353587,-0.07309894,-0.18565057,0.12116206
0.013376418,-0.076138675,-0.18292704,0.1005014
0.012749522,-0.07630984,-0.194886,0.10927823
0.011886607,-0.07336648,-0.19408205,0.11673738
0.012191937,-0.07284904,-0.19263922,0.12466555
0.012737299,-0.07372732,-0.18610817,0.11559635
0.012526969,-0.078032665,-0.17767262,0.076282814
0.011972209,-0.07680193,-0.20749673,0.114251636
0.010770689,-0.070257075,-0.19459479,0.12347307
0.0119935665,-0.07291508,-0.1861234,0.115687065
0.0127220955,-0.07569738,-0.18495703,0.10200975
0.012665444,-0.07455757,-0.19872864,0.123295374
0.012238325,-0.07191743,-0.1901817,0.12408294
0.012777918,-0.07490622,-0.18278722,0.10452427
0.012778136,-0.0765054,-0.19156244,0.106254876
0.012190495,-0.07359421,-0.1970336,0.12228437
0.012372427,-0.07170573,-0.19330545,0.13339457
0.013391122,-0.07260972,-0.18688796,0.1299731
0.014328265,-0.07389339,-0.18953858,0.13321929
0.0142378295,-0.07467074,-0.18452191,0.119471975
0.014266916,-0.07495226,-0.19518898,0.13398418
0.013603699,-0.07403177,-0.1843566,0.118267275
0.013785128,-0.076279774,-0.19030909,0.118720986
0.013341015,-0.074712366,-0.19261853,0.124725156
0.013118228,-0.074743725,-0.18734163,0.11677529
0.013449915,-0.07481673,-0.1947404,0.13021466
0.013230005,-0.07423381,-0.18503308,0.11668034
0.013654454,-0.07558211,-0.19325368,0.12598036
0.013349347,-0.07410102,-0.18918662,0.12399792
0.013676181,-0.07447056,-0.19155732,0.12985258
0.013565736,-0.07520407,-0.18377328,0.11251811
0.013691595,-0.07587577,-0.19560403,0.12684613
0.013287583,-0.07303128,-0.1921151,0.13365574
0.013718506,-0.07439472,-0.18482485,0.121648
0.0141334245,-0.07566572,-0.19136414,0.12651487
0.013808659,-0.07427574,-0.19075565,0.12915935
0.013838686,-0.07466637,-0.18806079,0.12498996
0.0134990625,-0.07721182,-0.18105473,0.0972899
0.013094338,-0.07696488,-0.2007868,0.12140159
0.012194652,-0.0724035,-0.1928396,0.12769437
0.013097903,-0.0735352,-0.18925993,0.12906972
0.013738531,-0.07494208,-0.18555747,0.11912171
0.01401922,-0.07485486,-0.19490068,0.1334364
0.013532087,-0.07417915,-0.184101,0.1171822
0.013849057,-0.07588655,-0.19283004,0.12505658
0.013224531,-0.07502903,-0.18610786,0.112611674
0.013194538,-0.07591509,-0.19297725,0.119158134
0.0128809195,-0.07413362,-0.19189237,0.12352812
0.0133836595,-0.073029734,-0.19525266,0.14065044
0.013808165,-0.073492035,-0.18229048,0.12273577
0.014649425,-0.07545026,-0.19352747,0.13488124
0.013972298,-0.07462611,-0.18370749,0.11730373
0.014094342,-0.075913474,-0.19434729,0.12885225
0.013320646,-0.07494,-0.18456373,0.11200945
0.012902617,-0.07856732,-0.18380481,0.0901186
0.012213941,-0.076638825,-0.20201923,0.115464136
0.011532077,-0.07186116,-0.19525889,0.12781897
0.0127035715,-0.07240171,-0.19035217,0.13347499
0.0138479415,-0.073818736,-0.1857375,0.12659237
0.014163837,-0.07568175,-0.18625665,0.117496066
0.013704952,-0.07573445,-0.19116154,0.1190351
0.013365072,-0.07363555,-0.19599628,0.13521346
0.011053121,-0.08506038,-0.13968804,-0.049888354
0.00812078,-0.09033637,-0.22535303,0.026223276
0.0049735475,-0.07022652,-0.19164097,-0.017830336
0.00492334,-0.06753289,-0.22944838,0.060931172
0.0057378844,-0.05439041,-0.2349118,0.16773939
0.0084113125,-0.057894927,-0.1707816,0.12689583
0.0135461185,-0.07187128,-0.17636062,0.10443553
0.01371911,-0.071083955,-0.1969454,0.12538992
0.012547634,-0.06846387,-0.1911272,0.13093366
0.013329526,-0.07004385,-0.18887423,0.13434716
0.013788742,-0.07275014,-0.1811042,0.113300174
0.0136678275,-0.07513871,-0.18994346,0.11253698
0.012810833,-0.07317721,-0.19420813,0.12196917
0.012644499,-0.07235716,-0.19078657,0.12499651
0.013272579,-0.07282021,-0.19089516,0.13077928
0.013868657,-0.072788864,-0.19007413,0.13530158
0.014129493,-0.07437298,-0.18322648,0.11885828
0.014021962,-0.076406986,-0.18891865,0.11501993
0.01319855,-0.07528638,-0.19177578,0.11696938
0.0131424,-0.072929434,-0.19913979,0.1421486
0.013168764,-0.07351393,-0.17831127,0.110421054
0.013800962,-0.078013085,-0.19061774,0.11148177
0.013014668,-0.07434391,-0.1971035,0.12798579
0.013074582,-0.07193999,-0.19428006,0.14254579
0.0139992405,-0.07332949,-0.18253715,0.12695052
0.014858503,-0.07573359,-0.19015458,0.1303299
0.014327302,-0.074742444,-0.1885311,0.12671806
0.014270945,-0.07456626,-0.19256279,0.13494676
0.013976599,-0.07498592,-0.18343213,0.1170659
0.013996982,-0.076767504,-0.1915187,0.12017426
0.013254603,-0.075270504,-0.19008651,0.11808932
0.013145113,-0.075048245,-0.19232136,0.123570405
0.013343401,-0.07373434,-0.19317847,0.13384241
0.014125832,-0.07232018,-0.19395453,0.15035677
0.014664171,-0.07430856,-0.17685206,0.1171067
0.01509023,-0.07766755,-0.19341718,0.12629914
0.013390551,-0.07629121,-0.18255015,0.10013437
0.012656944,-0.0785894,-0.1921018,0.0997981
0.01131441,-0.07753196,-0.18690643,0.0815944
0.010607031,-0.07791935,-0.1946129,0.08470602
0.009292209,-0.07945715,-0.17698964,0.031255938
0.008741914,-0.078137085,-0.21241625,0.07506661
0.008040244,-0.06683601,-0.2119679,0.12243159
0.009476208,-0.06687673,-0.18881428,0.123507716
0.012632368,-0.06967222,-0.19423841,0.14642069
0.013763096,-0.07143136,-0.17668349,0.116080254
0.0142696705,-0.07628119,-0.18704833,0.10899265
0.0130802505,-0.07403816,-0.19484438,0.118735395
0.012409665,-0.072595656,-0.19106627,0.12052728
0.012712717,-0.07362787,-0.18843395,0.11713984
0.013095725,-0.07366532,-0.1929233,0.12644917
0.013068226,-0.073568515,-0.1865717,0.11791632
0.013698174,-0.07334387,-0.1977279,0.14119656
0.013609172,-0.072526775,-0.18268561,0.12397503
0.014340085,-0.07590897,-0.18866278,0.12225651
0.013928924,-0.07451792,-0.19254148,0.12912045
0.013645062,-0.07405612,-0.18845068,0.1255967
0.013801743,-0.075179465,-0.18833138,0.1218267
0.013660002,-0.075386316,-0.18980314,0.12089242
0.013436251,-0.074976206,-0.19105949,0.123214036
0.013500985,-0.07406936,-0.19287373,0.13213049
0.013684673,-0.074141465,-0.18663839,0.12486624
0.013724464,-0.07689616,-0.18315214,0.10474841
0.013283647,-0.076716535,-0.19662575,0.11895228
0.012532508,-0.073380284,-0.19320302,0.12597464
0.012906152,-0.07433148,-0.18680552,0.11815941
0.013324385,-0.07567875,-0.18956079,0.11723159
0.013075539,-0.075210884,-0.19026156,0.116562925
0.013422135,-0.07258134,-0.20210737,0.15073769
0.013302406,-0.07309927,-0.17364685,0.10532423
0.014319634,-0.07781383,-0.19753674,0.12554133
0.013067707,-0.07319555,-0.1902551,0.1248106
0.013446126,-0.0742501,-0.1906594,0.12827265
0.013489767,-0.07538586,-0.1836611,0.11070222
0.013497272,-0.076154105,-0.19464508,0.12177577
0.012916695,-0.07376153,-0.19117084,0.12405707
0.013108551,-0.074843474,-0.1872154,0.116672374
0.013350641,-0.07517797,-0.19244562,0.12343558
0.013361086,-0.07338374,-0.19340262,0.13415973
0.013859778,-0.07297702,-0.18936177,0.1366392
0.014600686,-0.07404041,-0.18731315,0.13380681
0.014941428,-0.07458823,-0.18937255,0.13533622
0.014309215,-0.076665446,-0.1789039,0.10226187
0.013596573,-0.078665555,-0.194584,0.109501116
0.012314227,-0.07446368,-0.19586517,0.12036554
0.012381637,-0.07349448,-0.19185553,0.12550513
0.013101114,-0.07420848,-0.18830888,0.12316
0.0135022225,-0.07529595,-0.18788525,0.11829537
0.013594745,-0.07458,-0.19445333,0.13083683
0.013447503,-0.073658615,-0.18746588,0.12522443
0.014038893,-0.074469,-0.19217038,0.13374649
0.014078341,-0.07396609,-0.18733028,0.12880777
0.014416096,-0.074829884,-0.19026491,0.13178964
0.014384476,-0.0742471,-0.18986571,0.13358463
0.014281268,-0.07535453,-0.18466897,0.11962428
0.014264988,-0.07581573,-0.1939535,0.13017677
0.0135799255,-0.07479007,-0.1859735,0.118096255
0.013630334,-0.076310374,-0.19077122,0.11930969
0.013300321,-0.07489213,-0.19234826,0.1247332
0.013361754,-0.07411228,-0.19134468,0.1294403
0.013764679,-0.0741812,-0.18924217,0.1298755
0.013989511,-0.07532212,-0.18595847,0.11997509
0.013958871,-0.07579,-0.19184466,0.12471693
0.013553903,-0.07453075,-0.19052039,0.12590604
0.013570933,-0.07501159,-0.18830949,0.1216542
0.013682159,-0.075154595,-0.19138792,0.12586334
0.013431523,-0.07520337,-0.18663356,0.11596596
0.013377928,-0.07604237,-0.19117627,0.11789452
0.013192597,-0.07410812,-0.19503005,0.13128036
0.013250795,-0.073824435,-0.18616761,0.122081645
0.013909338,-0.07505271,-0.19214115,0.12993339
0.013690663,-0.07465671,-0.18604948,0.119506195
0.013894074,-0.0752256,-0.1936023,0.12982857
0.013789629,-0.07323786,-0.19179806,0.13703167
0.014045164,-0.07480845,-0.1825271,0.11813906
0.014169181,-0.07687162,-0.19059278,0.11916091
0.013184582,-0.07608073,-0.1873915,0.10819801
0.012944106,-0.07529843,-0.19771571,0.12658638
0.012573803,-0.07372452,-0.18655315,0.1163179
0.013413299,-0.0745477,-0.19597837,0.13437071
0.0134672215,-0.07320413,-0.18622962,0.1265213
0.013930279,-0.07607909,-0.18519881,0.11419942
0.013607091,-0.07618006,-0.19227898,0.118481055
0.013010477,-0.07440532,-0.19230396,0.12312666
0.013288248,-0.07330715,-0.19427115,0.13673486
0.01357357,-0.074209444,-0.18189779,0.11611321
0.014217427,-0.07568738,-0.19584352,0.13300875
0.013669668,-0.07328363,-0.18815877,0.12924662
0.013669083,-0.07688022,-0.17978314,0.09919708
0.013157562,-0.07821642,-0.19511203,0.10805926
0.012241282,-0.07310062,-0.2005435,0.13296501
0.012839929,-0.07063053,-0.19405468,0.14968601
0.014035271,-0.07450464,-0.17311008,0.10543181
0.0145220645,-0.078519106,-0.19549295,0.11886847
0.013086576,-0.07323735,-0.19553427,0.13137728
0.013254222,-0.07302481,-0.1890545,0.13119912
0.013451279,-0.07707604,-0.17611443,0.090315305
0.012485671,-0.08140103,-0.1875336,0.07549814
0.010656902,-0.07758091,-0.19862513,0.08545003
0.009774745,-0.07336689,-0.20006846,0.1031862
0.010291909,-0.071624905,-0.19540896,0.11621743
0.011131686,-0.07398246,-0.18127027,0.090748064
0.011697482,-0.07596877,-0.19545609,0.10295462
0.0113194315,-0.07172952,-0.19811685,0.12241577
0.011822029,-0.07112257,-0.18971288,0.12424306
0.012976751,-0.072967865,-0.18790422,0.122690625
0.013385988,-0.07399835,-0.18778983,0.11849914
0.013243782,-0.07453664,-0.1892662,0.11616515
0.013134956,-0.07351484,-0.19471751,0.12915295
0.013450861,-0.071460396,-0.19433805,0.14536308
0.014240822,-0.072694294,-0.18201298,0.12890086
0.014826908,-0.07642051,-0.1850975,0.11720687
0.014515235,-0.07402154,-0.20126425,0.14717036
0.014206781,-0.07069527,-0.18944788,0.15194952
0.015818931,-0.0732691,-0.18432125,0.14500524
0.016493106,-0.075170375,-0.1861133,0.13934144
0.016223818,-0.07475391,-0.19180682,0.14699988
0.015643224,-0.074610345,-0.18466471,0.13455737
0.015619494,-0.07630766,-0.18905924,0.13325958
0.015025476,-0.07553419,-0.19000873,0.13359118
0.0145784095,-0.0759585,-0.18664862,0.124135025
0.014342327,-0.07657383,-0.1907288,0.12529258
0.0138788475,-0.07562579,-0.19042712,0.12553562
0.01374918,-0.075623505,-0.18948892,0.123874165
0.013704129,-0.07580928,-0.18946667,0.12208577
0.013198329,-0.077462696,-0.18248488,0.0974065
0.012981531,-0.07665439,-0.20263033,0.12667386
0.012270005,-0.07222245,-0.19079855,0.12858173
0.013313549,-0.07460899,-0.18660481,0.122279696
0.013614013,-0.07634094,-0.18581676,0.11068927
0.013513842,-0.07489594,-0.19907555,0.13386428
0.0129247,-0.073406994,-0.18359828,0.11579179
0.013650607,-0.07582783,-0.19305748,0.12510611
0.013390565,-0.073791854,-0.19065146,0.12757218
0.013620045,-0.07443516,-0.18837085,0.1246161
0.013822498,-0.07491214,-0.18979669,0.12522896
0.013731804,-0.07478226,-0.18942153,0.124147825
0.013687123,-0.07488235,-0.18992051,0.12433464
0.01364397,-0.074761786,-0.19004424,0.1249356
0.01353333,-0.07526595,-0.18743306,0.11763331
0.012727082,-0.078958966,-0.17692041,0.073963
0.011816423,-0.079036474,-0.20375623,0.10085051
0.010396845,-0.072467685,-0.19605722,0.10934878
0.011167207,-0.07268023,-0.1942753,0.12116411
0.01241083,-0.07182838,-0.19341151,0.13511729
0.013388376,-0.07287649,-0.18396097,0.123193614
0.0136819035,-0.07687909,-0.18124345,0.0982916
0.012798655,-0.07752402,-0.19330563,0.10152628
0.011616628,-0.07428689,-0.1955214,0.11035674
0.011553681,-0.07313729,-0.1930311,0.11683406
0.012199128,-0.07311945,-0.19121607,0.121599674
0.012636075,-0.0743665,-0.18530226,0.109181225
0.013164879,-0.07378646,-0.19947924,0.13532063
0.013114228,-0.071162164,-0.18881711,0.13618869
0.014193922,-0.07406874,-0.18412091,0.12459198
0.014240438,-0.07632411,-0.18553539,0.112292044
0.01330408,-0.07678696,-0.18931414,0.10613973
0.01123485,-0.081682116,-0.16822296,0.027346771
0.010029497,-0.07968435,-0.22249237,0.09250626
0.00793647,-0.06837826,-0.19586904,0.09345913
0.009732981,-0.07050891,-0.20210148,0.12713969
0.0114137875,-0.06873884,-0.19003472,0.13504884
0.013139075,-0.07311973,-0.17835547,0.10795372
0.013657061,-0.075417355,-0.19342141,0.117723465
0.0127902115,-0.072307274,-0.19342506,0.12628601
0.013146407,-0.07169359,-0.19279091,0.13750944
0.013498531,-0.07409218,-0.17822975,0.10616628
0.0136717735,-0.076890856,-0.19376442,0.11484111
0.012857685,-0.07239888,-0.19852838,0.13671088
0.012702946,-0.07356957,-0.17850678,0.104007825
0.013169102,-0.07777367,-0.19133168,0.106029354
0.012361484,-0.074013926,-0.19725692,0.121927924
0.012255959,-0.07259363,-0.19079289,0.12441075
0.012865421,-0.07474572,-0.18448085,0.11016594
0.013041772,-0.07598532,-0.1914616,0.11291954
0.012313704,-0.07541992,-0.18743907,0.10177677
0.011128581,-0.08054849,-0.17332593,0.04238454
0.009902762,-0.08044745,-0.20666115,0.07221683
0.008321696,-0.07136311,-0.20144802,0.087275736
0.008631696,-0.07231897,-0.19050597,0.08120251
0.009644664,-0.0725317,-0.19806507,0.09980634
0.010240482,-0.0697558,-0.19697118,0.11845656
0.011009273,-0.071676254,-0.18194897,0.09669739
0.011381616,-0.076546736,-0.18348125,0.07555393
0.010496582,-0.07572513,-0.19508098,0.08058585
0.0097336685,-0.071388625,-0.20193902,0.10464957
0.010251463,-0.06817643,-0.20049293,0.13408963
0.011536064,-0.07053536,-0.178248,0.10520516
0.012697278,-0.075898774,-0.18740287,0.09935285
0.0119039565,-0.074113876,-0.1932219,0.103713095
0.011156794,-0.07372989,-0.18901284,0.0959435
0.010998986,-0.07472433,-0.19076528,0.09345689
0.010848779,-0.07352235,-0.1953518,0.103586644
0.010825376,-0.07254329,-0.19141705,0.10464324
0.01084472,-0.07543633,-0.1811623,0.0748718
0.010385238,-0.077923045,-0.19069467,0.06851671
0.009512114,-0.07354763,-0.2025254,0.091029786
0.008977144,-0.07195191,-0.18884292,0.07874697
0.010074502,-0.07061362,-0.20933583,0.12729049
0.010886738,-0.065838605,-0.19573414,0.15105505
0.013398566,-0.070220985,-0.17650987,0.123924926
0.014409287,-0.077218704,-0.17835371,0.09325468
0.013152201,-0.076033324,-0.19961807,0.11275087
0.011730984,-0.07113725,-0.196339,0.1268003
0.012434279,-0.07145642,-0.18987042,0.13025978
0.013480942,-0.07347153,-0.18530636,0.12155449
0.013719108,-0.07530564,-0.18717198,0.11443157
0.013415556,-0.07426121,-0.1953328,0.12809753
0.013727885,-0.07031122,-0.20157567,0.16437453
0.014884054,-0.070082694,-0.180347,0.14878754
0.016665904,-0.07620572,-0.17921788,0.12501313
0.015406632,-0.07912442,-0.18314004,0.10175714
0.013679956,-0.076758064,-0.20177795,0.12588194
0.012622303,-0.0718885,-0.1951154,0.13940741
0.013845155,-0.0725407,-0.18863826,0.14223576
0.014700719,-0.07591377,-0.17815448,0.11193792
0.014708922,-0.07738139,-0.19673279,0.12842995
0.01355693,-0.07329141,-0.19238283,0.13443957
0.013891548,-0.07444076,-0.18618943,0.12623094
0.01400982,-0.077003144,-0.18386169,0.10863062
0.013401999,-0.07737713,-0.19288775,0.112466246
0.012537714,-0.07495844,-0.19348888,0.11819814
0.01277281,-0.073261574,-0.19628811,0.13624023
0.013223351,-0.07364077,-0.18274789,0.1185999
0.013946091,-0.07636758,-0.1903212,0.120573446
0.013570727,-0.074324146,-0.19341156,0.12961332
0.013583027,-0.07352618,-0.19000229,0.13158317
0.013728495,-0.07578776,-0.18148582,0.107991554
0.01355802,-0.07727003,-0.19351943,0.11484818
0.012639149,-0.074454956,-0.19278681,0.119247854
0.012673821,-0.07424467,-0.1908704,0.1213092
0.012979073,-0.07472247,-0.18860628,0.11796444
0.013180386,-0.07496753,-0.19104713,0.12091003
0.013207793,-0.07407976,-0.19191243,0.12670697
0.013288375,-0.07445212,-0.18679032,0.11857759
0.013986775,-0.07327073,-0.20073122,0.15000637
0.014454044,-0.06999371,-0.19036537,0.16052882
0.01589786,-0.074404486,-0.17377166,0.12123678
0.016091565,-0.07841545,-0.1918545,0.12586977
0.01419321,-0.07516357,-0.19082451,0.124538966
0.01357495,-0.07560412,-0.18869394,0.11910302
0.013442266,-0.07577729,-0.19115065,0.12116292
0.013151372,-0.075580284,-0.18839939,0.115193196
0.013124661,-0.07565759,-0.1923993,0.12045788
0.013075988,-0.0741849,-0.19267683,0.12789539
0.012876056,-0.076347254,-0.17868489,0.0933141
0.012808529,-0.07794325,-0.19880849,0.11243583
0.011830578,-0.07294141,-0.19488022,0.12228509
0.012567503,-0.07247818,-0.19379407,0.13562255
0.013325776,-0.07400109,-0.1811897,0.11398306
0.013768288,-0.07682188,-0.1901859,0.11427349
0.013102107,-0.0743488,-0.19473526,0.12515303
0.012822419,-0.07388454,-0.18745531,0.117763914
0.013274403,-0.074868545,-0.19193293,0.12388018
0.013246002,-0.07403846,-0.18958147,0.12343988
0.013809039,-0.07301662,-0.19675611,0.14494362
0.013939074,-0.07327432,-0.18007293,0.12037958
0.014817272,-0.0758125,-0.19485222,0.13569893
0.014408458,-0.072327785,-0.19297825,0.14744446
0.011924246,-0.087352954,-0.13146937,-0.07024834
0.008592231,-0.087939166,-0.2526089,0.05242606
0.0046102586,-0.06306876,-0.20058407,0.033743013
0.005497348,-0.071180075,-0.19969966,0.047302518
0.0064369603,-0.06929073,-0.19452626,0.047439255
0.006680177,-0.07075575,-0.1889737,0.032614
0.0069952803,-0.06727592,-0.20947845,0.07322392
0.0068950946,-0.06479985,-0.19210407,0.06975988
0.0077529205,-0.06967848,-0.18552366,0.052474637
0.007951328,-0.07039793,-0.19377819,0.055537306
0.0069834325,-0.07314126,-0.17559962,-0.0020674781
0.006241874,-0.072723046,-0.20024523,0.0129075665
0.0057071093,-0.06067211,-0.22330183,0.07819236
0.005360195,-0.0636426,-0.17402956,0.012218332
0.0068065133,-0.06575921,-0.21657497,0.076113075
