-0.0071931058,-0.015029253,-0.017205292,-0.047394276
-0.006533554,-0.0149808945,-0.017398022,-0.047096647
-0.0064522256,-0.015056545,-0.017538557,-0.048721395
-0.007124671,-0.015218519,-0.017504837,-0.051062603
-0.007255727,-0.014893912,-0.017060246,-0.048753913
-0.007466061,-0.015193075,-0.017433593,-0.05015155
-0.0076021603,-0.015133415,-0.017256377,-0.04974701
-0.0070059258,-0.014834802,-0.017105611,-0.046953406
-0.007158337,-0.015310116,-0.017674053,-0.050412353
-0.0068819337,-0.01478388,-0.01706545,-0.047462616
-0.0063229185,-0.0147519875,-0.017349435,-0.0467527
-0.0070123468,-0.01527158,-0.017787367,-0.05169684
-0.0065641343,-0.01435292,-0.016786808,-0.045734424
-0.006521332,-0.014928024,-0.017700486,-0.049102552
-0.0064310147,-0.014548804,-0.017230337,-0.04762933
-0.0067424695,-0.014788046,-0.0175285,-0.049648482
-0.007028491,-0.014678902,-0.017270705,-0.049240343
-0.007778333,-0.015083656,-0.017491097,-0.05165961
-0.0073781814,-0.014573481,-0.016898071,-0.047163583
-0.0072413785,-0.015041692,-0.017581087,-0.04945462
-0.007406078,-0.015004225,-0.017353052,-0.049800973
-0.006857732,-0.014631679,-0.017085422,-0.046716716
-0.0067540966,-0.014958374,-0.017604802,-0.049052816
-0.006863919,-0.014789796,-0.017328924,-0.04892505
-0.007574901,-0.015142445,-0.01751629,-0.051501937
-0.008039585,-0.0150724845,-0.017153164,-0.050562486
-0.0079564685,-0.015130514,-0.01718142,-0.04940799
-0.006826497,-0.014703992,-0.01704736,-0.045328714
-0.0062047425,-0.014954895,-0.017664583,-0.047440372
-0.006162505,-0.014777519,-0.017466981,-0.048171118
-0.0072281016,-0.01519109,-0.017655583,-0.052303687
-0.0070082224,-0.014450344,-0.016778005,-0.046778325
-0.0072063548,-0.015114943,-0.017673306,-0.050371367
-0.0074035833,-0.014890204,-0.017217759,-0.049481627
-0.007132747,-0.0148108,-0.017205596,-0.048021518
-0.006753817,-0.014792903,-0.01736734,-0.04776649
-0.006510097,-0.014741573,-0.017404772,-0.047881592
-0.005515601,-0.014133544,-0.017112136,-0.043715157
-0.005770181,-0.014774382,-0.017984264,-0.049659885
-0.0062356554,-0.0143056605,-0.017214285,-0.048488434
-0.0067813285,-0.0145251965,-0.017420076,-0.04974406
-0.0076158736,-0.014756086,-0.017407153,-0.051312096
-0.007593081,-0.014510555,-0.017026674,-0.04844143
-0.00762073,-0.0148975635,-0.017463923,-0.049825374
-0.0075181406,-0.014800443,-0.017255459,-0.048965055
-0.007783392,-0.015122271,-0.017467128,-0.05065356
-0.0080126915,-0.015132577,-0.017248819,-0.050322954
-0.007593488,-0.014982523,-0.017126992,-0.048135467
-0.0075316727,-0.01530584,-0.017511657,-0.049940057
-0.0075202254,-0.015181061,-0.017266534,-0.04943109
-0.007845412,-0.015418681,-0.017423201,-0.050903548
-0.007400176,-0.015017748,-0.0170221,-0.047673732
-0.0075784232,-0.015544942,-0.017620819,-0.05086837
-0.0073206094,-0.0151135065,-0.01706247,-0.048193775
-0.0072901943,-0.015371473,-0.017469633,-0.049671706
-0.0069772005,-0.015064141,-0.017180711,-0.04791954
-0.006494355,-0.0149617065,-0.017332673,-0.04724245
-0.0069635967,-0.015330016,-0.017671485,-0.050928198
-0.0067404686,-0.014693585,-0.016966876,-0.047100432
-0.006715852,-0.015025941,-0.017539516,-0.049024645
-0.0070938948,-0.015029083,-0.017405566,-0.05006264
-0.0076307664,-0.015154977,-0.017325858,-0.050763875
-0.0072795395,-0.014829232,-0.017024493,-0.047598455
-0.006496393,-0.014773102,-0.017318625,-0.04639868
-0.00706084,-0.015364807,-0.017829955,-0.05164493
-0.006587894,-0.014433038,-0.016801018,-0.04581057
-0.0060747047,-0.014698596,-0.017551668,-0.047003277
-0.0056220777,-0.014355809,-0.01737127,-0.046029147
-0.005982384,-0.014607058,-0.017688913,-0.049275625
-0.0065525123,-0.014438884,-0.017312253,-0.04933036
-0.008723819,-0.0154698575,-0.017813548,-0.0561164
-0.009045454,-0.014793194,-0.016559057,-0.04972829
-0.008134694,-0.015032406,-0.017165579,-0.0476885
-0.0067142597,-0.014778056,-0.017261378,-0.045160342
-0.0075198654,-0.01577852,-0.018129375,-0.05352256
-0.007838331,-0.01500937,-0.016836694,-0.04942544
-0.0075996337,-0.015195198,-0.017261581,-0.04888126
-0.0069234995,-0.014979329,-0.017224807,-0.047093313
-0.006790308,-0.015184806,-0.017568111,-0.049100786
-0.0073886556,-0.015313741,-0.017477209,-0.051161136
-0.00754223,-0.015080989,-0.01709065,-0.04928801
-0.007324028,-0.015116265,-0.017270053,-0.048668183
-0.0075308243,-0.015375275,-0.017481701,-0.050489713
-0.007417256,-0.015121623,-0.017144874,-0.04876846
-0.007322786,-0.015265534,-0.017378235,-0.04930091
-0.0065898187,-0.014805483,-0.017107178,-0.046169937
-0.006321869,-0.015021083,-0.017610267,-0.048264205
-0.0069477214,-0.0151785165,-0.017551536,-0.050906904
-0.007117845,-0.014817666,-0.017073905,-0.048681226
-0.006448975,-0.014585506,-0.017156616,-0.046051834
-0.0070107705,-0.015275616,-0.017857553,-0.051578023
-0.0070281834,-0.014645489,-0.016953943,-0.047932032
-0.007919164,-0.01547158,-0.017714811,-0.052772533
-0.007815434,-0.01490682,-0.01685388,-0.04842641
-0.0076097213,-0.015256682,-0.017428517,-0.049423125
-0.007180422,-0.015014283,-0.017229605,-0.04798278
-0.006848929,-0.0150107,-0.017404033,-0.04820608
-0.007494609,-0.015429657,-0.017625527,-0.05176025
-0.0075823744,-0.015009167,-0.017005058,-0.04897332
-0.007290286,-0.015099882,-0.017295428,-0.048510093
-0.006712991,-0.014886516,-0.017267846,-0.04711251
-0.0058384393,-0.014573421,-0.017301837,-0.045220975
-0.0043377476,-0.013910137,-0.01724932,-0.040835667
-0.0033734185,-0.01382508,-0.017860165,-0.042371098
-0.0043483716,-0.014193801,-0.018167876,-0.049985528
-0.006539459,-0.014214762,-0.017476093,-0.0531272
-0.004659971,-0.012363034,-0.015964365,-0.03559179
-0.004281112,-0.014053368,-0.01874705,-0.04809091
-0.003907695,-0.012658712,-0.017000388,-0.041822694
-0.005496546,-0.0139510045,-0.01839761,-0.05299955
-0.007500808,-0.013644811,-0.017095892,-0.052333217
-0.0079870885,-0.013665203,-0.016933767,-0.049039036
-0.0070987837,-0.013622226,-0.017121792,-0.04563767
-0.0073133497,-0.01441725,-0.017876176,-0.050702527
-0.0074253986,-0.014091396,-0.017150199,-0.048686527
-0.007272228,-0.014270821,-0.01734269,-0.048415884
-0.0065845624,-0.014033862,-0.01722609,-0.04606884
-0.0068134246,-0.01454559,-0.017761882,-0.05001632
-0.007754584,-0.014679588,-0.017428208,-0.051724635
-0.0080111,-0.014558945,-0.017061353,-0.049546596
-0.007530729,-0.014600569,-0.01720161,-0.04784693
-0.007203779,-0.014778283,-0.01746467,-0.048623323
-0.0063894093,-0.014343811,-0.017167132,-0.0456124
-0.0061441683,-0.014602557,-0.017667176,-0.04801669
-0.006587802,-0.014616531,-0.017502738,-0.049695246
-0.008261815,-0.015252555,-0.01764073,-0.054365665
-0.0077242292,-0.01433198,-0.01650605,-0.04617541
-0.006931652,-0.014875967,-0.017550383,-0.047476586
-0.007034751,-0.01508999,-0.017602831,-0.049978275
-0.007166347,-0.014835874,-0.01723055,-0.049061496
-0.007275405,-0.0149856815,-0.017351305,-0.049454834
-0.0074433326,-0.015055102,-0.017337384,-0.049784303
-0.0058535994,-0.014134272,-0.01676656,-0.041850645
-0.0016413517,-0.0123956585,-0.016699534,-0.023048343
-0.0015582793,-0.015133596,-0.020334002,-0.051003687
-0.0018733925,-0.012183143,-0.016390327,-0.038205754
-0.0022046801,-0.012883447,-0.018163554,-0.044178765
-0.0019930901,-0.011849628,-0.017243758,-0.038803864
-0.0019909726,-0.012021515,-0.018044638,-0.042079896
-0.0026981065,-0.011870741,-0.017855506,-0.044726487
-0.004781277,-0.012374756,-0.017965777,-0.05143281
-0.0052964967,-0.011603558,-0.016718643,-0.04433335
-0.0056275544,-0.012293735,-0.017747229,-0.047502644
-0.0061240885,-0.012337911,-0.017459527,-0.047812782
-0.0070785014,-0.012820641,-0.017590888,-0.050369434
-0.007559213,-0.012873194,-0.017205212,-0.04889592
-0.007347321,-0.013061654,-0.017277699,-0.04746774
-0.0061955466,-0.0128562115,-0.017205691,-0.043701738
-0.005728053,-0.0132974945,-0.01782807,-0.046692494
-0.006023935,-0.0132926265,-0.017584804,-0.04818848
-0.0058369865,-0.012986412,-0.017215045,-0.04560512
-0.0040001455,-0.012230203,-0.017021699,-0.037518166
-0.0032872905,-0.012842552,-0.018340226,-0.043866836
-0.0043328893,-0.012856282,-0.017944077,-0.04879647
-0.0056131044,-0.012700868,-0.017331226,-0.048893888
-0.006340223,-0.012788211,-0.017277656,-0.048252806
-0.0063229282,-0.012736866,-0.017264867,-0.046509188
-0.0069191596,-0.013405064,-0.017717807,-0.050130673
-0.0069889403,-0.013185795,-0.017127922,-0.047464818
-0.0075118197,-0.013873158,-0.017640956,-0.050591126
-0.0075596236,-0.013743026,-0.017141888,-0.048405312
-0.0075076036,-0.014104856,-0.017424867,-0.04898845
-0.0074097905,-0.014215217,-0.017346438,-0.048720513
-0.0074654114,-0.014462661,-0.017416734,-0.049409643
-0.007164862,-0.014334097,-0.017222656,-0.047780544
-0.005751397,-0.013813215,-0.017075108,-0.042715903
-0.005064643,-0.014139788,-0.01786907,-0.04590423
-0.00465968,-0.013633082,-0.017412418,-0.044534177
-0.0057273433,-0.0142602585,-0.017987227,-0.051176462
-0.007490174,-0.014291192,-0.017334063,-0.05272253
-0.0073149013,-0.013753128,-0.016714744,-0.046519518
-0.0070231054,-0.014320252,-0.017584626,-0.048446078
-0.006890324,-0.0142549705,-0.017373452,-0.048219834
-0.0068578054,-0.014322252,-0.01739964,-0.04845053
-0.007313315,-0.014584047,-0.017508648,-0.05039322
-0.007142051,-0.014306675,-0.017089065,-0.04769382
-0.0069725476,-0.01458386,-0.017457154,-0.048544254
-0.007395621,-0.014854982,-0.017512908,-0.050602682
-0.0069709406,-0.014396991,-0.016999159,-0.04678525
-0.00666057,-0.014675121,-0.017532136,-0.0481232
-0.006895165,-0.014768779,-0.017489046,-0.04960802
-0.0074189375,-0.014854323,-0.017367147,-0.05046403
-0.0077787726,-0.014921162,-0.017247606,-0.050203502
-0.0077156667,-0.014921008,-0.017211191,-0.04916597
-0.0075978404,-0.015052587,-0.017351132,-0.04935554
-0.0077684703,-0.0152235525,-0.017404333,-0.050378557
-0.0075747687,-0.015046193,-0.017164288,-0.048748817
-0.007532445,-0.0152592305,-0.017420141,-0.0497297
-0.007146636,-0.014976045,-0.017179796,-0.047880195
-0.0070072194,-0.015153864,-0.017466927,-0.04903511
-0.0076701767,-0.015451122,-0.017528636,-0.05174466
-0.008310339,-0.015477525,-0.017187677,-0.05149328
-0.00937018,-0.016110191,-0.017411936,-0.05397023
-0.009898983,-0.016192663,-0.01704834,-0.05271461
-0.009168592,-0.016066777,-0.016945604,-0.04934987
-0.007930887,-0.016002795,-0.017220758,-0.047639444
-0.0071801487,-0.016016709,-0.017476607,-0.048507687
-0.007037433,-0.015932174,-0.017426116,-0.04950559
-0.0071025784,-0.015774244,-0.01729702,-0.049575817
-0.007206666,-0.015710974,-0.01729166,-0.049686514
-0.005631304,-0.014657955,-0.016760359,-0.041870937
-0.0053632422,-0.015419888,-0.01812107,-0.04868247
-0.0057664216,-0.014851782,-0.017322961,-0.048481528
-0.0069018,-0.01521396,-0.017556872,-0.051880702
-0.006977273,-0.014643165,-0.016879546,-0.047737792
-0.0073702554,-0.015218919,-0.017587135,-0.05079846
-0.0072935317,-0.014845644,-0.017086068,-0.048421126
-0.0066355905,-0.014698577,-0.017231928,-0.046575986
-0.006997453,-0.015207049,-0.017750544,-0.050848935
-0.0068149725,-0.014590219,-0.017001113,-0.047313567
-0.0065699317,-0.014765479,-0.017448945,-0.047993343
-0.0017705549,-0.011716603,-0.015695184,-0.017527962
-0.00012843277,-0.014487745,-0.020349443,-0.04322553
-0.0005704907,-0.012372811,-0.017471869,-0.03942319
-0.0014499389,-0.012483641,-0.018054904,-0.043956667
-0.005198023,-0.013607799,-0.018475674,-0.05759208
-0.0058645345,-0.011858476,-0.015891647,-0.043436524
-0.0058603543,-0.012896479,-0.017799577,-0.04740101
-0.0066830656,-0.013123973,-0.017632952,-0.05008115
-0.006863852,-0.012920639,-0.017119125,-0.047344875
-0.0074218754,-0.013571344,-0.017644107,-0.05040303
-0.007821883,-0.013622146,-0.017253693,-0.04959207
-0.0074515245,-0.013640862,-0.017186005,-0.047378037
-0.0072268858,-0.013954854,-0.017526543,-0.048510667
-0.0073802783,-0.014146429,-0.01746145,-0.0494784
-0.0071321973,-0.014018854,-0.017208366,-0.047625452
-0.007407553,-0.014508884,-0.017600514,-0.05026945
-0.0071517765,-0.014169501,-0.01710488,-0.047494553
-0.0071812887,-0.014563075,-0.017548129,-0.04940596
-0.0069093457,-0.014299024,-0.017203476,-0.04751409
-0.0039981427,-0.012821236,-0.016567932,-0.03357471
-0.0034394674,-0.014321739,-0.018984007,-0.04739667
-0.004388979,-0.013452205,-0.017452333,-0.047736246
-0.0057193623,-0.01366088,-0.017502237,-0.050072238
-0.0039591785,-0.012040067,-0.016345484,-0.03546367
-0.0031133133,-0.013148385,-0.018527042,-0.0439467
-0.0012676278,-0.0113119325,-0.016850434,-0.030182036
-0.0009873317,-0.012528525,-0.019097079,-0.043343946
-0.0032043066,-0.0124854315,-0.018123874,-0.050778795
-0.0033309334,-0.011101207,-0.016450554,-0.039217073
-0.00594983,-0.013342836,-0.018901085,-0.056685284
-0.0078112297,-0.012407931,-0.01653346,-0.050266203
-0.007562623,-0.012682799,-0.017012166,-0.0465608
-0.0056912773,-0.012397755,-0.017127315,-0.040732738
-0.004513989,-0.012742088,-0.017972818,-0.043403536
-0.004497055,-0.012696683,-0.017827384,-0.04591253
-0.0060076364,-0.013178248,-0.017880812,-0.05157994
-0.0065220594,-0.012671048,-0.016896863,-0.04699521
-0.0069331937,-0.013271406,-0.017580098,-0.049231376
-0.007183322,-0.01332392,-0.017313864,-0.048605535
-0.0071816077,-0.013480989,-0.017355742,-0.048216447
-0.007324557,-0.01376404,-0.017469307,-0.049151327
-0.007242289,-0.013775347,-0.017291663,-0.048161574
-0.007075369,-0.01387726,-0.017400937,-0.048107076
-0.0070153084,-0.014034733,-0.017427074,-0.048469614
-0.007894917,-0.014619906,-0.017643284,-0.0521534
-0.009131557,-0.014981192,-0.017306434,-0.053300403
-0.008758601,-0.014680948,-0.016826026,-0.048518598
-0.008386676,-0.015283605,-0.017491419,-0.05004233
-0.006145573,-0.014112498,-0.016695976,-0.04059974
-0.0052452306,-0.014936679,-0.018174568,-0.046934817
-0.0026471543,-0.012815676,-0.016526401,-0.03141858
0.00027542555,-0.0123779485,-0.018072313,-0.02577027
0.0036864923,-0.009304468,-0.017005304,0.021129908
0.0054294234,-0.012190732,-0.021798657,-0.0032480971
0.0057005673,-0.011311159,-0.021302784,-0.012302804
0.0054490217,-0.010814116,-0.020454552,-0.019380828
0.0041697747,-0.0112568075,-0.020359352,-0.038580988
0.00037062622,-0.011173011,-0.018758217,-0.051949818
-0.0019116722,-0.009817801,-0.016409775,-0.041921046
-0.0024598134,-0.010138056,-0.01757648,-0.041695178
-0.0035760768,-0.010611405,-0.018018996,-0.046836622
-0.0044401935,-0.010420661,-0.017343638,-0.04514685
-0.0045283893,-0.010497953,-0.017433021,-0.043570027
-0.0046891593,-0.010816787,-0.017730342,-0.045110356
-0.004604159,-0.010742071,-0.017471744,-0.04357386
-0.005490839,-0.011421799,-0.017976003,-0.048886508
-0.006702152,-0.011573919,-0.017420016,-0.04942639
-0.008100077,-0.012241237,-0.017506093,-0.051600818
-0.008547882,-0.012453638,-0.017115401,-0.049262036
-0.0067923437,-0.01208654,-0.01689325,-0.041719887
-0.006225131,-0.0130329365,-0.018141098,-0.047773767
-0.0064490284,-0.012841213,-0.017481402,-0.047999922
-0.0067292512,-0.013021249,-0.017427448,-0.0482668
-0.006997897,-0.013199111,-0.017424744,-0.04862396
-0.0071783657,-0.013402261,-0.017383985,-0.048650436
-0.0064666835,-0.013139943,-0.017143693,-0.045078095
-0.0047535766,-0.012801471,-0.01725428,-0.040274814
0.00095143623,-0.009625235,-0.015796863,0.0032627215
0.0031829723,-0.013563262,-0.02157482,-0.036492296
0.0028530704,-0.010629744,-0.017751902,-0.027451403
0.0015709935,-0.011716994,-0.019423625,-0.043571908
-0.0029829303,-0.012180349,-0.018497223,-0.057213373
-0.006876775,-0.011662479,-0.016559167,-0.053095046
-0.007484748,-0.011780486,-0.016653923,-0.04679286
-0.007811994,-0.012777634,-0.01766614,-0.049852524
-0.007878739,-0.012898365,-0.017278126,-0.048589036
-0.0077343103,-0.013250575,-0.017398711,-0.04845763
-0.007694661,-0.013566065,-0.017452473,-0.0489901
-0.0068947133,-0.013360331,-0.017150713,-0.04558875
-0.0069999523,-0.014036615,-0.017815504,-0.04977724
-0.0073642256,-0.013969518,-0.017312434,-0.04946896
-0.007830132,-0.014283609,-0.017399533,-0.050431177
-0.007345876,-0.013976852,-0.017052094,-0.046919603
-0.007728999,-0.014743785,-0.01776111,-0.0513115
-0.0071255434,-0.014084248,-0.016898707,-0.04618078
-0.006821921,-0.014561974,-0.017634928,-0.04850041
-0.007369247,-0.01477495,-0.017550742,-0.05091334
-0.0080359,-0.014855201,-0.017269861,-0.051106043
-0.008529228,-0.015094311,-0.017263478,-0.051281333
-0.008767602,-0.015329707,-0.017239032,-0.051094525
-0.00947076,-0.015814153,-0.017443683,-0.053285997
-0.009506999,-0.015840795,-0.01702652,-0.051241487
-0.009656595,-0.016443485,-0.017362127,-0.05259285
-0.00906029,-0.016275892,-0.016997589,-0.049844153
-0.008136745,-0.016340313,-0.017223941,-0.048742622
-0.0070921862,-0.0160783,-0.017246442,-0.047254622
-0.007179077,-0.016394218,-0.01767152,-0.050966464
-0.007413204,-0.01602651,-0.017162245,-0.05014486
-0.0074975486,-0.01599087,-0.017235242,-0.049947444
-0.00715388,-0.015726022,-0.017156687,-0.04835829
-0.0070582186,-0.01581873,-0.017425155,-0.049482197
-0.0063110674,-0.015174018,-0.017049683,-0.045887925
-0.00612393,-0.0154288225,-0.01764404,-0.048537146
-0.0073965853,-0.015822692,-0.017688725,-0.05337109
-0.0073380903,-0.014992282,-0.016696272,-0.04766053
-0.0065138647,-0.015007719,-0.017282166,-0.046302047
-0.0065352735,-0.015301561,-0.01768847,-0.04956002
-0.005674386,-0.014355404,-0.016922912,-0.04395235
-0.006475257,-0.015394718,-0.018126855,-0.05227981
-0.008279968,-0.015391906,-0.017315838,-0.054100174
-0.0056066606,-0.013391056,-0.015867112,-0.03579549
-0.0013518373,-0.0127324,-0.017490119,-0.024880016
-0.0002778454,-0.013971601,-0.019751765,-0.04244795
-0.0009801474,-0.012542356,-0.017685901,-0.041787725
-0.0024447239,-0.012686911,-0.01798268,-0.047188938
-0.005116465,-0.0129851345,-0.017749961,-0.0528528
-0.0058961757,-0.012216549,-0.016619997,-0.045788098
-0.005069067,-0.012240361,-0.017262239,-0.042536713
-0.0045897076,-0.012472451,-0.01782095,-0.044645205
-0.0054420917,-0.0128268115,-0.017889947,-0.04936669
-0.00646284,-0.012765559,-0.017316753,-0.049214482
-0.0074767414,-0.013198052,-0.01743204,-0.05064838
-0.007975606,-0.01336472,-0.017220644,-0.049653947
-0.00676594,-0.012990988,-0.016939517,-0.043667644
-0.006687677,-0.013877649,-0.01801619,-0.049482685
-0.0069280574,-0.013621607,-0.017290171,-0.048524603
-0.008071568,-0.014374226,-0.017670877,-0.052713424
-0.008327257,-0.0141175855,-0.016957927,-0.049376372
-0.008057532,-0.014432261,-0.017315011,-0.048981402
-0.0075541153,-0.014476574,-0.017311074,-0.048080355
-0.0062310575,-0.014006414,-0.017131466,-0.04390057
-0.0058976454,-0.014487272,-0.017876841,-0.04803134
-0.0063363737,-0.014379739,-0.017475452,-0.049246017
-0.007906302,-0.014934519,-0.017639983,-0.053691175
-0.0072064255,-0.013898436,-0.01650609,-0.044912066
-0.0066153,-0.014630292,-0.01771947,-0.047854796
-0.0076137534,-0.015154855,-0.017768478,-0.05284127
-0.008694868,-0.015181091,-0.017136937,-0.05242188
-0.008168237,-0.014931624,-0.016847959,-0.047797587
-0.0072016534,-0.015074761,-0.017356154,-0.047103535
-0.0060677063,-0.014711673,-0.017313622,-0.045082204
-0.0057683233,-0.014874012,-0.017711205,-0.047758278
-0.006062241,-0.014731944,-0.017452575,-0.048743065
-0.007077528,-0.015032325,-0.017528543,-0.051651724
-0.0071354373,-0.014569581,-0.016931195,-0.047948647
-0.007686014,-0.015236758,-0.017624035,-0.051530372
-0.0072593773,-0.014608612,-0.016913278,-0.04706597
-0.0066695083,-0.014799335,-0.017444162,-0.0473528
-0.0070381877,-0.015109953,-0.017653575,-0.0506433
-0.0073497235,-0.014891468,-0.017179009,-0.049555123
-0.00683868,-0.014628242,-0.01711057,-0.046798013
-0.0065911463,-0.014838217,-0.017547322,-0.04834555
-0.006902662,-0.014883873,-0.01747273,-0.049806017
-0.007549458,-0.0149969105,-0.017374983,-0.050941464
-0.0071810493,-0.014600686,-0.016977469,-0.047194567
-0.007380855,-0.015185562,-0.017654696,-0.05058496
-0.007492602,-0.014968406,-0.017182494,-0.04935554
-0.0078496905,-0.015265395,-0.017426789,-0.050867636
-0.00714056,-0.014721481,-0.016945273,-0.046431996
-0.0069391043,-0.015196167,-0.017653113,-0.04928852
-0.007839007,-0.015491374,-0.017564872,-0.052520867
-0.008894865,-0.015610067,-0.01721009,-0.052913405
-0.008782398,-0.015457243,-0.016938528,-0.049794737
-0.00723399,-0.015042755,-0.01697702,-0.04492102
-0.006993512,-0.015744694,-0.017914323,-0.05027661
-0.006881298,-0.015174485,-0.017143885,-0.048324984
-0.0050222534,-0.014166911,-0.016806483,-0.039935496
-0.004231951,-0.014708262,-0.018150466,-0.04557157
-0.00440363,-0.014199935,-0.017563185,-0.046445336
-0.0050249924,-0.0141038615,-0.017527407,-0.048026357
-0.0030323665,-0.01241306,-0.016468268,-0.033488795
-0.0021647555,-0.013420554,-0.018695112,-0.042882506
-0.0031009587,-0.013047096,-0.017939998,-0.04706029
-0.0041946163,-0.012689914,-0.01737292,-0.046862304
-0.0067600296,-0.013670193,-0.017954085,-0.05484351
-0.0077535277,-0.01308024,-0.01663659,-0.04892535
-0.0064652287,-0.012925614,-0.016939644,-0.042935453
-0.005409303,-0.013276317,-0.017787311,-0.044735402
-0.0051521636,-0.013207711,-0.017675042,-0.0460503
-0.0060778516,-0.013566115,-0.01777897,-0.050300315
-0.0071845804,-0.013591455,-0.017295053,-0.050542418
-0.007826266,-0.013788961,-0.017238218,-0.050075963
-0.008274023,-0.014167236,-0.01734999,-0.050606824
-0.0077929148,-0.014038918,-0.017082032,-0.047531795
-0.007689801,-0.01454907,-0.017590282,-0.049745407
-0.007669322,-0.014499112,-0.01730308,-0.04924146
-0.007849046,-0.014724705,-0.017414799,-0.05017382
-0.007181623,-0.014364319,-0.017054357,-0.04660737
-0.0069354787,-0.01475605,-0.017615736,-0.048847508
-0.006161392,-0.014155694,-0.017113253,-0.045177132
-0.0061116894,-0.014580664,-0.01775122,-0.048618518
-0.006758735,-0.014597311,-0.017467009,-0.05022325
-0.007393225,-0.014662715,-0.017270872,-0.050307114
-0.007753276,-0.014762026,-0.017256476,-0.050079547
-0.0072783707,-0.014583278,-0.017099772,-0.04735735
-0.0056705307,-0.01409668,-0.017095668,-0.04236109
-0.0053867623,-0.014700359,-0.018054072,-0.04814016
-0.0051632947,-0.013975887,-0.017187081,-0.045314774
-0.0054732664,-0.0142588625,-0.01768963,-0.048324957
-0.006025294,-0.0140793,-0.017376073,-0.048658643
-0.004975074,-0.013239103,-0.016865814,-0.041467767
-0.004480913,-0.013727839,-0.017967194,-0.0455643
-0.005585809,-0.013976508,-0.017859193,-0.05071374
-0.0030016503,-0.011678426,-0.015944887,-0.029516287
-0.0016463571,-0.0131120505,-0.019022476,-0.041430276
-0.002818997,-0.012837038,-0.018200902,-0.04803316
-0.0040487293,-0.012257691,-0.017229492,-0.046361707
-0.0046829344,-0.012287027,-0.017399192,-0.04608639
-0.0057284734,-0.012691058,-0.017684128,-0.049386095
-0.0058651404,-0.0123209525,-0.017066162,-0.045571633
-0.0074592913,-0.013521796,-0.01805993,-0.053587843
-0.0075456155,-0.012816003,-0.016683739,-0.04679366
-0.007238484,-0.013422163,-0.017534465,-0.04795879
-0.007910875,-0.013993368,-0.017686361,-0.051519945
-0.0067466563,-0.013150684,-0.01669676,-0.0432967
-0.006122431,-0.01387696,-0.017890204,-0.047253188
-0.006060538,-0.013668648,-0.017465979,-0.047362965
-0.0057257656,-0.013433378,-0.017309183,-0.04564375
-0.0060457396,-0.013781746,-0.017719062,-0.048834816
-0.0052618743,-0.012998874,-0.016948162,-0.04271299
-0.00482949,-0.013394297,-0.017833315,-0.045617055
-0.0050304527,-0.01327433,-0.01759434,-0.046797965
-0.0062511065,-0.013698456,-0.017723197,-0.051031392
-0.0058466326,-0.012846739,-0.016743103,-0.043754518
-0.0050203213,-0.0131146,-0.017608749,-0.044064008
-0.0047440417,-0.013127953,-0.01769291,-0.045430325
-0.005977939,-0.013600116,-0.017914487,-0.05126423
-0.0061950795,-0.012957823,-0.016866613,-0.04607437
-0.0046124943,-0.012551992,-0.017061884,-0.039561015
-0.0038207464,-0.013013594,-0.01810726,-0.043877933
0.0006900682,-0.009678666,-0.015681168,-0.0046947165
0.003424334,-0.01166048,-0.020535205,-0.021080205
0.0040704114,-0.010382599,-0.019379614,-0.020547565
0.0035026877,-0.0108942315,-0.019992001,-0.035912942
-0.0013307364,-0.012040958,-0.019642783,-0.060024556
-0.0057705175,-0.010641721,-0.016112141,-0.051797662
-0.0064199036,-0.010803894,-0.016645286,-0.044978555
-0.0061774016,-0.011438322,-0.017602226,-0.04593751
-0.005743632,-0.011487843,-0.017468007,-0.044713724
-0.004988921,-0.011467205,-0.017485078,-0.042923246
-0.005381433,-0.0120729515,-0.018013654,-0.048117224
-0.006558628,-0.012272329,-0.01754343,-0.04998052
-0.0074636154,-0.012501339,-0.01729445,-0.049668
-0.007615776,-0.012735262,-0.017241383,-0.04823069
-0.007876095,-0.013286083,-0.017526455,-0.049775947
-0.008465945,-0.013748633,-0.017452355,-0.05110709
-0.007962933,-0.013564943,-0.017019633,-0.047217313
-0.0075012282,-0.014015517,-0.017538657,-0.048344858
-0.008167286,-0.014579338,-0.017679978,-0.052055202
-0.008023966,-0.014260544,-0.016968234,-0.048393983
-0.00778299,-0.0146633405,-0.017442036,-0.04922605
-0.0072505143,-0.014474538,-0.017240522,-0.04752613
-0.008738675,-0.015701761,-0.018000327,-0.055424325
-0.008470197,-0.014657815,-0.016526064,-0.047882125
-0.00369346,-0.012737446,-0.016096443,-0.0258127
-0.0018970883,-0.014752617,-0.019604495,-0.043693423
-0.0026838055,-0.013702366,-0.01782272,-0.0463115
-0.003496944,-0.013277565,-0.017336445,-0.045405243
-0.0064572743,-0.014594336,-0.018231904,-0.056632888
-0.0074409177,-0.013468581,-0.016340902,-0.048197646
-0.005843727,-0.01321908,-0.016896324,-0.041338235
-0.0053763157,-0.013994847,-0.018135985,-0.04751511
-0.005588217,-0.01359201,-0.017417967,-0.0472865
-0.0057416214,-0.013558311,-0.017393105,-0.047087435
-0.0062827207,-0.013824538,-0.017565347,-0.04921099
-0.0061971205,-0.013488551,-0.017133519,-0.046387386
-0.005163324,-0.013170315,-0.017232278,-0.042762678
-0.0050309836,-0.013592842,-0.017939957,-0.047089834
-0.0050531635,-0.01314746,-0.017343279,-0.04562232
-0.0059250724,-0.013618154,-0.017784964,-0.05001107
-0.0040390175,-0.01198003,-0.01636864,-0.035387594
0.00043234197,-0.01049799,-0.017003123,-0.012572869
0.00079585006,-0.013706673,-0.021183688,-0.04909121
-0.0013304452,-0.011334369,-0.017018637,-0.044282407
-0.0029314554,-0.011512693,-0.017574912,-0.04615607
-0.0061787865,-0.012561694,-0.01807411,-0.05555944
-0.006486065,-0.011431284,-0.016214078,-0.043874145
-0.0023846622,-0.010188217,-0.016478121,-0.023475382
-0.0010100263,-0.012118557,-0.019765442,-0.042677786
-0.0012629173,-0.010807652,-0.017567364,-0.039488535
-0.0037206563,-0.012026749,-0.018651322,-0.053056624
-0.0071450425,-0.012029364,-0.01721704,-0.05426094
-0.0073334137,-0.011597233,-0.016451823,-0.045179594
-0.007259731,-0.012592018,-0.017759386,-0.048586145
-0.0071992767,-0.012649954,-0.01736749,-0.04772146
-0.0064242687,-0.012575083,-0.01725153,-0.044810064
-0.0064255237,-0.013155091,-0.017822348,-0.048463896
-0.0061583626,-0.012834885,-0.017223403,-0.045806374
-0.005853196,-0.0130172,-0.01753684,-0.046213206
-0.005412735,-0.012846902,-0.017416656,-0.04494408
-0.0054205456,-0.013063442,-0.017676676,-0.04686199
-0.0058531454,-0.013119044,-0.017530804,-0.048019744
-0.0069437246,-0.01355206,-0.017591929,-0.050979897
-0.0072564483,-0.013353668,-0.017060302,-0.04817004
-0.0072947405,-0.013666909,-0.017428111,-0.048673693
-0.006841294,-0.013626059,-0.017244976,-0.046710525
-0.007474976,-0.014408732,-0.01779977,-0.05152762
-0.007337941,-0.013948053,-0.016957348,-0.047484137
-0.0073654517,-0.014511761,-0.017553754,-0.04955239
-0.007117163,-0.014305973,-0.017213413,-0.047832858
-0.0063341064,-0.014057485,-0.01725829,-0.0456053
-0.0057580206,-0.014138995,-0.017553482,-0.046227165
-0.0050796126,-0.013765327,-0.017355688,-0.044329263
-0.004285671,-0.013523185,-0.017483165,-0.04302284
-0.0047419746,-0.013942777,-0.017985085,-0.04849528
-0.005417327,-0.013515634,-0.017290007,-0.04770523
-0.0063284626,-0.013818357,-0.01751912,-0.049908713
-0.006506324,-0.013542516,-0.017103897,-0.047283594
-0.0049968194,-0.012913084,-0.016983882,-0.040433045
-0.0034523855,-0.012895344,-0.017780483,-0.04009277
-0.0025782094,-0.012570068,-0.017870914,-0.040524196
-0.002039612,-0.012117361,-0.017758487,-0.03976805
-0.0021607804,-0.012073625,-0.0180039,-0.042725675
-0.002427376,-0.011662717,-0.017617838,-0.04212398
-0.0019447262,-0.011121825,-0.017438646,-0.037972502
-0.001371904,-0.011036815,-0.017946355,-0.038188294
-0.0014862304,-0.010994523,-0.018117271,-0.041222636
-0.0023666213,-0.01096498,-0.017943956,-0.044437002
-0.004027718,-0.011178832,-0.017807784,-0.0484524
-0.0048433705,-0.010908064,-0.017134035,-0.045190338
-0.0053532654,-0.011329096,-0.017614517,-0.04668905
-0.0057994677,-0.011496988,-0.017490229,-0.04687703
-0.0062425626,-0.011784035,-0.01751836,-0.04760038
-0.0072158454,-0.01232829,-0.017632553,-0.05036804
-0.0069094445,-0.0120536955,-0.016983455,-0.045419663
-0.0055855857,-0.012081091,-0.01735244,-0.04232243
-0.0052310843,-0.012567571,-0.017977092,-0.046356782
-0.006684222,-0.013131931,-0.01790277,-0.05214918
-0.008598587,-0.013453398,-0.017305586,-0.053294543
-0.007887788,-0.012982561,-0.016606685,-0.0452534
-0.008150431,-0.014278511,-0.01798689,-0.05169769
-0.008398449,-0.014075218,-0.017155511,-0.049948655
-0.008722556,-0.01459901,-0.017417146,-0.05115955
-0.008563734,-0.014660844,-0.017170113,-0.049588017
-0.008324074,-0.014969685,-0.017358445,-0.0497908
-0.007743456,-0.014903172,-0.017215993,-0.04816467
-0.007664812,-0.015265586,-0.017527653,-0.05007499
-0.008205077,-0.015508031,-0.017425677,-0.05178417
-0.007998071,-0.0152398925,-0.01700516,-0.048906118
-0.0072846045,-0.015258487,-0.017248277,-0.047608245
-0.0071779904,-0.015535825,-0.017556166,-0.049770463
-0.0074859844,-0.015544103,-0.017345667,-0.05048648
-0.006919985,-0.01506831,-0.01699382,-0.046805725
-0.0069512953,-0.015531487,-0.017645638,-0.0499854
-0.0074807773,-0.015500127,-0.017351683,-0.050941497
-0.007216926,-0.015119146,-0.017010199,-0.047865845
-0.0073578674,-0.015554531,-0.017553521,-0.050414365
-0.0068352777,-0.014969985,-0.017017659,-0.046850685
-0.0063782353,-0.015067253,-0.017475853,-0.04756533
-0.006639847,-0.0151827,-0.017553736,-0.049802385
-0.0076558823,-0.015437244,-0.01746144,-0.052283615
-0.0077127214,-0.015056559,-0.016920283,-0.04883503
-0.0077919275,-0.015432694,-0.017442577,-0.050343044
-0.007910005,-0.015429393,-0.017275676,-0.05025256
-0.007995618,-0.015508284,-0.017284194,-0.050291933
-0.0076066754,-0.015325808,-0.017153086,-0.048504174
-0.0068348753,-0.015132253,-0.017252794,-0.046915337
-0.00622589,-0.01502902,-0.017443955,-0.04699083
-0.00677228,-0.0153488945,-0.0177088,-0.051025152
-0.00689852,-0.014826559,-0.017031865,-0.048289992
-0.00664051,-0.014845571,-0.01730905,-0.04773731
-0.00667502,-0.014926501,-0.01747507,-0.048956573
-0.007257378,-0.015072986,-0.017463174,-0.050799567
-0.007239543,-0.014763583,-0.017071348,-0.048359275
-0.006906284,-0.014822247,-0.017328694,-0.04792803
-0.0066418736,-0.014769115,-0.017394034,-0.047968965
-0.0070034782,-0.014992987,-0.01754082,-0.050220497
-0.006612875,-0.014467581,-0.017017405,-0.04653427
-0.0069137104,-0.015015479,-0.017708331,-0.05036647
-0.0078004976,-0.015106337,-0.017379273,-0.05179371
-0.0074324147,-0.014623766,-0.016880963,-0.047246724
-0.0065713273,-0.014678502,-0.017357076,-0.046330232
-0.0067110932,-0.015034778,-0.017724514,-0.049946893
-0.006059818,-0.014246753,-0.016950196,-0.044974763
-0.0051737567,-0.014199713,-0.017492319,-0.044492614
-0.0049583563,-0.014172111,-0.017693084,-0.046476305
-0.005305571,-0.014031915,-0.017532514,-0.04774036
-0.005847305,-0.013974655,-0.017421665,-0.048452865
-0.007421012,-0.014578454,-0.017683264,-0.053203765
-0.007015071,-0.013679385,-0.016592033,-0.04540015
-0.0071962303,-0.014637714,-0.017845318,-0.0504663
-0.0076772957,-0.014540247,-0.017284384,-0.050320357
-0.0077795577,-0.0145970415,-0.017216591,-0.04937865
-0.0067291064,-0.014195695,-0.017036397,-0.04502453
-0.0067375917,-0.014864177,-0.017873397,-0.04991964
-0.0058186604,-0.013887244,-0.01688213,-0.043645624
-0.005810001,-0.014547495,-0.017928777,-0.048783377
-0.0056488826,-0.013895561,-0.017157175,-0.0459421
-0.005280115,-0.013833061,-0.017443115,-0.045543708
-0.005341071,-0.013887611,-0.017610768,-0.047207408
-0.0063038636,-0.014135787,-0.017646581,-0.050588474
-0.007438911,-0.014219738,-0.017295044,-0.051198356
-0.0073208325,-0.013974031,-0.016965276,-0.047426503
-0.0070566772,-0.014299081,-0.017478872,-0.048291527
-0.006818993,-0.014221761,-0.017362913,-0.047837015
-0.007016997,-0.0144669935,-0.017518502,-0.049506377
-0.0068553244,-0.014216963,-0.017190022,-0.04759252
-0.00710766,-0.014594974,-0.017564585,-0.04987511
-0.008116566,-0.014972395,-0.017496683,-0.05247833
-0.009006629,-0.015178084,-0.017186226,-0.05236615
-0.008518347,-0.014993913,-0.016920341,-0.04845869
-0.0072431187,-0.014947424,-0.017217716,-0.046074998
-0.0063030086,-0.014918374,-0.017533587,-0.04651308
-0.005699634,-0.014641034,-0.017444108,-0.046150934
-0.0064292764,-0.015080628,-0.017810637,-0.05117046
-0.002661225,-0.012078468,-0.015608006,-0.024126096
-0.0002256869,-0.013486466,-0.019293817,-0.035386816
0.00018197845,-0.01248908,-0.0183275,-0.03736838
-0.00049068884,-0.012255966,-0.018257186,-0.042121653
-0.0031876108,-0.01279006,-0.018321265,-0.052548524
-0.0058173924,-0.012364357,-0.016988987,-0.051048156
-0.0053394004,-0.011719429,-0.016553208,-0.041413926
-0.0047703926,-0.012426362,-0.017923087,-0.044878393
-0.005333017,-0.012616986,-0.017796662,-0.048216917
-0.006864404,-0.013020465,-0.01762371,-0.051635552
-0.0077936286,-0.013038685,-0.017108526,-0.049900476
-0.007686645,-0.013217278,-0.017178738,-0.047868904
-0.006493624,-0.013043984,-0.01717832,-0.04403124
-0.005899379,-0.013436272,-0.01778635,-0.046574336
-0.00611025,-0.013479659,-0.017603721,-0.04825788
-0.0066220067,-0.013567134,-0.017437356,-0.049040925
-0.006789275,-0.013551617,-0.017270794,-0.048001338
-0.0066250316,-0.013608858,-0.017349683,-0.04731283
-0.0061568688,-0.013499478,-0.017352818,-0.04603333
-0.0051098038,-0.013117922,-0.017299185,-0.042853825
-0.0053894795,-0.013723402,-0.018051846,-0.04889682
-0.006230776,-0.013507003,-0.017373528,-0.04923146
-0.0072501074,-0.013870338,-0.017426701,-0.050850846
-0.0077127884,-0.013837284,-0.017167518,-0.04948124
-0.0073218346,-0.0138707785,-0.01718032,-0.047314875
-0.0074149184,-0.014402583,-0.017616242,-0.049881097
-0.0078049107,-0.0145495,-0.01735663,-0.050387178
-0.0071899323,-0.014269921,-0.017016323,-0.046563026
-0.0068821665,-0.014692819,-0.017597668,-0.048572045
-0.007376817,-0.014879552,-0.01753345,-0.050822165
-0.007940153,-0.014931442,-0.017257156,-0.050827526
-0.006864244,-0.014325613,-0.016830228,-0.044698376
-0.0061428784,-0.014749776,-0.01770787,-0.04709784
-0.0067409836,-0.014984236,-0.017708706,-0.050948143
-0.007296114,-0.014734983,-0.017158978,-0.049862638
-0.0074720616,-0.014812046,-0.017252699,-0.049418427
-0.0074752127,-0.01489587,-0.017309865,-0.04929064
-0.007583599,-0.015044358,-0.017369399,-0.04986755
-0.0077753323,-0.015151803,-0.017325625,-0.05019638
-0.007822497,-0.015183654,-0.017257534,-0.04979267
-0.0076171043,-0.01517005,-0.017250929,-0.04902959
-0.007653247,-0.015363319,-0.017415324,-0.050084744
-0.0073136026,-0.015094469,-0.017156314,-0.048178755
-0.0076550646,-0.015575788,-0.01758806,-0.051238675
-0.0075582876,-0.015207826,-0.017060164,-0.048828453
-0.008938499,-0.016293103,-0.017812043,-0.055222336
-0.009731699,-0.016034115,-0.016892359,-0.052725803
-0.009929077,-0.016456883,-0.017164337,-0.052429393
-0.008613885,-0.015978443,-0.016844055,-0.047387835
-0.0077047846,-0.016311496,-0.01754059,-0.04901222
-0.007455119,-0.016174503,-0.01740639,-0.049847107
-0.006677146,-0.015572698,-0.017050792,-0.04653379
-0.0041412367,-0.014319819,-0.016830312,-0.03670583
-0.0039503537,-0.0155156795,-0.018733561,-0.048890933
-0.0040415064,-0.0140339695,-0.017001975,-0.044154752
-0.004244974,-0.014154928,-0.017650073,-0.046252202
-0.0028715348,-0.012819304,-0.016845966,-0.036465492
-0.0030078844,-0.013838242,-0.018615862,-0.047091436
-0.0041631665,-0.013197603,-0.017456114,-0.047704186
-0.005959649,-0.013585476,-0.017610371,-0.051589843
-0.007248925,-0.013530321,-0.017107997,-0.05044195
-0.0073976805,-0.013581798,-0.017102465,-0.048134178
-0.006759752,-0.013590426,-0.01726406,-0.0461673
-0.0070508807,-0.014167213,-0.01777806,-0.050218303
-0.006833975,-0.013720146,-0.017075295,-0.046888515
-0.006763698,-0.01406544,-0.017552175,-0.04844905
-0.006186266,-0.013693702,-0.01718642,-0.04554142
-0.006043915,-0.013972518,-0.017659895,-0.047730736
-0.0061289514,-0.013846455,-0.01740346,-0.047662824
-0.0071662385,-0.0143613005,-0.017688049,-0.051772516
-0.007482247,-0.014007101,-0.01699716,-0.04868992
-0.007679439,-0.014400761,-0.017439371,-0.04985186
-0.007084222,-0.014070208,-0.017096212,-0.046573363
-0.005136421,-0.013432899,-0.017066775,-0.040159155
-0.0051308977,-0.014385291,-0.01838693,-0.04924587
-0.0069041974,-0.01437107,-0.017611338,-0.05306271
-0.0072742593,-0.0138578825,-0.016755102,-0.047860276
-0.007690408,-0.014593906,-0.017578142,-0.05074091
-0.0073182704,-0.014241619,-0.017035805,-0.04731548
-0.0070971027,-0.014579372,-0.017523667,-0.04872191
-0.0069986675,-0.014551619,-0.0173515,-0.048526354
-0.007541668,-0.014950851,-0.01754411,-0.05109527
-0.006699258,-0.014222473,-0.016818378,-0.044973996
-0.0009966637,-0.01128111,-0.01573945,-0.010384968
0.001437211,-0.014059466,-0.020723924,-0.036985897
0.001227039,-0.012017343,-0.018087734,-0.03565267
0.0006609063,-0.011733916,-0.018223852,-0.0384227
-0.0019196637,-0.01244644,-0.018689604,-0.051723205
-0.0037718797,-0.011330444,-0.016708482,-0.04552973
-0.004366463,-0.01157079,-0.01739937,-0.04504928
-0.0035025254,-0.011063057,-0.017162623,-0.03896142
-0.0034435322,-0.011683496,-0.01822124,-0.04482717
-0.0038903672,-0.011402634,-0.01756451,-0.044674434
-0.00433251,-0.011461207,-0.017589074,-0.045274317
-0.0022270477,-0.010182694,-0.016682873,-0.030376595
-0.0014273041,-0.0113289375,-0.018975593,-0.04166765
-0.0023089522,-0.010901083,-0.01795817,-0.044511065
-0.004230864,-0.011259552,-0.01786867,-0.04954861
-0.006070944,-0.011384377,-0.01730588,-0.049732283
-0.0061229286,-0.011220278,-0.016965942,-0.04463315
-0.0061604097,-0.011889063,-0.017740728,-0.04724114
-0.0063509843,-0.011984,-0.017473647,-0.047200333
-0.0063299397,-0.0121257575,-0.017423376,-0.04660125
-0.006357371,-0.012375332,-0.017531052,-0.047190532
-0.0064712,-0.012558038,-0.017484276,-0.047510695
-0.006673552,-0.012780523,-0.017477678,-0.04803596
-0.006992061,-0.012924889,-0.017467152,-0.048667807
-0.0074087842,-0.0132734105,-0.017438848,-0.049451675
-0.0074213953,-0.013405863,-0.017263643,-0.048246615
-0.0069030575,-0.013485516,-0.017291473,-0.046635646
-0.0069083516,-0.013950758,-0.017634628,-0.04897402
-0.006906039,-0.013869521,-0.01730147,-0.048089806
-0.0075345417,-0.014394592,-0.01759943,-0.05105747
-0.0075825863,-0.014160493,-0.017082201,-0.048532646
-0.0069318134,-0.014167577,-0.017238365,-0.04663161
-0.0075958665,-0.01496576,-0.017854407,-0.052158784
-0.007206519,-0.014232259,-0.016816573,-0.04664845
-0.0066858158,-0.014538041,-0.017504614,-0.04749665
-0.0064171683,-0.014487908,-0.017433992,-0.04767663
-0.0064886888,-0.014560634,-0.017459733,-0.048589464
-0.006999202,-0.01475355,-0.017459167,-0.050192606
-0.0068099657,-0.014419199,-0.0170687,-0.047290627
-0.0068570813,-0.014749652,-0.017541345,-0.04919173
-0.007180099,-0.0147708105,-0.017373493,-0.04979662
-0.007384587,-0.014785286,-0.017273232,-0.049473286
-0.0071404036,-0.014686943,-0.017214578,-0.04804602
-0.0067524672,-0.014685207,-0.017357968,-0.04765768
-0.007047694,-0.014973322,-0.017582098,-0.05021443
-0.006439481,-0.014321198,-0.016960934,-0.045605697
-0.006464182,-0.014846164,-0.017738627,-0.04927271
-0.005248934,-0.013754594,-0.016835079,-0.04184998
-0.004405749,-0.014037638,-0.017850252,-0.044398583
-0.0034386655,-0.013201066,-0.017347459,-0.040614106
-0.0016855742,-0.0123495115,-0.017407974,-0.034019645
-0.0015425297,-0.012985859,-0.018737942,-0.04380958
-0.0028824683,-0.012565704,-0.017812913,-0.04711748
-0.0042419895,-0.012357864,-0.017390346,-0.047398392
-0.0069486382,-0.01331444,-0.017903859,-0.054948438
-0.007442392,-0.012565774,-0.016488437,-0.046847448
-0.006611932,-0.012922082,-0.017331142,-0.045214806
-0.006548721,-0.013405465,-0.017786646,-0.048532102
-0.006524171,-0.0132215,-0.017310044,-0.047252156
-0.006686333,-0.013503969,-0.017521458,-0.048487768
-0.006165741,-0.013191338,-0.017166432,-0.045256067
-0.0060877544,-0.013578307,-0.017703356,-0.04780906
-0.006231089,-0.013481962,-0.017407373,-0.04770104
-0.006578028,-0.013666628,-0.017478643,-0.04877412
-0.0068720337,-0.013720716,-0.017352507,-0.048692062
-0.006894198,-0.013758518,-0.01731895,-0.048043422
-0.0068958686,-0.013899108,-0.017419413,-0.048347276
-0.0066079893,-0.013806575,-0.017295737,-0.04703375
-0.005960317,-0.013648788,-0.017340524,-0.04542414
-0.0056558615,-0.013760164,-0.017605426,-0.046644103
-0.006281311,-0.013995827,-0.017677609,-0.049832292
-0.0063172714,-0.013585475,-0.017083518,-0.046751425
-0.006305751,-0.013861226,-0.017510472,-0.047835317
-0.0060646418,-0.013662919,-0.017309675,-0.046456013
-0.006546778,-0.014138423,-0.0176924,-0.049875744
-0.0066725616,-0.013868757,-0.01714874,-0.047724836
-0.0071729347,-0.014369087,-0.017573679,-0.050340455
-0.007116677,-0.014136097,-0.01710961,-0.047874704
-0.0069689676,-0.014344302,-0.017428538,-0.048362408
-0.00717701,-0.014501088,-0.017469134,-0.04960225
-0.0037353276,-0.012401624,-0.016115416,-0.029834772
-0.0028757516,-0.014360334,-0.01933435,-0.046935115
-0.004003505,-0.013377976,-0.017529048,-0.04794283
-0.0049421093,-0.013176981,-0.017292188,-0.04741707
-0.007893855,-0.014523099,-0.018083105,-0.057166487
-0.00816063,-0.013414745,-0.016246008,-0.047162477
-0.007935094,-0.0143494215,-0.017568078,-0.04942013
-0.0074430816,-0.014196951,-0.017244842,-0.047702372
-0.007104058,-0.014374767,-0.017461307,-0.048231997
-0.006856816,-0.014334969,-0.017376896,-0.04795894
-0.0062176003,-0.014068588,-0.017254326,-0.045821067
-0.0061407452,-0.014324637,-0.017657962,-0.048213232
-0.004227786,-0.012959327,-0.016696632,-0.03734716
-0.0038577102,-0.014011462,-0.018514708,-0.0468077
-0.004157732,-0.013184402,-0.017351227,-0.045243192
-0.0058794306,-0.013964826,-0.017977316,-0.052543163
-0.006807636,-0.013401206,-0.016874272,-0.048648633
-0.0069062463,-0.013673621,-0.017286308,-0.04799225
-0.007142415,-0.013976929,-0.017493667,-0.049349125
-0.0068026776,-0.013745937,-0.017163726,-0.046775926
-0.0070944806,-0.014277661,-0.017682374,-0.050055258
-0.006942874,-0.01392615,-0.017123695,-0.047393516
-0.0067566005,-0.014165369,-0.017462173,-0.048027594
-0.0057301894,-0.013558161,-0.017110387,-0.043571677
-0.005690921,-0.01415287,-0.017926563,-0.048389535
-0.0062343096,-0.014000537,-0.01741133,-0.04897205
-0.0071421685,-0.014294138,-0.017456608,-0.05085563
-0.006381491,-0.013630388,-0.016794551,-0.04426858
-0.006304012,-0.014339574,-0.017875226,-0.04891765
-0.004091842,-0.012658406,-0.01652602,-0.03561279
-0.0015809041,-0.012537357,-0.017951066,-0.033259936
-0.0008397198,-0.012643119,-0.018667148,-0.04005459
-0.001459993,-0.01218015,-0.018030293,-0.043184772
-0.0038687524,-0.012694708,-0.01817053,-0.052043878
-0.0044872067,-0.011558286,-0.016529365,-0.042937696
-0.0045838663,-0.012134321,-0.017754814,-0.045531705
-0.005279658,-0.012329592,-0.017678477,-0.047924444
-0.0065904353,-0.012698338,-0.017578157,-0.050589498
-0.0068280487,-0.01252425,-0.01702138,-0.046916034
-0.0061577847,-0.012628523,-0.017321369,-0.044886623
-0.0062769037,-0.013148002,-0.017815745,-0.048551716
-0.0064625945,-0.013008486,-0.017324243,-0.047555145
-0.006341551,-0.013064794,-0.017373132,-0.04680736
-0.0064824834,-0.013338288,-0.017560499,-0.04824293
-0.006964412,-0.0135277435,-0.017477352,-0.049409967
-0.0071236333,-0.013535652,-0.017261576,-0.048317008
-0.006680769,-0.013482309,-0.017264217,-0.046454567
-0.0064026215,-0.013700881,-0.017545031,-0.047392704
-0.00685728,-0.0139901275,-0.017605582,-0.049859814
-0.006857777,-0.013753654,-0.017149651,-0.047563054
-0.0063773342,-0.013733218,-0.017331071,-0.046321254
-0.006421352,-0.014032984,-0.017633349,-0.04857647
-0.003442961,-0.012090944,-0.016304012,-0.030862449
9.834247e-05,-0.011711278,-0.018029494,-0.023502687
0.00058247015,-0.01292872,-0.01992306,-0.042518266
-6.481819e-05,-0.011292102,-0.01745345,-0.037904147
-0.0015102105,-0.011912447,-0.0183819,-0.046551142
-0.00347692,-0.011608531,-0.017500546,-0.047929022
-0.0037698264,-0.011059736,-0.01694616,-0.041807983
-0.0034905726,-0.011317943,-0.017718608,-0.042419188
-0.0029112443,-0.011004111,-0.017552309,-0.039965704
-0.002888717,-0.011215943,-0.01801482,-0.04311975
-0.003552961,-0.011201368,-0.017791182,-0.045297675
-0.005368887,-0.011743416,-0.017881464,-0.05080696
-0.0065060807,-0.011590878,-0.017072836,-0.04812184
-0.0069077723,-0.0120078055,-0.017373977,-0.04789911
-0.006407787,-0.011999195,-0.017243044,-0.045032382
-0.006053959,-0.012375072,-0.017656453,-0.04631164
-0.006159529,-0.012548068,-0.017589908,-0.047448948
-0.006309099,-0.012616287,-0.017435616,-0.047313455
-0.0060320273,-0.012573108,-0.017338658,-0.0457045
-0.0062672617,-0.013006721,-0.017700491,-0.048391085
-0.0065958537,-0.013003194,-0.017377723,-0.048133023
-0.0069101574,-0.013226983,-0.017434627,-0.048664145
-0.0062540825,-0.012936033,-0.017115254,-0.044739168
-0.0059116655,-0.013282626,-0.017705807,-0.046823822
-0.0062442427,-0.013388755,-0.017590208,-0.048570897
-0.0070163873,-0.013678498,-0.017477602,-0.050174717
-0.007092921,-0.01357711,-0.017124083,-0.047784686
-0.007037458,-0.013929402,-0.017447973,-0.048444115
-0.0058416342,-0.013380386,-0.017022885,-0.04298514
-0.005066334,-0.0136812925,-0.017791599,-0.04518367
-0.005308249,-0.013727532,-0.017720483,-0.047867447
-0.0068636406,-0.014189633,-0.017715523,-0.052597675
-0.0069094845,-0.013531442,-0.0167321,-0.04652232
-0.006872359,-0.014147452,-0.017593019,-0.048745994
-0.0070966547,-0.014227191,-0.017403835,-0.049264606
-0.0071689677,-0.014247149,-0.01729377,-0.04869536
-0.007457144,-0.014532312,-0.017452223,-0.049998026
-0.007232129,-0.014322584,-0.017153954,-0.047839545
-0.0074819927,-0.014785126,-0.017578933,-0.050388016
-0.0074367584,-0.014576458,-0.017165426,-0.048658527
-0.007660693,-0.014946799,-0.017477524,-0.050352767
-0.0075380355,-0.01477195,-0.01717155,-0.048720453
-0.0071971477,-0.014829437,-0.017321564,-0.04824288
-0.006692533,-0.014697144,-0.017312631,-0.047247574
-0.0066109383,-0.014831198,-0.017521929,-0.0486966
-0.006827858,-0.014781274,-0.017386965,-0.049235784
-0.0070001553,-0.01475274,-0.017304124,-0.049065955
-0.0069589904,-0.014716843,-0.01728534,-0.04848416
-0.0053055612,-0.013823401,-0.016863918,-0.040887173
-0.005019955,-0.014610259,-0.018201973,-0.048002936
-0.005568869,-0.014161181,-0.017412273,-0.04839453
-0.005232841,-0.01360275,-0.017070977,-0.044406038
-0.005300072,-0.013961899,-0.0177482,-0.047531795
-0.0057467762,-0.013825402,-0.017441856,-0.04814081
-0.0061003645,-0.013806836,-0.017349552,-0.048009414
-0.0061386805,-0.013727341,-0.017320685,-0.047205154
-0.0067144157,-0.014110167,-0.017614724,-0.050025877
-0.0070411437,-0.013962176,-0.017204097,-0.048736557
-0.007083548,-0.01409976,-0.017337304,-0.048521142
-0.0077331895,-0.014575069,-0.017573137,-0.051334795
-0.007387677,-0.01412342,-0.016953563,-0.047146782
-0.0074475943,-0.014714928,-0.017632479,-0.05002
-0.0072854636,-0.014452714,-0.017188555,-0.04824412
-0.006723659,-0.014379598,-0.01728556,-0.04685195
-0.0067276396,-0.014642141,-0.017605124,-0.04910601
-0.0066508804,-0.01437454,-0.01724953,-0.04781866
-0.0059716864,-0.014081202,-0.01722236,-0.04530578
-0.0058307666,-0.014323444,-0.017681366,-0.0477634
-0.005354057,-0.013766767,-0.017199168,-0.04478164
-0.004751,-0.013649682,-0.017507523,-0.04432064
-0.0047620954,-0.013686082,-0.017710485,-0.046511002
-0.005474683,-0.013692733,-0.017599499,-0.048761506
-0.007121526,-0.014155386,-0.017607735,-0.052695565
-0.008005704,-0.014037025,-0.016992265,-0.05035047
-0.00747779,-0.01397185,-0.017035909,-0.0468528
-0.007265075,-0.014467853,-0.01761486,-0.049101107
-0.0076060486,-0.014624366,-0.017450798,-0.050373282
-0.00757906,-0.014526104,-0.017175758,-0.048803315
-0.007244367,-0.01458887,-0.017309317,-0.048126396
-0.0053795064,-0.013717647,-0.016900819,-0.04053034
-0.004769885,-0.014378646,-0.018165572,-0.046665788
-0.005486583,-0.014184082,-0.017638724,-0.049295295
-0.006179801,-0.01399521,-0.017254107,-0.04874447
-0.005578252,-0.01347942,-0.01701083,-0.04398475
-0.0057224417,-0.01407187,-0.017883321,-0.048656125
-0.0054780343,-0.01341852,-0.017120617,-0.04509983
-0.00611585,-0.014042339,-0.017848492,-0.050082747
-0.006095238,-0.0134422,-0.017015517,-0.046126373
-0.0066212085,-0.014069342,-0.017729703,-0.050045326
-0.006116766,-0.013380994,-0.016942045,-0.044791505
-0.0070249913,-0.014479212,-0.018050235,-0.05231238
-0.007067451,-0.013731552,-0.016838115,-0.047180206
-0.007883971,-0.014703884,-0.017776074,-0.05228605
-0.00812146,-0.014416689,-0.017012322,-0.04949988
-0.008446079,-0.014988059,-0.017449513,-0.051209636
-0.0077902614,-0.014646695,-0.016990496,-0.04736156
-0.0068947556,-0.01473687,-0.017393315,-0.046800274
-0.007172257,-0.015155453,-0.017743247,-0.050827347
-0.0082390765,-0.015323332,-0.017400462,-0.052707326
-0.008249028,-0.015034984,-0.016916906,-0.049239703
-0.008257149,-0.015494248,-0.017432528,-0.05066285
-0.0076614623,-0.015159139,-0.01708265,-0.04789765
-0.007263927,-0.015328971,-0.01746262,-0.04883953
-0.0074789897,-0.015474424,-0.017470265,-0.05052906
-0.008596781,-0.015937285,-0.017493688,-0.05362464
-0.0074275574,-0.014867484,-0.016494896,-0.044792093
-0.0066932524,-0.015523273,-0.017763805,-0.048269324
-0.00541004,-0.014554104,-0.017035363,-0.043045502
-0.004894246,-0.014804553,-0.01783714,-0.046360765
-0.0050743483,-0.014504988,-0.017518109,-0.04735365
-0.006139722,-0.014736853,-0.017625863,-0.05092377
-0.0077743903,-0.014996791,-0.017379727,-0.053165898
-0.009010802,-0.015195063,-0.01711627,-0.05284408
-0.008223253,-0.014807565,-0.016751455,-0.047014404
-0.0075675505,-0.015298388,-0.017571641,-0.048830062
-0.0073047425,-0.015211165,-0.017382603,-0.04901295
-0.0066702184,-0.014850294,-0.01718027,-0.046694305
-0.0066576535,-0.015142123,-0.017623253,-0.049320288
-0.006649437,-0.01480991,-0.017241215,-0.04822549
-0.006979729,-0.015014949,-0.017478907,-0.049948554
-0.0052165966,-0.0137363495,-0.016615618,-0.039758954
-0.004923124,-0.014780343,-0.018336695,-0.048313648
-0.0051806383,-0.013998468,-0.01726826,-0.04678364
-0.0055677854,-0.014061353,-0.017485442,-0.047940243
-0.0072633633,-0.014705381,-0.01777285,-0.053628843
-0.006696934,-0.013568121,-0.016458936,-0.04425552
-0.0063820686,-0.014377577,-0.017817229,-0.04829271
-0.006707282,-0.014316039,-0.017463077,-0.04932511
-0.005618275,-0.01347619,-0.016873632,-0.042541668
-0.004390301,-0.0135347545,-0.01766721,-0.042558983
-0.0044362983,-0.013684061,-0.017963352,-0.046929188
-0.0050905743,-0.013449951,-0.017483216,-0.047749788
-0.0063019954,-0.013769306,-0.017569866,-0.050673645
-0.0077525247,-0.014068568,-0.017354174,-0.052153956
-0.00848322,-0.014223226,-0.017102683,-0.05080752
-0.0079953475,-0.014205989,-0.017059952,-0.047735307
-0.0063907225,-0.013858091,-0.017142236,-0.04336133
-0.005565199,-0.014148503,-0.017831217,-0.046159696
-0.0056312066,-0.014024185,-0.017601786,-0.047709875
-0.005786384,-0.013816188,-0.017361956,-0.047257457
-0.0055246027,-0.013597956,-0.017300993,-0.04561995
-0.005495442,-0.013709173,-0.017587861,-0.04698788
-0.0064462074,-0.014067518,-0.017692557,-0.050786596
-0.006703541,-0.013629431,-0.01702512,-0.047556005
-0.0071733356,-0.014192267,-0.017577361,-0.05015958
-0.0072274692,-0.014025424,-0.017168408,-0.048305403
-0.006527046,-0.013888961,-0.017209556,-0.04579531
-0.005983439,-0.014030161,-0.01755393,-0.046512276
-0.0053130393,-0.013637501,-0.01734785,-0.044568703
-0.0051801503,-0.013775112,-0.017697638,-0.046701036
-0.0059438557,-0.01393874,-0.017648006,-0.049683053
-0.006569944,-0.013770103,-0.017233448,-0.048832707
-0.0074994364,-0.014248351,-0.017510869,-0.051312517
-0.007941744,-0.014244884,-0.01713863,-0.049875207
-0.008035598,-0.014535586,-0.017302588,-0.049768236
-0.007708586,-0.0145606045,-0.01723419,-0.048466437
-0.0061453287,-0.013992023,-0.017013198,-0.042887673
-0.0060219066,-0.014757288,-0.018080996,-0.0493465
-0.006490321,-0.014361402,-0.0173138,-0.04908879
-0.0043646237,-0.012940446,-0.016518274,-0.036394726
-0.0031414726,-0.01368188,-0.018376874,-0.042754993
-0.00327359,-0.013237709,-0.017822271,-0.044893343
-0.0042085904,-0.013215724,-0.017699623,-0.047753472
-0.0045649977,-0.01273572,-0.017178096,-0.044971973
-0.00492687,-0.012975659,-0.017627643,-0.046834584
-0.0058306023,-0.0131903365,-0.017598866,-0.049279638
-0.0064127366,-0.01309545,-0.017242024,-0.048160676
-0.006578702,-0.013244776,-0.017349696,-0.047751497
-0.006463955,-0.013294697,-0.017370677,-0.04711529
-0.006515608,-0.013480008,-0.017510094,-0.048031073
-0.006797393,-0.013624172,-0.01745676,-0.048807424
-0.006833159,-0.013606721,-0.017298969,-0.047878407
-0.0066177384,-0.013669625,-0.01736433,-0.047276087
-0.006614154,-0.013862203,-0.017500957,-0.048233088
-0.007409881,-0.0142791625,-0.017602045,-0.051258575
-0.006888132,-0.013681206,-0.016856804,-0.04565744
-0.0059660785,-0.013832025,-0.017477281,-0.045215275
-0.0055520153,-0.013832931,-0.017625006,-0.04638805
-0.005163128,-0.013496864,-0.017388728,-0.045070585
-0.005458837,-0.013721779,-0.01772907,-0.04810564
-0.0060590347,-0.0136467265,-0.017410686,-0.048635576
-0.0068968846,-0.013917416,-0.017453892,-0.050241165
-0.0066296374,-0.013499329,-0.016999686,-0.046125326
-0.006004459,-0.013653763,-0.01746024,-0.045818068
-0.0062290127,-0.013992687,-0.01772303,-0.049003888
-0.0066940305,-0.013938964,-0.017344804,-0.049036473
-0.0072825025,-0.014203594,-0.01741046,-0.05014761
-0.0071113836,-0.014011522,-0.017105391,-0.047492944
-0.0069998223,-0.01433555,-0.01749487,-0.048646796
-0.0070884684,-0.0143886795,-0.01739645,-0.049021084
-0.007701384,-0.014735624,-0.01749659,-0.05114416
-0.007406678,-0.014360279,-0.01699274,-0.047511548
-0.0074914186,-0.014892727,-0.017595474,-0.050134443
-0.0078693535,-0.014951677,-0.017338201,-0.050620697
-0.008112202,-0.015059529,-0.017254269,-0.050379418
-0.0072350106,-0.014659405,-0.016994663,-0.046226803
-0.0065281414,-0.014864271,-0.017549878,-0.047269233
-0.0063915187,-0.014820021,-0.017502455,-0.04832623
-0.0068749925,-0.014923671,-0.017493522,-0.050199933
-0.007363972,-0.01487899,-0.017262207,-0.050095696
-0.007399205,-0.014840068,-0.017195411,-0.048955373
-0.0068417005,-0.01467233,-0.017201282,-0.04697633
-0.007120764,-0.01516086,-0.017686429,-0.050603397
-0.006989842,-0.014700311,-0.017068941,-0.047854926
-0.007518242,-0.01528388,-0.017627986,-0.051391486
-0.0074282163,-0.014837048,-0.017012313,-0.048356157
-0.008298761,-0.015667781,-0.017708613,-0.05316232
-0.008488413,-0.015296372,-0.016938267,-0.050128892
-0.007735089,-0.015235537,-0.017110035,-0.04764669
-0.0077410326,-0.015733423,-0.017638618,-0.05085983
-0.0076459055,-0.015400029,-0.017145267,-0.04926126
-0.008099215,-0.015841024,-0.017502367,-0.05181242
-0.007488889,-0.01521439,-0.016880937,-0.04723057
-0.0075767445,-0.015844591,-0.017672637,-0.05096111
-0.0077662556,-0.01558516,-0.017195376,-0.05021148
-0.0063961917,-0.014793487,-0.01682348,-0.043693624
-0.004205491,-0.014255931,-0.017324045,-0.039145775
-0.0036859687,-0.01464824,-0.018287532,-0.045901533
-0.003792088,-0.013812124,-0.017403675,-0.044698138
-0.0021100985,-0.012454399,-0.016861787,-0.033495508
-0.0015452143,-0.013212764,-0.018682258,-0.042404424
-0.0015509496,-0.012179369,-0.017549342,-0.03988569
-0.0019149891,-0.012183629,-0.017966472,-0.04286371
-0.004344073,-0.012898909,-0.018288966,-0.053041257
-0.006547354,-0.012468066,-0.016945805,-0.05075438
-0.0073164054,-0.012716898,-0.017083816,-0.048730653
-0.007574141,-0.013139192,-0.017390369,-0.04901678
-0.00792102,-0.013535853,-0.017446999,-0.04996893
-0.007992626,-0.013680194,-0.017282771,-0.04915573
-0.006864114,-0.013389756,-0.017060578,-0.04457181
-0.003911164,-0.01244322,-0.016986527,-0.034302786
-0.0030270515,-0.01339921,-0.018776465,-0.04473945
-0.0025300146,-0.01212181,-0.017269948,-0.039458413
-0.0038937945,-0.013153894,-0.018513592,-0.050741572
-0.0058816923,-0.012751257,-0.017221909,-0.050613683
-0.0065596537,-0.0126522025,-0.017016971,-0.047566943
-0.0058019822,-0.01252195,-0.017153366,-0.043675497
-0.004787025,-0.012547578,-0.01758195,-0.042906374
-0.0047425553,-0.012772273,-0.017898552,-0.046370663
-0.004809765,-0.012425003,-0.017402219,-0.045098484
-0.005695471,-0.01295598,-0.01781696,-0.04951588
-0.0054446757,-0.012318572,-0.016936652,-0.04378402
-0.005160345,-0.012709808,-0.017713508,-0.045656852
-0.0050970535,-0.012636545,-0.017522102,-0.04563489
-0.0055260477,-0.012882947,-0.01765064,-0.04779686
-0.004681408,-0.012187248,-0.016980479,-0.04121588
-0.0052420925,-0.013267782,-0.018267184,-0.049704894
-0.005035792,-0.012315733,-0.016892564,-0.043294556
-0.0055056536,-0.01310399,-0.017958878,-0.048776507
-0.00514221,-0.012362606,-0.017007915,-0.043358512
-0.005186543,-0.012890028,-0.017846216,-0.04697527
-0.0054264255,-0.012694846,-0.017427042,-0.046552453
-0.0062226253,-0.013078755,-0.017657802,-0.04950701
-0.00668247,-0.012944112,-0.017229227,-0.04806629
-0.0064089387,-0.012985685,-0.017266074,-0.046197835
-0.0067489417,-0.013524779,-0.017715083,-0.049471673
-0.0075308583,-0.013760527,-0.017422445,-0.050622474
-0.007937238,-0.013918705,-0.017221363,-0.049773514
-0.0075722267,-0.013944171,-0.017181974,-0.04769984
-0.0064693643,-0.013759184,-0.017237313,-0.044821244
-0.0067127612,-0.014451073,-0.017941862,-0.050369952
-0.0072309445,-0.014233643,-0.017241938,-0.049671162
-0.0052844356,-0.013141787,-0.016606508,-0.03890919
-0.004265978,-0.013915896,-0.018221732,-0.044801254
-0.0040234486,-0.013301418,-0.017540045,-0.0442369
-0.0026680422,-0.012322737,-0.017110936,-0.036564924
-0.0019675007,-0.012636944,-0.018270308,-0.04111024
-0.0017964938,-0.012013359,-0.017724615,-0.040269326
-0.001574954,-0.011616285,-0.01773969,-0.03934598
-0.0018535525,-0.011642899,-0.018026529,-0.04244057
-0.0026988415,-0.011518367,-0.017807622,-0.04473098
-0.005091948,-0.012222874,-0.018042488,-0.052569676
-0.005961462,-0.0115338685,-0.016693141,-0.045879014
-0.006265059,-0.012207751,-0.017585227,-0.047649927
-0.005205525,-0.01168441,-0.017034363,-0.041317012
-0.004541005,-0.012168935,-0.017932652,-0.044246357
-0.0047409404,-0.012192208,-0.017741673,-0.046204016
-0.005370149,-0.01227326,-0.017573979,-0.04751664
-0.0055799875,-0.0121813,-0.017313985,-0.045973293
-0.0058301603,-0.012476387,-0.017579727,-0.047266133
-0.0065542613,-0.0127913775,-0.017585678,-0.049358144
-0.0069041904,-0.01278263,-0.017253086,-0.048015837
-0.0063475356,-0.012690487,-0.017221127,-0.045175195
-0.0060353084,-0.013029919,-0.017659433,-0.046784315
-0.0067046783,-0.013410878,-0.01770248,-0.050091937
-0.006856159,-0.013130726,-0.017127126,-0.047440454
-0.007876004,-0.014020393,-0.01776795,-0.052323256
-0.007397065,-0.013397101,-0.01677456,-0.045991555
-0.007143382,-0.014076118,-0.017684707,-0.048778668
-0.0068484675,-0.0139013,-0.017288914,-0.047401704
-0.0071064914,-0.014319469,-0.017593091,-0.049813367
-0.007192555,-0.01420983,-0.017228615,-0.0486056
-0.006243022,-0.013872357,-0.017087992,-0.04455053
-0.0058147768,-0.014237116,-0.017735014,-0.04716926
-0.0060332883,-0.014205212,-0.01751501,-0.04839337
-0.0068466146,-0.014422564,-0.017509904,-0.050606735
-0.0057678693,-0.013464728,-0.016695907,-0.042311452
-0.006006846,-0.014538596,-0.01817726,-0.05022234
-0.006055355,-0.013769808,-0.017037533,-0.04659022
-0.0065661855,-0.014307806,-0.01765705,-0.049902666
-0.0074008456,-0.014411078,-0.017362624,-0.05084708
-0.0068509816,-0.013930389,-0.01689772,-0.04576833
-0.0070072236,-0.014669753,-0.017792895,-0.050161514
-0.0070699677,-0.014349312,-0.017177826,-0.04843287
-0.0059841103,-0.01389469,-0.017054418,-0.043790914
-0.0048289336,-0.013830259,-0.017582228,-0.04339167
-0.0044101314,-0.013738031,-0.0177456,-0.04511652
-0.004987177,-0.013809739,-0.017734112,-0.04832683
-0.0062696342,-0.013926727,-0.017516876,-0.050796792
-0.006559554,-0.0135746375,-0.016986284,-0.047296353
-0.0073316633,-0.014275677,-0.017683228,-0.051249094
-0.007753434,-0.014131385,-0.017134676,-0.049606502
-0.007696203,-0.014301686,-0.01727153,-0.0488944
-0.007832555,-0.014629345,-0.01745204,-0.050112966
-0.008051208,-0.014765204,-0.017324235,-0.050288897
-0.007216715,-0.014367407,-0.017010633,-0.04615676
-0.006651963,-0.014674016,-0.01759352,-0.047728658
-0.006591077,-0.014625741,-0.017467763,-0.04851412
-0.0072183446,-0.014897066,-0.01752491,-0.05089972
-0.006391126,-0.0140644675,-0.016802443,-0.04444655
-0.0060315244,-0.014615103,-0.01777612,-0.047870282
-0.0064173904,-0.014544583,-0.017502166,-0.049372632
-0.0072831083,-0.014745111,-0.017430805,-0.051128607
-0.0057929438,-0.013600631,-0.016553875,-0.041060887
-0.0053176414,-0.014496823,-0.018150494,-0.0476769
-0.005817435,-0.014183279,-0.017489329,-0.048785366
-0.006023635,-0.013937514,-0.017224967,-0.047336377
-0.0052911034,-0.013529181,-0.017168297,-0.0437409
-0.0056584664,-0.014146529,-0.017965587,-0.04938548
-0.0053008893,-0.013287181,-0.016962,-0.044081315
-0.005077781,-0.013612638,-0.017697066,-0.046183243
-0.0058956123,-0.013877517,-0.017728416,-0.049939223
-0.0072367573,-0.01403328,-0.017402656,-0.051604897
-0.0070073646,-0.013584547,-0.016839065,-0.046279788
-0.0072289077,-0.0143404715,-0.01773525,-0.05016658
-0.006482954,-0.013651846,-0.016951451,-0.044925492
-0.006087501,-0.014065494,-0.017702576,-0.04734658
-0.0066962847,-0.014272506,-0.017640134,-0.050317355
-0.0060793217,-0.01350724,-0.016872402,-0.044347282
-0.00574656,-0.013959053,-0.017740963,-0.047104966
-0.0061194045,-0.013962603,-0.017556785,-0.048794754
-0.0072943224,-0.014344985,-0.017559646,-0.051865596
-0.0065505453,-0.01348034,-0.016671626,-0.044110954
-0.0032167982,-0.01238723,-0.016827822,-0.030976254
-0.0023931377,-0.013761853,-0.019172149,-0.045370918
-0.0028449462,-0.012615209,-0.017440936,-0.043663897
-0.0044739707,-0.013163398,-0.018004231,-0.050526544
-0.006215917,-0.013002823,-0.01722327,-0.050460186
-0.0046435883,-0.011847929,-0.016395735,-0.037217
-0.0042651435,-0.01313078,-0.018518794,-0.046898767
-0.0040363986,-0.0121720685,-0.017202811,-0.04261888
-0.003780056,-0.012286521,-0.017702783,-0.04348426
-0.0040894155,-0.012327356,-0.017762758,-0.04569444
-0.00458615,-0.012231081,-0.01752052,-0.04604947
-0.007020838,-0.013339666,-0.018094832,-0.054988056
-0.008214968,-0.012896026,-0.016709376,-0.049844142
-0.0077291657,-0.013133548,-0.017100986,-0.046796042
-0.0075912327,-0.013751335,-0.017658878,-0.04929135
-0.007196136,-0.013559871,-0.017232364,-0.047194183
-0.006869451,-0.013786014,-0.017488232,-0.0477039
-0.0068908352,-0.0139467735,-0.01749154,-0.048638415
-0.007128692,-0.014052018,-0.01741407,-0.04920416
-0.007436245,-0.014220011,-0.017373694,-0.049649335
-0.007167895,-0.014096553,-0.017177982,-0.04757804
-0.0064267125,-0.01403094,-0.017308183,-0.045941167
-0.0060075144,-0.014109408,-0.017568383,-0.04692509
-0.0059595117,-0.01399007,-0.017486092,-0.047449708
-0.006034158,-0.013966617,-0.017417151,-0.047602583
-0.006069126,-0.013934026,-0.017385071,-0.047434952
-0.005213108,-0.013451198,-0.017131472,-0.04321718
-0.0051307096,-0.0139129255,-0.01788912,-0.047358215
-0.0052834842,-0.013495491,-0.017363114,-0.046497606
-0.0055646803,-0.013594278,-0.017506534,-0.04749713
-0.0053763264,-0.013286793,-0.0172561,-0.045307238
-0.0057087867,-0.013660317,-0.017713554,-0.04838817
-0.006467601,-0.013726757,-0.017446443,-0.049567576
-0.0065139923,-0.01352035,-0.017130805,-0.04704088
-0.006444877,-0.013793135,-0.017477088,-0.047752257
-0.006817608,-0.014005573,-0.017526284,-0.049436413
-0.0068339,-0.013821411,-0.01721234,-0.047757253
-0.0071337814,-0.014197945,-0.017537786,-0.04969748
-0.0070314403,-0.013993451,-0.01718837,-0.047776356
-0.0063754106,-0.013884577,-0.017279614,-0.045893807
-0.0059197727,-0.013959655,-0.017549163,-0.046584357
-0.006829475,-0.014474693,-0.017812623,-0.05161578
-0.007304491,-0.014102704,-0.017032597,-0.049015295
-0.007192616,-0.014239169,-0.017275,-0.04820073
-0.0068485346,-0.014239719,-0.017346362,-0.04756823
-0.0072659985,-0.014656686,-0.01763136,-0.050617043
-0.0071278224,-0.014283121,-0.017068164,-0.047705073
-0.0065782634,-0.014312998,-0.017336525,-0.04677586
-0.0067008166,-0.014614988,-0.017633522,-0.049403533
-0.006682875,-0.014317958,-0.017216302,-0.04786593
-0.0069146045,-0.014594778,-0.017493643,-0.04945511
-0.0066404785,-0.014278489,-0.017149447,-0.047035675
-0.0068917875,-0.01471074,-0.017620835,-0.049861465
-0.006867228,-0.014404818,-0.017169997,-0.04799711
-0.006808659,-0.014559847,-0.017411148,-0.048478205
-0.006887863,-0.014604572,-0.017391976,-0.048893057
-0.0069668833,-0.014596082,-0.017336259,-0.048819352
-0.0073858406,-0.01484128,-0.017456444,-0.05040333
-0.007552284,-0.0147656165,-0.017202765,-0.04939929
-0.0070519163,-0.014601956,-0.017168567,-0.047211852
-0.007356064,-0.0151319355,-0.017681412,-0.050848953
-0.007102738,-0.014621042,-0.017027088,-0.04756104
-0.006988195,-0.014905645,-0.017495345,-0.048951466
-0.0068278927,-0.014722265,-0.017287651,-0.048138335
-0.0066440534,-0.014716112,-0.017364085,-0.048023973
-0.006471004,-0.0146303335,-0.017365221,-0.04781489
-0.0066520036,-0.014732443,-0.017479017,-0.049144458
-0.007174159,-0.014822294,-0.017404968,-0.05029576
-0.0031901584,-0.012258394,-0.015799467,-0.025671411
-0.0017252858,-0.014372789,-0.019594613,-0.044106856
-0.0021595336,-0.01293409,-0.017577967,-0.043190885
-0.003901389,-0.013422045,-0.018037995,-0.050403226
-0.0061403774,-0.013353366,-0.017322456,-0.051938128
-0.0064173704,-0.012884052,-0.016745662,-0.045973483
-0.0064297165,-0.013441233,-0.017603816,-0.04798085
-0.0066241403,-0.013492335,-0.017433196,-0.04831795
-0.006845638,-0.0136130685,-0.017401896,-0.048559856
-0.007108395,-0.013791663,-0.017408673,-0.049048156
-0.007770801,-0.01418157,-0.017490804,-0.05096374
-0.008403615,-0.01439987,-0.017285664,-0.051117077
-0.008401135,-0.014502207,-0.017158883,-0.049581856
-0.007331983,-0.0142777,-0.017086955,-0.045898702
-0.006698536,-0.014574636,-0.01763653,-0.047701426
-0.0067474996,-0.014596933,-0.017513454,-0.0490305
-0.007558792,-0.01488818,-0.017521765,-0.051585834
-0.008108851,-0.014856767,-0.01715477,-0.050663054
-0.008659377,-0.015274458,-0.017352112,-0.051802073
-0.008757401,-0.015325873,-0.017146628,-0.050616052
-0.0091341,-0.015837245,-0.017416794,-0.052360762
-0.009758864,-0.016195858,-0.017295497,-0.053317882
-0.009148053,-0.01592637,-0.01687968,-0.04938001
-0.007833826,-0.015766256,-0.017182788,-0.04709611
-0.0072151613,-0.01598961,-0.01757844,-0.04906065
-0.0075691123,-0.016115217,-0.017497918,-0.05138363
-0.007186442,-0.015559405,-0.016942186,-0.047739733
-0.006515914,-0.01554179,-0.017329073,-0.047163595
-0.0062916484,-0.0154932765,-0.017492559,-0.048360795
-0.0065398035,-0.0154154,-0.01741995,-0.049464546
-0.006717591,-0.01522228,-0.017246054,-0.048927095
-0.0070832693,-0.015356992,-0.017397882,-0.05014013
-0.005965295,-0.01445907,-0.016813321,-0.04347412
-0.0046364716,-0.014396805,-0.017567035,-0.04291559
-0.0042706095,-0.014324372,-0.017825862,-0.045636926
-0.0046332846,-0.014063323,-0.017582547,-0.047105417
-0.003771444,-0.013043258,-0.016957639,-0.040115986
-0.0037776146,-0.013635588,-0.018157145,-0.046337936
-0.0048142197,-0.013440608,-0.017617732,-0.04873576
-0.0057283826,-0.013316324,-0.017288616,-0.048400495
-0.0060426197,-0.013275447,-0.017264832,-0.04726413
-0.006513345,-0.013592519,-0.017539721,-0.04907306
-0.0070076636,-0.013658387,-0.017357713,-0.04924645
-0.006997134,-0.013630761,-0.017238297,-0.0477945
-0.0061888243,-0.013422183,-0.017218279,-0.044864204
-0.0058512124,-0.013678568,-0.017703619,-0.047011603
-0.005931511,-0.013560512,-0.01748604,-0.047468606
-0.0063774963,-0.013704498,-0.017511994,-0.048897963
-0.006432644,-0.01354309,-0.01723413,-0.047269996
-0.005033111,-0.012912671,-0.0170207,-0.040898465
-0.0052197203,-0.013846509,-0.018288715,-0.049203064
-0.0057795956,-0.013296301,-0.017233869,-0.047650654
-0.0060756346,-0.013404273,-0.017382178,-0.047642592
-0.005782117,-0.013207236,-0.017264066,-0.04553996
-0.006238891,-0.013720458,-0.017772688,-0.049456224
-0.006557494,-0.013464499,-0.017226025,-0.047970027
-0.0061153364,-0.0133253,-0.017227856,-0.045558993
-0.005786423,-0.013506367,-0.01757914,-0.046505358
-0.0061375434,-0.013710383,-0.017623512,-0.048759848
-0.006851458,-0.013819084,-0.017429573,-0.04985045
-0.0072985543,-0.013912379,-0.017262822,-0.049334913
-0.007700132,-0.014247229,-0.017386245,-0.050124984
-0.0073536457,-0.014091176,-0.017118875,-0.047470767
-0.007595433,-0.014667826,-0.017642451,-0.05056737
-0.0071451026,-0.014222096,-0.017033791,-0.046938803
-0.006861783,-0.014545678,-0.017538683,-0.048351213
-0.006910474,-0.0145441685,-0.01742274,-0.048919547
-0.0066844784,-0.014344489,-0.017243912,-0.047455397
-0.0070484877,-0.014740187,-0.017604044,-0.050249774
-0.006815722,-0.014309713,-0.017066374,-0.0471582
-0.006979928,-0.0147491265,-0.017594341,-0.04970517
-0.007009158,-0.014535384,-0.017224085,-0.048484907
-0.007262798,-0.014775025,-0.017456753,-0.04987153
-0.006797631,-0.014404714,-0.01707848,-0.046695713
-0.0069629275,-0.014907934,-0.017671207,-0.049988195
-0.007322159,-0.014799608,-0.017285429,-0.04984121
-0.0071907435,-0.014679095,-0.017180458,-0.048244957
-0.007261051,-0.014952099,-0.017467791,-0.04962544
-0.0073627625,-0.014912429,-0.017296426,-0.04940064
-0.007281352,-0.01489071,-0.017277868,-0.048831254
-0.0062214597,-0.014377073,-0.017055808,-0.044524334
-0.0062927394,-0.015010395,-0.01790584,-0.049752377
-0.0066146557,-0.0146241,-0.0172346,-0.048834853
-0.0070295986,-0.014796609,-0.01739255,-0.04982162
-0.006975698,-0.014600131,-0.017171912,-0.04813337
-0.007403415,-0.015007881,-0.01755816,-0.05075961
-0.0070285974,-0.014518863,-0.016998405,-0.04705146
-0.0070438534,-0.014946075,-0.017600251,-0.049575567
-0.006602337,-0.01447519,-0.01711792,-0.04669389
-0.0065260855,-0.014750649,-0.017575433,-0.048661202
-0.0066717197,-0.01462694,-0.017360408,-0.048765488
-0.0074706343,-0.015010029,-0.017537443,-0.051566
-0.0073806234,-0.014572584,-0.016961452,-0.047981866
-0.007736992,-0.015186355,-0.017599724,-0.051102538
-0.0072310567,-0.014631388,-0.016962953,-0.04700082
-0.0072871665,-0.015181164,-0.017650265,-0.050174225
-0.006714498,-0.014568409,-0.017028594,-0.046382785
-0.0055251042,-0.014294123,-0.017289422,-0.043779198
-0.0056019193,-0.014743672,-0.01794252,-0.04896972
-0.006204532,-0.014425099,-0.01734082,-0.04914648
-0.0069879605,-0.014605538,-0.017394755,-0.050462455
-0.0073053977,-0.014511812,-0.01716719,-0.049198423
-0.0070684515,-0.0144863315,-0.017232388,-0.0478786
-0.006841543,-0.014561164,-0.017419476,-0.048191115
-0.0072725695,-0.014857257,-0.017549947,-0.05058196
-0.0021394521,-0.011488435,-0.015322164,-0.016321423
0.0010233265,-0.0133070275,-0.019850345,-0.030471416
0.0021823558,-0.011618482,-0.0184241,-0.026313039
0.0017668725,-0.012187792,-0.019468628,-0.040024925
-0.0026776923,-0.013056886,-0.019057633,-0.05880694
-0.005430618,-0.011431535,-0.01597632,-0.04777719
-0.006010041,-0.012016461,-0.01722204,-0.04671436
-0.0066788606,-0.012570412,-0.017634805,-0.04933422
-0.0070085577,-0.0125953555,-0.01726611,-0.0480158
-0.007433898,-0.013090598,-0.017520187,-0.049555954
-0.006996585,-0.012888592,-0.017121674,-0.04612789
-0.0065510394,-0.013224585,-0.017561402,-0.04692166
-0.006559802,-0.013367421,-0.017556492,-0.04807772
-0.00673735,-0.013450824,-0.017424801,-0.048332576
-0.0071649374,-0.013711936,-0.017475298,-0.049577016
-0.0076522883,-0.013903862,-0.017366163,-0.050026383
-0.007330785,-0.0137880165,-0.01712311,-0.04730677
-0.0068709855,-0.01400049,-0.017448032,-0.04743124
-0.0065865195,-0.014027129,-0.01744725,-0.04756534
-0.0073894737,-0.014552354,-0.017709645,-0.051675767
-0.0068638744,-0.013802231,-0.016801164,-0.045578465
-0.0064428975,-0.014257002,-0.017639197,-0.047625814
-0.006760621,-0.014402586,-0.017558813,-0.04962553
-0.0075653624,-0.014503985,-0.017424915,-0.051106144
-0.0076214857,-0.014365724,-0.017068738,-0.04865143
-0.0077457377,-0.014818248,-0.017459767,-0.050101332
-0.007576815,-0.014765444,-0.0172039,-0.048749305
-0.007747303,-0.015193722,-0.017474296,-0.050490525
-0.007215896,-0.014800031,-0.01704546,-0.04721697
-0.0069515835,-0.01508836,-0.017529955,-0.04880318
-0.00669549,-0.014853564,-0.01728465,-0.04786608
-0.0067560365,-0.014969589,-0.017467447,-0.049095247
-0.007236511,-0.01508337,-0.017421864,-0.050473828
-0.00824822,-0.0154179325,-0.01742215,-0.0526483
-0.0076980717,-0.014803417,-0.016767763,-0.047020644
-0.007537584,-0.01543479,-0.017639855,-0.050071824
-0.006384172,-0.014571439,-0.01690998,-0.044369355
-0.0055190763,-0.014750358,-0.017655686,-0.045820802
-0.0044451165,-0.014010318,-0.017276805,-0.042337514
-0.0038037878,-0.01391308,-0.01775368,-0.04367534
-0.0019581043,-0.012470446,-0.017000634,-0.03318377
-0.0016028732,-0.013319686,-0.018799711,-0.04364474
-0.003415858,-0.01318335,-0.018031288,-0.050094254
-0.005074573,-0.012728167,-0.017115125,-0.04859364
-0.0071183993,-0.013485968,-0.017618584,-0.053056024
-0.0071938373,-0.012913254,-0.016680056,-0.0463505
-0.006649471,-0.013373191,-0.017486285,-0.046634313
-0.0064965603,-0.013526237,-0.017566858,-0.0477745
-0.0064711035,-0.013508432,-0.017409433,-0.047592197
-0.0064324844,-0.013550225,-0.017417029,-0.04753419
-0.006793261,-0.013817679,-0.017542712,-0.049298987
-0.00672411,-0.013609248,-0.017200937,-0.04728906
-0.0075477185,-0.014329285,-0.017742533,-0.05177029
-0.0074311006,-0.013846245,-0.016929535,-0.047474757
-0.007265953,-0.014286734,-0.017508216,-0.048782397
-0.007360804,-0.014389638,-0.017415611,-0.049369834
-0.0072794654,-0.014368166,-0.01727635,-0.048523393
-0.007111112,-0.014420429,-0.017364386,-0.048385385
-0.006959397,-0.014445106,-0.017374944,-0.04832156
-0.006938388,-0.014482246,-0.017404316,-0.048673887
-0.0072783697,-0.0146762775,-0.017454786,-0.05004291
-0.0072716214,-0.014524525,-0.017189268,-0.048558872
-0.006511308,-0.014301867,-0.017173076,-0.045817383
-0.006432239,-0.01466598,-0.017702878,-0.048853945
-0.0066529876,-0.014531961,-0.017344216,-0.04883757
-0.0066166967,-0.01447131,-0.017266264,-0.04791849
-0.006568637,-0.014541928,-0.01739961,-0.048217323
-0.006476407,-0.014478964,-0.017343594,-0.047859218
-0.0077235033,-0.015198272,-0.017782992,-0.053396076
-0.0069268057,-0.014052801,-0.016511993,-0.044516258
-0.006987206,-0.015093836,-0.017943963,-0.05051059
-0.006958666,-0.014560516,-0.017115042,-0.048134968
-0.007141329,-0.0148605,-0.017475149,-0.04967357
-0.0066602505,-0.014446823,-0.017091602,-0.04656193
-0.006681628,-0.01481985,-0.017632408,-0.04923101
-0.0067749484,-0.014617807,-0.01728092,-0.048571818
-0.0066205934,-0.014520123,-0.017291714,-0.047742274
-0.00676836,-0.014691333,-0.01749335,-0.049197327
-0.007268832,-0.0147981765,-0.017406734,-0.05033916
-0.0077273706,-0.014870889,-0.017277075,-0.050401077
-0.007942178,-0.0149780875,-0.017253859,-0.05010038
-0.008093668,-0.01516683,-0.017317025,-0.050385393
-0.006907925,-0.0145493345,-0.016904976,-0.04486961
-0.0062318454,-0.014930483,-0.017716171,-0.047448423
-0.0062296097,-0.014764019,-0.01748628,-0.048393466
-0.006550144,-0.0147235235,-0.01740528,-0.049155753
-0.006789858,-0.014661456,-0.017295621,-0.048910543
-0.006760561,-0.014596984,-0.01727907,-0.048196726
-0.0071463045,-0.014881167,-0.017512891,-0.050254237
-0.007173822,-0.014648635,-0.01715594,-0.048537295
-0.0075298264,-0.015024202,-0.017499903,-0.050595324
-0.0075655286,-0.014874711,-0.017162757,-0.049128547
-0.0076930774,-0.015104929,-0.017402498,-0.050094415
-0.007813484,-0.015150779,-0.017288582,-0.050008
-0.0073670647,-0.014944315,-0.017144263,-0.047857296
-0.007434233,-0.015324034,-0.017561648,-0.050246697
-0.007022465,-0.014863524,-0.017085446,-0.047407743
-0.0067994716,-0.0150649985,-0.01748788,-0.04860634
-0.0068742926,-0.015015786,-0.017390987,-0.049137257
-0.0071375086,-0.015050007,-0.017362304,-0.049732264
-0.0073692393,-0.015064375,-0.017293341,-0.049737275
-0.007153123,-0.01491374,-0.017187577,-0.048199426
-0.007128134,-0.015097716,-0.017449725,-0.049329944
-0.007130221,-0.014992485,-0.017298186,-0.04899746
-0.007000642,-0.014932586,-0.017296527,-0.048500743
-0.0070826975,-0.015017127,-0.017420964,-0.04940342
-0.006774468,-0.014726974,-0.017179785,-0.04746407
-0.0066119824,-0.014850192,-0.017463615,-0.048353564
-0.0070117554,-0.015000951,-0.017493648,-0.05021178
-0.0069888136,-0.014707241,-0.017128848,-0.04819076
-0.00727646,-0.015054365,-0.017508416,-0.050240636
-0.007055022,-0.014714379,-0.017107394,-0.047801584
-0.0072601405,-0.015100051,-0.01755522,-0.05019391
-0.0076602767,-0.015097221,-0.017304132,-0.050463095
-0.0072725657,-0.014801824,-0.017064057,-0.04758448
-0.006987254,-0.015015992,-0.017474923,-0.04861687
-0.006356162,-0.014607527,-0.017198501,-0.046239305
-0.0066019893,-0.0150194885,-0.01772299,-0.0500018
-0.0064777425,-0.014487106,-0.017088855,-0.04720025
-0.007112808,-0.015056877,-0.017687375,-0.05124139
-0.0072548506,-0.014642973,-0.017043432,-0.04862187
-0.0068764417,-0.014651764,-0.017268537,-0.04752522
-0.006698261,-0.014752597,-0.017470336,-0.04839836
-0.006728654,-0.01470111,-0.017385002,-0.04866567
-0.0073168105,-0.014965469,-0.017504854,-0.050887406
-0.007017997,-0.0144918915,-0.0169817,-0.047125902
-0.00740014,-0.015137325,-0.017692845,-0.05104301
-0.007448654,-0.014775489,-0.017094206,-0.04884383
-0.0064168796,-0.014401874,-0.017070482,-0.044854533
-0.005919416,-0.014674452,-0.017708978,-0.04732562
-0.006545153,-0.014821697,-0.017644204,-0.05054141
-0.007727769,-0.014984655,-0.017372243,-0.05220394
-0.007058972,-0.014263573,-0.016708536,-0.04549868
-0.0068510394,-0.01495383,-0.01775252,-0.049254
-0.0070747696,-0.0147936465,-0.017357692,-0.049503848
-0.0073093683,-0.014839595,-0.017313648,-0.04958554
-0.006084181,-0.014110996,-0.016887138,-0.043335155
-0.0044995076,-0.013924539,-0.01752103,-0.041630868
-0.0037942915,-0.013837958,-0.017876929,-0.043888327
-0.0040735574,-0.013662923,-0.017755248,-0.04640365
-0.004928028,-0.013595091,-0.017557915,-0.048276145
-0.004776658,-0.012970594,-0.017042423,-0.043753102
-0.004869137,-0.013345542,-0.017766176,-0.04672334
-0.0056367544,-0.013395318,-0.017591832,-0.048888955
-0.006284586,-0.013326518,-0.017302403,-0.04846644
-0.0066922815,-0.013485229,-0.017366773,-0.04860319
-0.0067413,-0.013513383,-0.0173084,-0.04775947
-0.006586967,-0.013601397,-0.017386168,-0.047393944
-0.0069308802,-0.013919566,-0.017582374,-0.049565174
-0.007814488,-0.014235831,-0.017465241,-0.05144928
-0.00785288,-0.014072553,-0.017041262,-0.048599314
-0.007376344,-0.014220533,-0.017315922,-0.047730494
-0.008126984,-0.014966918,-0.017773764,-0.052603286
-0.008711878,-0.014873477,-0.017103264,-0.051218174
-0.009025039,-0.015287527,-0.017275473,-0.05147954
-0.008975152,-0.015423066,-0.017204473,-0.050703593
-0.009115452,-0.015825678,-0.01737453,-0.051810637
-0.008649228,-0.01565094,-0.017067524,-0.04944233
-0.008326746,-0.01593605,-0.017394317,-0.050285902
-0.008113186,-0.015881848,-0.017278401,-0.050059
-0.0076392205,-0.015703237,-0.01719375,-0.04869837
-0.0073849414,-0.015797725,-0.017396996,-0.049424786
-0.007241475,-0.015685415,-0.017292673,-0.04922438
-0.0071204416,-0.01562676,-0.017297927,-0.04909098
-0.006999382,-0.015529754,-0.017300993,-0.04890638
-0.0060376017,-0.014931388,-0.017047092,-0.04484773
-0.006388612,-0.015628874,-0.01793011,-0.05088045
-0.0067371083,-0.01505765,-0.017090173,-0.048946086
-0.0068778954,-0.015131434,-0.017310563,-0.04905063
-0.006527884,-0.014847974,-0.017186819,-0.04715898
-0.007073252,-0.015351789,-0.01769568,-0.05123863
-0.0067584417,-0.014646129,-0.016907107,-0.046749663
-0.0068940585,-0.015165955,-0.01764033,-0.04989081
-0.0070874477,-0.014933838,-0.017247088,-0.049236745
-0.0071242433,-0.0149295,-0.017295389,-0.04896588
-0.007159823,-0.014984501,-0.017348291,-0.049188707
-0.0071240403,-0.014933487,-0.017302524,-0.048861608
-0.007096414,-0.0149454335,-0.017347569,-0.048959274
-0.007102539,-0.014926841,-0.017342217,-0.04902094
-0.0068428298,-0.014755871,-0.017251197,-0.04782927
-0.0051280367,-0.013859939,-0.016929926,-0.0406455
-0.004686833,-0.01449855,-0.01817069,-0.047044236
-0.00488864,-0.013901782,-0.017400194,-0.046528347
-0.0056094555,-0.014061301,-0.01759651,-0.049079448
-0.0067468076,-0.014193338,-0.017436381,-0.05088522
-0.0070693702,-0.013972081,-0.017055234,-0.048342895
-0.0062286975,-0.013731487,-0.017125148,-0.044750724
-0.005580384,-0.0138878655,-0.01763156,-0.045866583
-0.0054736417,-0.013786714,-0.017571663,-0.046847105
-0.005746111,-0.013784133,-0.017504541,-0.047846608
-0.006219993,-0.013830045,-0.017439693,-0.048677925
-0.0061154417,-0.013583748,-0.017194297,-0.046442315
-0.006946317,-0.014261322,-0.017794378,-0.05132606
-0.007492437,-0.01403821,-0.017110482,-0.049508072
-0.0074880566,-0.014184229,-0.017259775,-0.048680224
-0.006936842,-0.014106119,-0.017247474,-0.046877574
-0.006225227,-0.014049919,-0.017401822,-0.046032984
-0.0032216378,-0.012468443,-0.01664876,-0.03158444
-0.0028175937,-0.014090508,-0.019209903,-0.047503836
-0.0031574774,-0.0126172,-0.017128859,-0.042939056
-0.0047108713,-0.013452594,-0.01811205,-0.051041264
-0.0063547995,-0.013157239,-0.017161576,-0.05034389
-0.0064373217,-0.012939056,-0.01695869,-0.046137452
-0.006528105,-0.013428757,-0.017626153,-0.048348717
-0.006767398,-0.013481935,-0.017402668,-0.04848432
-0.0073909387,-0.013867477,-0.017510757,-0.050388854
-0.0067331768,-0.013392498,-0.016934892,-0.04516593
-0.0064569456,-0.01395043,-0.017726779,-0.04804689
-0.007075763,-0.014159569,-0.017580967,-0.050499216
-0.006406362,-0.013489468,-0.016878664,-0.04464737
-0.0059069567,-0.01390161,-0.017691059,-0.04675246
-0.0061875503,-0.013985509,-0.017603485,-0.048797335
-0.0065264287,-0.0139018735,-0.017324142,-0.048475806
-0.006306448,-0.0137587,-0.017230568,-0.046600167
-0.006192901,-0.013920633,-0.017521739,-0.04757466
-0.0056837415,-0.0135817295,-0.017252473,-0.0451479
-0.0033685733,-0.012478344,-0.016915364,-0.034742314
-0.0023710686,-0.01315417,-0.018564712,-0.042354666
-0.0026443882,-0.012575496,-0.017805802,-0.043814864
-0.002826121,-0.012128796,-0.017490948,-0.04241176
-0.0035747085,-0.012337805,-0.017904855,-0.046485696
-0.004842368,-0.012386087,-0.01757106,-0.048486423
-0.0049676592,-0.0119720185,-0.01705089,-0.044079408
-0.004071481,-0.011868981,-0.017389245,-0.041037682
-0.0034790263,-0.011981046,-0.017856771,-0.042475745
-0.0039651687,-0.012143114,-0.017941134,-0.046428178
-0.0055297893,-0.012421994,-0.017728439,-0.050386477
-0.0057718917,-0.011921968,-0.016901815,-0.044980884
-0.0054612253,-0.012263171,-0.017547647,-0.045231488
-0.0052934666,-0.012302474,-0.01757698,-0.045564648
-0.004880531,-0.012122206,-0.01742229,-0.04384125
-0.0045126807,-0.012166777,-0.017627532,-0.04404782
-0.0046761776,-0.012270181,-0.017729474,-0.04598468
-0.004906147,-0.012156296,-0.017475309,-0.04563983
-0.0040702373,-0.011676799,-0.017193362,-0.04051905
-0.0030662583,-0.011678183,-0.017771399,-0.04012886
-0.0031913728,-0.01189419,-0.018112123,-0.04475347
-0.0030901805,-0.011264501,-0.017343016,-0.04113879
-0.004659581,-0.012295195,-0.018363725,-0.051189527
-0.006788806,-0.012171291,-0.017261276,-0.051465094
-0.0073857787,-0.012231734,-0.016971765,-0.047896307
-0.0063413605,-0.012223582,-0.017123017,-0.04345775
-0.0060568308,-0.012897057,-0.017913608,-0.0475108
-0.006354004,-0.0129182255,-0.01749397,-0.04810558
-0.006874861,-0.0131989615,-0.017471073,-0.049170014
-0.0070167114,-0.013236855,-0.017271014,-0.04800518
-0.0067598037,-0.013333806,-0.017344974,-0.047081243
-0.007002192,-0.013750424,-0.01761395,-0.049402066
-0.008594366,-0.014513649,-0.017699918,-0.05420003
-0.009100965,-0.014348003,-0.016867694,-0.05051443
-0.00858807,-0.014625312,-0.017173972,-0.048782878
-0.0071274475,-0.014349908,-0.017131979,-0.04497978
-0.00691272,-0.014983888,-0.017886138,-0.049751937
-0.007327757,-0.014839445,-0.01735397,-0.050200343
-0.007979179,-0.015097195,-0.017360512,-0.051347528
-0.007362827,-0.014635396,-0.016904138,-0.046715796
-0.0074017076,-0.01529884,-0.017704997,-0.050457522
-0.007541234,-0.01507685,-0.017223068,-0.04963965
-0.0074350904,-0.015091246,-0.017256245,-0.048995677
-0.006740683,-0.014841402,-0.01716961,-0.04660212
-0.006334566,-0.014956469,-0.017526083,-0.047730796
-0.0062733055,-0.014860644,-0.017419687,-0.048159614
-0.0069865515,-0.015164367,-0.01756527,-0.051108226
-0.006923071,-0.0146599915,-0.01697632,-0.04763263
-0.006899734,-0.01493888,-0.017481634,-0.049025666
-0.007155785,-0.0149727035,-0.01738774,-0.04978168
-0.0073987227,-0.014989951,-0.017290866,-0.049742457
-0.00672948,-0.01459364,-0.017050857,-0.046177767
-0.006433955,-0.014879526,-0.01760947,-0.04823878
-0.006394231,-0.014668913,-0.017365241,-0.048098706
-0.0065083634,-0.0146679515,-0.017401371,-0.04859683
-0.0065240143,-0.014566837,-0.017309943,-0.048112888
-0.006637565,-0.01461138,-0.017411364,-0.048720486
-0.006912611,-0.014642482,-0.017388672,-0.049343992
-0.0068043536,-0.014431843,-0.017211726,-0.047812194
-0.007942495,-0.015257379,-0.017790591,-0.053392738
-0.009041643,-0.015236707,-0.017105062,-0.052705307
-0.008416485,-0.014953653,-0.016826106,-0.04780813
-0.007984564,-0.015464376,-0.017550077,-0.049775653
-0.0074673234,-0.0151914805,-0.017218182,-0.04822996
-0.0069752615,-0.01516133,-0.017362133,-0.047989745
-0.0068133054,-0.015161541,-0.017438618,-0.04874674
-0.006546664,-0.014891742,-0.017264234,-0.047612663
-0.006569132,-0.014987052,-0.017474094,-0.048833348
-0.0068861614,-0.014983152,-0.017388951,-0.049632426
-0.005910862,-0.014235689,-0.01689846,-0.04380153
-0.0057708537,-0.014806242,-0.017891083,-0.048497
-0.0060972,-0.014472393,-0.01735614,-0.048483364
-0.006930912,-0.014750959,-0.01750524,-0.05088391
-0.0067833452,-0.014266807,-0.016962836,-0.046988327
-0.0065617524,-0.014513102,-0.017490964,-0.047988053
-0.0067388974,-0.014575848,-0.017470675,-0.049145363
-0.006606827,-0.014337762,-0.017214019,-0.04750162
-0.0067716558,-0.014599031,-0.017522365,-0.04923946
-0.006883137,-0.01447379,-0.017283132,-0.04861663
-0.007787991,-0.015030514,-0.017611155,-0.052242514
-0.007472171,-0.014441525,-0.016837822,-0.047237054
-0.007800222,-0.01522335,-0.017709354,-0.051373634
-0.008374942,-0.01523455,-0.017257335,-0.05148269
-0.0022704194,-0.011536688,-0.0150299305,-0.012421083
0.0002927505,-0.014767601,-0.020610888,-0.040490564
0.0006881942,-0.012076457,-0.017471677,-0.032719236
0.00082106574,-0.012056497,-0.01844009,-0.036282822
0.00037220013,-0.011584083,-0.01819669,-0.03868569
0.00041756834,-0.010705603,-0.017636517,-0.033989593
-0.00036197508,-0.011217,-0.018664835,-0.0430868
-0.0011590532,-0.010397261,-0.017460734,-0.040061604
-0.0010487898,-0.01009463,-0.017615441,-0.03712369
-0.00087136595,-0.010050356,-0.018045379,-0.038138893
0.0006243185,-0.008924614,-0.017296718,-0.025160713
0.0018953106,-0.009240755,-0.018923186,-0.028420448
0.0006785204,-0.010017672,-0.01952639,-0.045323554
0.0007215485,-0.008079606,-0.016545577,-0.027227642
0.0001395954,-0.009538168,-0.019304302,-0.043292373
