-0.10151999,0.03704657,0.059975654,0.01989437
-0.10285045,0.03658104,0.060688406,0.024439624
-0.10392963,0.036772624,0.06608731,0.025051031
-0.10375214,0.03750372,0.071823046,0.020562397
-0.10358373,0.036206402,0.065855436,0.017701091
-0.10252843,0.03758847,0.06606192,0.017878482
-0.102177024,0.03792824,0.06582067,0.017545432
-0.10271307,0.03647095,0.059937015,0.02029244
-0.10238591,0.038225625,0.06706556,0.02145041
-0.10348322,0.036331322,0.06338414,0.021190763
-0.10420744,0.035593063,0.06059974,0.024256356
-0.10366826,0.038193233,0.07155938,0.02227265
-0.104942575,0.034742847,0.060863916,0.021364907
-0.104276724,0.036634393,0.0643689,0.02366593
-0.10510997,0.036030293,0.063773274,0.023907019
-0.10460822,0.03694978,0.06748983,0.022464601
-0.10425833,0.036781225,0.06679002,0.020136982
-0.10267059,0.038470343,0.07060342,0.016651656
-0.10274904,0.036374047,0.060740057,0.017106742
-0.102074236,0.03793824,0.06358155,0.020370532
-0.10230274,0.03816301,0.06710964,0.019693704
-0.10317412,0.036038097,0.060992144,0.020995418
-0.10325569,0.03707647,0.064811066,0.022980541
-0.103827216,0.03686359,0.06654295,0.021940984
-0.10284553,0.038163595,0.07136691,0.017994886
-0.101903796,0.037950583,0.06856868,0.014081539
-0.101032175,0.03787437,0.063691534,0.014644675
-0.102170594,0.036081422,0.05513705,0.021434544
-0.103393614,0.036853734,0.061044484,0.02722533
-0.10494824,0.036341164,0.06645593,0.02666799
-0.10405686,0.03788004,0.07498004,0.020089155
-0.104345635,0.03488752,0.062194094,0.017872736
-0.102927454,0.03766744,0.06567312,0.019885773
-0.10295214,0.037751462,0.06629934,0.018905237
-0.10292973,0.036851328,0.062696695,0.019690547
-0.103298694,0.036661543,0.06188627,0.022436047
-0.10405404,0.03650771,0.063447565,0.024135865
-0.10619545,0.033870317,0.05638739,0.028382689
-0.10625278,0.03643998,0.067961864,0.028847994
-0.10678286,0.035484526,0.06821133,0.02432399
-0.10551988,0.036248397,0.06824086,0.020863028
-0.103763126,0.037916943,0.070184626,0.016913552
-0.10293064,0.037048835,0.06311703,0.016147023
-0.101805076,0.03835241,0.06433149,0.017930103
-0.10186594,0.03804437,0.064323165,0.018651832
-0.10130828,0.03872075,0.068094045,0.01751737
-0.100967064,0.038421527,0.067753814,0.015333029
-0.10116167,0.037214756,0.06200599,0.016927322
-0.10107207,0.038300395,0.06538987,0.01900565
-0.101607844,0.037883766,0.066293284,0.018584982
-0.10117809,0.038450725,0.06896799,0.016637895
-0.10180131,0.03665345,0.0618957,0.017633732
-0.10124992,0.038529146,0.067328945,0.01876234
-0.10216522,0.03703908,0.063821204,0.018849306
-0.1020184,0.037628174,0.06568803,0.019658169
-0.10286484,0.03660568,0.06306886,0.020794868
-0.10372769,0.036033943,0.061504357,0.023633929
-0.103532284,0.037835374,0.06990965,0.022230392
-0.10440809,0.035520084,0.063145675,0.020941194
-0.10394979,0.036633108,0.0645786,0.022274543
-0.1037486,0.037468098,0.068013534,0.020673439
-0.10282999,0.03795408,0.06932616,0.017136889
-0.10276957,0.036437478,0.061396673,0.01787218
-0.10339116,0.036077015,0.05789941,0.02364038
-0.10307523,0.0387496,0.07089549,0.022867223
-0.104619645,0.035015047,0.06138187,0.021670409
-0.104834594,0.035428174,0.06052864,0.02563482
-0.10640942,0.034932252,0.060785204,0.028603666
-0.106493786,0.03620428,0.06818521,0.026990158
-0.10614093,0.036025923,0.06882299,0.022454105
-0.10239419,0.04062505,0.0814437,0.012145929
-0.100683145,0.03788128,0.06575955,0.0054986537
-0.09916737,0.038036697,0.054868616,0.013276624
-0.100967824,0.037282076,0.053094953,0.0245339
-0.100959,0.040684294,0.07547576,0.02285234
-0.102019005,0.03714235,0.07032051,0.015150089
-0.101345636,0.03664215,0.06338789,0.015791632
-0.10225281,0.0364166,0.059223264,0.021120235
-0.10292572,0.037492603,0.06511576,0.023545694
-0.10286774,0.038174383,0.07147448,0.019659543
-0.10263996,0.03688778,0.066645086,0.016507516
-0.10225901,0.03694206,0.062761955,0.018255137
-0.10186018,0.038380604,0.06695686,0.018824156
-0.102202594,0.037397195,0.06468085,0.018414596
-0.10206446,0.037531666,0.06481556,0.01922278
-0.1033677,0.035766058,0.05916547,0.022718119
-0.10404903,0.036564816,0.063668795,0.025575014
-0.10407165,0.037630886,0.07126983,0.022067862
-0.104017556,0.036171854,0.06629068,0.018709844
-0.104356766,0.035098996,0.05824346,0.022438154
-0.1035034,0.03845195,0.069823205,0.022561625
-0.10414479,0.03635287,0.06507764,0.019837651
-0.102036595,0.039088912,0.07231142,0.016372435
-0.101985216,0.037099868,0.063599534,0.014659343
-0.10114143,0.038043294,0.062884845,0.017638229
-0.10194214,0.03743434,0.06196316,0.020539565
-0.10270734,0.037084978,0.063505545,0.022553448
-0.10231463,0.03859263,0.071905136,0.01943851
-0.102454826,0.036858816,0.066267915,0.016311567
-0.1021323,0.036888093,0.06235295,0.018512217
-0.1030604,0.03645944,0.060236145,0.02268352
-0.10491381,0.035146922,0.058133256,0.02766016
-0.108372375,0.03224325,0.05170363,0.035294093
-0.11138353,0.032007497,0.056124322,0.040848564
-0.11155543,0.03476026,0.072735295,0.03548583
-0.109054774,0.036358427,0.07977029,0.021767857
-0.11094332,0.027918234,0.04177816,0.02716065
-0.109504454,0.03552044,0.059605088,0.03695022
-0.112745866,0.03244138,0.05727983,0.03754954
-0.1098111,0.037101712,0.07715456,0.029722834
-0.10709839,0.03709629,0.077043325,0.016106136
-0.103973486,0.036558654,0.06455781,0.011857158
-0.10307559,0.036378488,0.053802654,0.019155642
-0.102187246,0.03957954,0.06642573,0.022470953
-0.10277631,0.03790861,0.06704318,0.019515116
-0.10252727,0.036981452,0.064400434,0.01910616
-0.10351677,0.03571143,0.059236296,0.022890588
-0.10349946,0.03768846,0.06788032,0.02357405
-0.10289969,0.038470536,0.073558874,0.017422648
-0.10198346,0.037305046,0.06686942,0.013579303
-0.10153895,0.03703681,0.06012067,0.017030148
-0.10181284,0.03787312,0.06253484,0.021060133
-0.10365454,0.035862926,0.05919483,0.024758944
-0.104542255,0.036305886,0.0644135,0.026687073
-0.10493867,0.03667268,0.06959004,0.023608306
-0.10266703,0.03941145,0.078789145,0.014338799
-0.10258561,0.035280224,0.059128758,0.012765421
-0.10192247,0.037016507,0.056815326,0.02146188
-0.10257161,0.03861455,0.066898935,0.023352657
-0.10315559,0.0372843,0.067655176,0.020320214
-0.10279842,0.037020933,0.066508576,0.018796053
-0.102431364,0.037483986,0.06641411,0.018196138
-0.10482374,0.033442583,0.050667144,0.02556029
-0.11317309,0.025423674,0.02015817,0.050439935
-0.1143275,0.035120744,0.0708387,0.053131107
-0.11949153,0.027008548,0.058194015,0.04541734
-0.11832005,0.029433053,0.062184248,0.04230011
-0.11980403,0.027726052,0.05129449,0.043262888
-0.11930446,0.030289927,0.055417143,0.044706803
-0.1183028,0.031822335,0.061262444,0.041448426
-0.114269525,0.035603993,0.0743477,0.031381987
-0.11245935,0.032529503,0.059959263,0.026025409
-0.10949806,0.035500262,0.061662327,0.027313722
-0.108238444,0.036456022,0.06447862,0.025907863
-0.10592139,0.037959166,0.07003955,0.021102801
-0.10427062,0.037375513,0.06648607,0.017155256
-0.10321177,0.03702631,0.06133212,0.018566571
-0.10438542,0.03528437,0.054147445,0.025523474
-0.105440035,0.03626155,0.061810385,0.029990587
-0.10637627,0.036115594,0.068253316,0.027383888
-0.10717554,0.034032423,0.062661804,0.025941458
-0.11023055,0.030152887,0.045825984,0.03526542
-0.111979485,0.032985188,0.05768933,0.041848373
-0.11236396,0.034600995,0.07164831,0.035638914
-0.11078186,0.034169715,0.071393244,0.026082113
-0.10844367,0.03478838,0.06609681,0.02176638
-0.10716041,0.03527653,0.060251977,0.023086544
-0.10533802,0.03801045,0.06744205,0.022448476
-0.10493248,0.036698688,0.063772984,0.02064451
-0.10317135,0.038388386,0.06840992,0.01888768
-0.10282023,0.037388436,0.06464419,0.017511586
-0.10211322,0.03779203,0.06431548,0.018470464
-0.10216389,0.037710816,0.06449063,0.019301208
-0.102065824,0.037899118,0.06626055,0.019082364
-0.10258645,0.036801767,0.063142136,0.019898973
-0.10482097,0.03393984,0.0529387,0.02713663
-0.1065768,0.03503648,0.060149137,0.03300539
-0.109179884,0.033421542,0.061501548,0.03377045
-0.10824313,0.036100436,0.07390534,0.028021904
-0.10599482,0.037346892,0.077132806,0.016825806
-0.104672395,0.03491054,0.060016356,0.015102333
-0.103226736,0.037389003,0.05990423,0.020947536
-0.10363064,0.037709665,0.06340191,0.023010548
-0.10378959,0.03717674,0.065313935,0.022408739
-0.10316862,0.037803184,0.06921625,0.019669684
-0.103353724,0.036296334,0.06331482,0.019052535
-0.10312117,0.036949392,0.0633939,0.021159949
-0.10275616,0.03821967,0.0689251,0.019733872
-0.10346028,0.03596402,0.06152786,0.019990152
-0.10349809,0.036638197,0.062498875,0.023085048
-0.103748575,0.03739834,0.067509614,0.022392152
-0.10323453,0.03765769,0.06975498,0.018590413
-0.10230408,0.037678085,0.067715555,0.015746955
-0.10169319,0.037611056,0.06392812,0.016248025
-0.10141405,0.038091358,0.06406254,0.01803598
-0.10118779,0.038664322,0.06731047,0.017620472
-0.10149976,0.037527706,0.064362384,0.017531063
-0.10136478,0.037946437,0.06555697,0.01838432
-0.10220936,0.036869396,0.062646694,0.020022376
-0.102560826,0.037261173,0.064930335,0.021471726
-0.10210096,0.038630586,0.07169702,0.018139107
-0.101158634,0.038555283,0.07082858,0.01287363
-0.09867851,0.040704347,0.07347201,0.0074787214
-0.09678064,0.040987704,0.06908735,0.0034674157
-0.09611063,0.039718296,0.058875497,0.0075375754
-0.0971883,0.03892922,0.055899203,0.017216617
-0.09939858,0.03854849,0.06259402,0.022968201
-0.10141109,0.037593655,0.06826066,0.022306988
-0.102434844,0.036601666,0.06830443,0.019895101
-0.10264605,0.036632307,0.06692234,0.01879386
-0.10529905,0.03281667,0.050766166,0.026338119
-0.10596537,0.03620793,0.06382315,0.031680513
-0.10738394,0.035531472,0.06865169,0.02785454
-0.10573624,0.03695279,0.0739182,0.020558277
-0.105105124,0.035229985,0.06325467,0.017986849
-0.103218935,0.038001485,0.06638068,0.018756224
-0.103182495,0.037314508,0.06330547,0.01892093
-0.103557974,0.03624306,0.05899459,0.022655314
-0.10315106,0.038314577,0.06874298,0.022647113
-0.10411546,0.035997536,0.063796535,0.021134088
-0.10407905,0.036141496,0.062913656,0.022894325
-0.11390623,0.022700757,0.012745991,0.04796747
-0.116723396,0.03176227,0.053938672,0.059771035
-0.12191776,0.028190026,0.059545785,0.054001637
-0.121239826,0.028605353,0.064457655,0.045738664
-0.11481029,0.036817767,0.0881379,0.02841102
-0.11275867,0.03057436,0.058569163,0.019390818
-0.10859737,0.03566841,0.057511326,0.025483325
-0.10696309,0.03847359,0.06731663,0.024417052
-0.10586815,0.036814507,0.063835874,0.021330789
-0.103719525,0.03831621,0.067945816,0.019233538
-0.10267004,0.038168497,0.06708576,0.01650462
-0.10230392,0.03707674,0.061215293,0.01800792
-0.10218368,0.03776208,0.06326181,0.020860085
-0.10236493,0.038058046,0.067312755,0.02018078
-0.10290887,0.036601063,0.063757785,0.019978236
-0.102359645,0.037931863,0.067985885,0.019449757
-0.10302126,0.036464848,0.063148916,0.01955103
-0.102674544,0.03748957,0.06569406,0.020479098
-0.10343379,0.036465276,0.06303934,0.021321071
-0.10843296,0.02940814,0.03729979,0.03569216
-0.10987761,0.03489538,0.06275451,0.042975243
-0.11194956,0.033841,0.071570046,0.035121586
-0.11004591,0.034313682,0.07336207,0.025332263
-0.112464614,0.027839435,0.042391222,0.032304656
-0.11275599,0.033016253,0.054434028,0.042166244
-0.11911608,0.026617825,0.038409267,0.05068197
-0.11952465,0.030894147,0.058840726,0.051627748
-0.117532894,0.033690054,0.0759056,0.03927988
-0.11750137,0.027913492,0.05372946,0.03471165
-0.11090802,0.0388055,0.081732005,0.027146066
-0.1080337,0.03677158,0.072285555,0.013306435
-0.10441737,0.036256276,0.057029948,0.014645073
-0.10536775,0.034615234,0.044724718,0.028097736
-0.10748927,0.035364665,0.054751836,0.037668075
-0.10963774,0.03474258,0.06560039,0.03631165
-0.10842651,0.036268342,0.07712808,0.026449531
-0.10760948,0.033878844,0.06590557,0.020118572
-0.10537888,0.036488015,0.065289,0.020231267
-0.1045342,0.037262596,0.06467248,0.019936033
-0.10376391,0.0373377,0.06373905,0.020172276
-0.10307978,0.037850983,0.065721504,0.019911202
-0.10302524,0.037207957,0.06421748,0.019816848
-0.103037246,0.037039477,0.06373879,0.020884957
-0.103236385,0.03710234,0.064917445,0.02142948
-0.1021071,0.03907455,0.072957896,0.017286634
-0.10014771,0.040079836,0.07525634,0.008998078
-0.0991789,0.037916295,0.061323322,0.00848135
-0.09821297,0.03957899,0.06152233,0.014312607
-0.102048665,0.034637105,0.047030628,0.025942478
-0.104234904,0.036324013,0.060969632,0.03392818
-0.11228035,0.027490314,0.040416263,0.044221237
-0.120173395,0.024138682,0.030926542,0.060004268
-0.13982822,0.010087083,-0.025065191,0.08545459
-0.14689517,0.017462663,-0.0025271378,0.08748017
-0.14681645,0.019871188,0.0059093838,0.08525404
-0.14563802,0.021710819,0.016129069,0.08056869
-0.13897942,0.027587589,0.043422032,0.07051939
-0.12974814,0.033352576,0.07100085,0.052705806
-0.12507552,0.028924694,0.056557413,0.04055566
-0.120654404,0.030819755,0.05222056,0.040290833
-0.11711967,0.034452073,0.06218051,0.03772767
-0.114706255,0.033984497,0.061663654,0.033008277
-0.11293447,0.033343773,0.0576024,0.032499846
-0.11168228,0.034340043,0.060328286,0.03296498
-0.11163162,0.03351106,0.05892248,0.03322394
-0.10980763,0.036019266,0.06895163,0.029605953
-0.10787387,0.03648943,0.07103633,0.022126416
-0.10443982,0.03845711,0.072999105,0.01460904
-0.102088235,0.038285,0.06566673,0.011263792
-0.10276257,0.035085805,0.04793518,0.020945976
-0.10318896,0.037966087,0.06114413,0.029116603
-0.1049118,0.03707313,0.06887422,0.02638586
-0.10498681,0.035894655,0.06834327,0.022067493
-0.10442263,0.036179148,0.06664239,0.020208802
-0.10388785,0.036801293,0.06555448,0.019700935
-0.10466257,0.035243917,0.05801854,0.023201644
-0.107366756,0.032767516,0.049074147,0.03311249
-0.12280609,0.016519686,-0.011758446,0.06745258
-0.12696034,0.027698567,0.04382174,0.07456165
-0.13293,0.022402164,0.040891264,0.07024421
-0.13021769,0.027306698,0.062484663,0.058828164
-0.12193241,0.03486629,0.08690322,0.037232984
-0.11426973,0.035194855,0.07922652,0.01558423
-0.108288154,0.035216052,0.05813462,0.01250335
-0.10397478,0.039638214,0.060252383,0.017387154
-0.10256861,0.03978649,0.06276446,0.018366326
-0.101675436,0.03891228,0.06369258,0.018514026
-0.10133878,0.03848317,0.065384775,0.018486409
-0.10257329,0.0361256,0.059147038,0.0216158
-0.10260964,0.037883215,0.06743704,0.022889307
-0.103066385,0.03739046,0.06923346,0.019445073
-0.10215353,0.03780637,0.069330506,0.016062962
-0.10241064,0.03627293,0.06056772,0.017767368
-0.101374954,0.039059803,0.06856139,0.018635208
-0.10275082,0.036226988,0.0605762,0.01963353
-0.10277285,0.037101798,0.06333214,0.022760678
-0.10276816,0.038285416,0.07068651,0.020250106
-0.10196575,0.038236048,0.07114729,0.014842701
-0.10044089,0.038760845,0.06884,0.011553502
-0.09914737,0.039458163,0.06665239,0.010762981
-0.09739514,0.041428402,0.07107822,0.00835424
-0.09663739,0.0405347,0.06653288,0.006468764
-0.09535635,0.04150029,0.067384325,0.006814931
-0.09586537,0.040006857,0.062246174,0.009468126
-0.097036876,0.03894971,0.059987064,0.015606949
-0.09955758,0.03740572,0.05979497,0.021917999
-0.10092411,0.038322385,0.06993055,0.022077633
-0.10202499,0.03706522,0.069803104,0.018107438
-0.10190345,0.03689377,0.066723466,0.016768213
-0.102318086,0.03655703,0.062208567,0.019031534
-0.10251514,0.03746579,0.0647339,0.021020435
-0.104159474,0.035361066,0.05910016,0.0241268
-0.10470413,0.036330603,0.0642626,0.026382564
-0.103737205,0.03879723,0.076409705,0.019854324
-0.10376326,0.03551461,0.063785404,0.015886234
-0.10360382,0.035498235,0.056427386,0.022270111
-0.103910595,0.037640322,0.06532214,0.025218502
-0.106253415,0.03412784,0.057651028,0.027465606
-0.10501671,0.037887443,0.07274781,0.025253952
-0.10327263,0.039200936,0.07929417,0.013664297
-0.10606255,0.029586613,0.03890832,0.022535924
-0.11278472,0.026679533,0.018256964,0.052950684
-0.11756048,0.03206115,0.057172395,0.0599482
-0.12104655,0.02878185,0.06380273,0.051083688
-0.11915349,0.030100392,0.069946915,0.04052669
-0.11450261,0.034502685,0.07812818,0.027428675
-0.11173998,0.032743223,0.061394196,0.021605458
-0.11020039,0.033292927,0.05014227,0.029021105
-0.110249996,0.035069704,0.056378614,0.035068624
-0.10936995,0.03680315,0.06986804,0.030926267
-0.10788149,0.036039516,0.07049891,0.022902189
-0.105128706,0.037296083,0.07026989,0.017159445
-0.1031123,0.03786028,0.066243246,0.014583009
-0.10354236,0.035383202,0.052655544,0.021024877
-0.10313127,0.03838675,0.064713515,0.025645591
-0.10410257,0.0372835,0.06809765,0.022605777
-0.10228502,0.038995005,0.075163305,0.015738433
-0.101407416,0.037498992,0.06654219,0.01163509
-0.10033925,0.03810027,0.061874107,0.014636098
-0.10080016,0.038084663,0.06119238,0.018972324
-0.10316071,0.035416957,0.055050362,0.025772732
-0.10447902,0.036515832,0.0645341,0.029058872
-0.10551392,0.03626388,0.07015549,0.025156671
-0.10348846,0.038571052,0.07813035,0.01591592
-0.10382465,0.03421987,0.057346523,0.015575768
-0.10308649,0.03685373,0.058612905,0.023569671
-0.10257042,0.039930917,0.07412392,0.02057196
-0.101232305,0.039328195,0.074690774,0.01105574
-0.10039857,0.036877427,0.0599434,0.011398342
-0.10063813,0.037337672,0.05616946,0.020232085
-0.103205904,0.0361488,0.056795787,0.02788886
-0.10503104,0.036191754,0.06518083,0.029500986
-0.10606599,0.035564184,0.06883535,0.025980946
-0.104891576,0.036986504,0.07333402,0.01973868
-0.10443942,0.035551548,0.06375742,0.01751471
-0.10248495,0.038550347,0.06819906,0.017330183
-0.10293993,0.03666804,0.060543887,0.018512405
-0.10309575,0.03676106,0.059910372,0.02317684
-0.10310925,0.038276907,0.06911109,0.022482056
-0.103196286,0.037212357,0.06833451,0.018589737
-0.10348028,0.03562166,0.060383156,0.020304542
-0.1036879,0.03673283,0.06284619,0.023708401
-0.103904575,0.03745052,0.06818764,0.022326635
-0.10311555,0.037863303,0.070680104,0.017756676
-0.10316429,0.03594845,0.06123692,0.018036475
-0.10218763,0.038270596,0.06642596,0.019676037
-0.10241274,0.037777245,0.06631076,0.018392548
-0.10150753,0.038497344,0.068479285,0.016463106
-0.10234005,0.036123738,0.059107523,0.018907668
-0.102330476,0.037648488,0.064019926,0.02246452
-0.101900175,0.03933371,0.07389128,0.017941732
-0.10032794,0.039511766,0.074376255,0.009668536
-0.09908478,0.038295764,0.06356651,0.008508592
-0.10006664,0.036465693,0.05119689,0.018835515
-0.10081143,0.03912641,0.065262824,0.02473353
-0.10293978,0.037006978,0.067213304,0.022586225
-0.10637698,0.031501967,0.049425613,0.029679885
-0.10830224,0.03390764,0.059162825,0.03706529
-0.11058993,0.033617802,0.06595261,0.03510367
-0.11041732,0.03370774,0.068340495,0.029903281
-0.11423736,0.026910003,0.040177196,0.038332757
-0.11527172,0.031722344,0.05422576,0.046663385
-0.115988106,0.03313973,0.06779083,0.041282155
-0.11457177,0.03240292,0.06739625,0.032936025
-0.10940978,0.03782338,0.0803831,0.02115648
-0.106454976,0.03605296,0.06664163,0.012674102
-0.10517185,0.034593213,0.04858044,0.02119225
-0.105880044,0.036206786,0.053803902,0.031921994
-0.10767497,0.035873204,0.06318813,0.033338252
-0.10722619,0.03655775,0.073090605,0.026709989
-0.105706625,0.036450624,0.07250335,0.018425602
-0.103570804,0.03716526,0.06782715,0.014565175
-0.101597145,0.03876309,0.06662195,0.013598591
-0.10129905,0.0377546,0.060040165,0.016253958
-0.10079647,0.038961165,0.06464853,0.01895649
-0.10126857,0.038327478,0.06633008,0.018400677
-0.1010256,0.038338874,0.06795074,0.016834913
-0.10201849,0.036226086,0.06020871,0.019135077
-0.10234435,0.037351206,0.064018555,0.022407982
-0.104502946,0.03509934,0.059339143,0.02551468
-0.10501589,0.036279354,0.06583391,0.02669942
-0.10505482,0.0368468,0.07080906,0.022427613
-0.10401894,0.03696027,0.06965388,0.01755293
-0.102660194,0.037541766,0.06668738,0.015583041
-0.10254136,0.036757726,0.059865344,0.018460767
-0.10468388,0.034330603,0.050496344,0.028098049
-0.10587102,0.03649638,0.06423646,0.032277964
-0.10827512,0.03387806,0.06331805,0.030678796
-0.10811035,0.034678254,0.06715621,0.028385699
-0.10772269,0.035091754,0.067523405,0.024888076
-0.10915389,0.031840116,0.052279506,0.029242601
-0.10956185,0.034214977,0.058720198,0.034895416
-0.10903278,0.036625315,0.07275552,0.029613405
-0.11421082,0.02569211,0.034920067,0.03834657
-0.115461506,0.031186968,0.050704885,0.049678933
-0.11645151,0.03355122,0.070446946,0.043424852
-0.11529419,0.031728193,0.067988664,0.033287138
-0.113068774,0.03241957,0.06293131,0.02975391
-0.11036253,0.03566027,0.06752027,0.026563022
-0.10928355,0.034592133,0.06033959,0.025246479
-0.10537467,0.03963323,0.07497525,0.020063058
-0.10462009,0.036344863,0.06264118,0.015810609
-0.102883905,0.03741507,0.06031528,0.019644167
-0.10179896,0.039791696,0.0702457,0.01844555
-0.10355268,0.034911886,0.055378336,0.020987155
-0.10383266,0.03646559,0.0605001,0.027247334
-0.10551119,0.03608782,0.065430745,0.02741796
-0.10676875,0.034317277,0.062361997,0.027254151
-0.10651884,0.03577411,0.06733398,0.026134837
-0.108333044,0.032662474,0.056076664,0.028547266
-0.108796515,0.034173153,0.059893757,0.032725614
-0.10957458,0.034564152,0.06483645,0.03165585
-0.10793614,0.036570974,0.07331428,0.024837108
-0.10824617,0.032911956,0.057727862,0.02393125
-0.108299464,0.03384321,0.054793235,0.030978922
-0.1094714,0.034600522,0.06057986,0.033965487
-0.10822255,0.037034158,0.074174576,0.027468044
-0.10797276,0.033964388,0.06361679,0.022538148
-0.10922124,0.03136294,0.04707184,0.031479154
-0.11069007,0.0337164,0.056106444,0.039257016
-0.12406434,0.017740205,0.0018571673,0.06326985
-0.13106474,0.022895724,0.02229646,0.07634012
-0.13723958,0.021223564,0.02665413,0.07716582
-0.13575372,0.025135927,0.04711466,0.068877436
-0.12520881,0.03625291,0.09020233,0.045630675
-0.117832415,0.03331062,0.07822709,0.020460209
-0.1114285,0.033340402,0.056369796,0.017731454
-0.10824348,0.036683835,0.05402252,0.025174167
-0.10784252,0.036723256,0.056783848,0.029673351
-0.10872638,0.03470515,0.056376707,0.032867678
-0.10833707,0.03606981,0.06742544,0.03114724
-0.10725289,0.036545333,0.072879076,0.023476573
-0.10521778,0.0366666,0.06994781,0.017020356
-0.10358377,0.03690117,0.06363498,0.016337845
-0.10209175,0.038671453,0.06563292,0.017089603
-0.100800924,0.039786566,0.06971086,0.014366346
-0.10082047,0.0375174,0.061140105,0.0150318295
-0.100742385,0.03804276,0.061816435,0.01943832
-0.10039692,0.03995624,0.07235273,0.017178893
-0.10091694,0.03742869,0.065478615,0.01443069
-0.10048291,0.03786249,0.06374733,0.016666042
-0.10154074,0.037153095,0.06152424,0.020093545
-0.09975182,0.04148338,0.07917432,0.014544336
-0.100348204,0.03700219,0.064070605,0.009814121
-0.10657453,0.026883662,0.018373413,0.036436547
-0.110387005,0.033821594,0.05306889,0.053339764
-0.11492205,0.03283915,0.071846254,0.04575685
-0.115358226,0.029888676,0.06804282,0.035672918
-0.110072486,0.037238512,0.08525625,0.022137381
-0.10768582,0.034355093,0.065926366,0.01256927
-0.1065871,0.03320993,0.04472324,0.023838168
-0.10653969,0.03722208,0.058956016,0.0328014
-0.10780315,0.036269646,0.06642988,0.030289238
-0.10775976,0.034752544,0.06537348,0.026804186
-0.106722094,0.035859827,0.067763306,0.024057673
-0.10673619,0.03482001,0.061768286,0.023783194
-0.107870445,0.033330876,0.05356458,0.029843982
-0.10834308,0.03537474,0.06293615,0.032758277
-0.10952396,0.034019843,0.06332427,0.031071508
-0.10813226,0.03594932,0.07064095,0.026432008
-0.11151652,0.028751267,0.04311809,0.03334314
-0.12114187,0.02109289,0.0066116247,0.06160068
-0.12153091,0.033059347,0.066144705,0.062403776
-0.12263047,0.02927231,0.06845915,0.04762402
-0.11928144,0.029935244,0.0676394,0.036999024
-0.11274121,0.037177976,0.08231335,0.023266625
-0.11039683,0.03276553,0.057246458,0.017870622
-0.11414628,0.025961088,0.0158981,0.043216377
-0.11599301,0.03346689,0.05171254,0.055960655
-0.11998756,0.030102959,0.058871947,0.051402517
-0.116035424,0.034627344,0.081289135,0.03666711
-0.11079036,0.036347046,0.08352909,0.016903415
-0.10734966,0.033585075,0.058288004,0.012892799
-0.10409022,0.038067903,0.058781203,0.019935844
-0.103819415,0.038522918,0.062449038,0.02213851
-0.10453736,0.03612717,0.058355834,0.024828685
-0.10449629,0.037119232,0.06567247,0.025828382
-0.10579812,0.03512777,0.06270522,0.025478495
-0.10632741,0.03490969,0.06213005,0.027023222
-0.107588075,0.034139264,0.060206056,0.02928115
-0.10802525,0.034889396,0.06413137,0.029663518
-0.10789845,0.03531987,0.06708933,0.026863966
-0.106097184,0.037123732,0.07220989,0.020970277
-0.10493546,0.036175266,0.065034375,0.017650487
-0.10350494,0.03728448,0.06321808,0.018989442
-0.103764646,0.03666636,0.060124546,0.02204148
-0.10266068,0.03909499,0.07073914,0.020426618
-0.103158444,0.036563445,0.064063095,0.01817051
-0.10228177,0.037630614,0.065288745,0.019142192
-0.10286341,0.036902905,0.06305251,0.020365663
-0.10404677,0.03551635,0.058637857,0.02452148
-0.105436414,0.035416443,0.060745176,0.028500626
-0.107656404,0.033789393,0.059214458,0.031359166
-0.10987022,0.032433517,0.05713729,0.035022665
-0.11006422,0.03467677,0.06801142,0.033244997
-0.1099424,0.034076374,0.067617334,0.027801882
-0.10786784,0.035775084,0.069349654,0.023017544
-0.106848754,0.035286143,0.06267735,0.02159535
-0.10822552,0.032526143,0.04805992,0.030146481
-0.11087787,0.032339033,0.048934944,0.040968813
-0.114309534,0.031357903,0.054673795,0.04522392
-0.11709525,0.029466508,0.05516023,0.0459183
-0.11791085,0.030069884,0.059650224,0.044257574
-0.11830857,0.029762845,0.05829026,0.0420668
-0.11937011,0.028311297,0.04980802,0.04431205
-0.12038527,0.028885853,0.049254008,0.048153747
-0.120599404,0.030155266,0.055562455,0.047787603
-0.11928151,0.03138874,0.06214879,0.042832136
-0.116058536,0.03364966,0.06937159,0.0343629
-0.11373961,0.032807548,0.06208368,0.02921787
-0.11105642,0.034786772,0.062143188,0.028384686
-0.109436795,0.035676196,0.06313001,0.027109807
-0.10781184,0.036306184,0.064764835,0.025106955
-0.10554724,0.038011637,0.07028497,0.02050864
-0.10515729,0.03555578,0.059887134,0.020079685
-0.106050804,0.034195233,0.05172317,0.028473264
-0.107127234,0.035846982,0.062023316,0.032826874
-0.106310785,0.038088832,0.07741215,0.02473037
-0.10351709,0.038672626,0.0791642,0.011199339
-0.10242892,0.035086237,0.056408085,0.011539502
-0.10006186,0.04012474,0.065434985,0.01702119
-0.100338705,0.039704286,0.06797175,0.015057138
-0.09918717,0.039757572,0.06911789,0.012182653
-0.0988792,0.038847428,0.06471417,0.012088949
-0.098736696,0.03907145,0.064229526,0.014427765
-0.09977682,0.038026847,0.062109295,0.017619371
-0.10029172,0.038566533,0.06682571,0.01883705
-0.10024133,0.039150663,0.07182003,0.015246138
-0.10051232,0.037351735,0.064616464,0.014011192
-0.101013176,0.03688082,0.059582498,0.018944306
-0.10162508,0.038107272,0.065663874,0.021559145
-0.102050304,0.038066387,0.06950228,0.018931082
-0.10298712,0.035630982,0.06098831,0.019829093
-0.10275387,0.037454363,0.06588124,0.021820744
-0.10270677,0.038098197,0.07018389,0.018720997
-0.102920234,0.036278144,0.0628912,0.018155001
-0.1021625,0.037957698,0.066216804,0.019280385
-0.103282526,0.036171135,0.06071112,0.021233054
-0.10388626,0.036288008,0.06163789,0.024703862
-0.10424203,0.037176836,0.068063475,0.023780737
-0.10318169,0.038354,0.07389664,0.017425891
-0.10256827,0.036641605,0.064748466,0.014565794
-0.10126216,0.0382831,0.064719155,0.016340118
-0.10098606,0.03877191,0.06614653,0.016484145
-0.10060035,0.03871331,0.0665716,0.01573843
-0.10092779,0.037577342,0.062605076,0.017263098
-0.10205,0.036552984,0.059420194,0.022031385
-0.1036686,0.036155507,0.06132028,0.026146324
-0.10392264,0.037658997,0.07145382,0.023541886
-0.10443802,0.03573111,0.06636659,0.019922547
-0.10425128,0.035689626,0.06210293,0.021606566
-0.104257785,0.036823235,0.06479356,0.022955537
-0.10365021,0.037925676,0.0698623,0.01998407
-0.103458904,0.0365615,0.064370245,0.018294297
-0.103255086,0.036588527,0.06153213,0.02094168
-0.103771515,0.03675653,0.062738195,0.02341306
-0.103618406,0.037701737,0.0686981,0.021803254
-0.10446608,0.03538461,0.06159775,0.02177865
-0.10365628,0.037490167,0.0675734,0.02196927
-0.10279541,0.038569063,0.07232775,0.016841482
-0.1027058,0.036163107,0.06128131,0.016359959
-0.10305666,0.03609958,0.05696797,0.02310309
-0.10344697,0.037984855,0.06718343,0.024664892
-0.10546298,0.034605183,0.060031578,0.025282314
-0.10687502,0.033803593,0.057235353,0.030413061
-0.108313955,0.03449239,0.06284293,0.03244815
-0.108871065,0.03463031,0.06690254,0.029674238
-0.10826097,0.034887187,0.06742898,0.02577527
-0.105437376,0.038230415,0.07567199,0.018349266
-0.105144225,0.0346973,0.05836939,0.017301619
-0.1030278,0.038365677,0.06462145,0.020828877
-0.10270885,0.038747445,0.06858933,0.018316314
-0.10194877,0.03790713,0.06593181,0.01623763
-0.10287734,0.03554634,0.055738095,0.021431137
-0.10289952,0.03801572,0.06612113,0.024602741
-0.105688065,0.034126624,0.05777668,0.026863823
-0.10580063,0.036022235,0.06601185,0.028247464
-0.10738699,0.034226857,0.06290318,0.0274465
-0.108036496,0.03383042,0.060566004,0.029217653
-0.10837774,0.03475137,0.06394271,0.029621582
-0.10727096,0.036619272,0.071445465,0.024691112
-0.10525889,0.037343085,0.07208663,0.017307669
-0.1040516,0.036043223,0.061248448,0.01669115
-0.10313295,0.037393607,0.06093517,0.020890241
-0.10358975,0.037304368,0.062784605,0.023023672
-0.10346966,0.03765018,0.06737721,0.021842321
-0.10391491,0.036198176,0.063818425,0.021161832
-0.10332076,0.03740904,0.06721176,0.020683583
-0.10201151,0.03917381,0.07343194,0.015457362
-0.10011365,0.03957893,0.072036624,0.00892368
-0.09926144,0.03802642,0.060200784,0.010442034
-0.100056626,0.037285786,0.054084804,0.020098234
-0.102262594,0.037061296,0.059275668,0.027412932
-0.10497385,0.03544205,0.06278262,0.029446896
-0.10512758,0.036886826,0.07330264,0.024876613
-0.11308923,0.023494113,0.025280295,0.04053076
-0.11737056,0.028628217,0.040401008,0.058129728
-0.12288151,0.028045842,0.053139962,0.05865816
-0.12340311,0.028151203,0.06121016,0.051382575
-0.11883239,0.033313375,0.078237325,0.03736747
-0.11397278,0.03416679,0.07456978,0.02253898
-0.111721426,0.031436313,0.050302584,0.02438719
-0.11014454,0.03504597,0.053729694,0.033131298
-0.10960272,0.03684214,0.066227816,0.031856284
-0.10719208,0.03794645,0.07511355,0.022269398
-0.104700044,0.03710101,0.06946828,0.014616133
-0.10288851,0.037028547,0.061090596,0.015649116
-0.10363001,0.035790388,0.05309398,0.023828998
-0.10472533,0.036699157,0.06068337,0.029455975
-0.10580302,0.03648863,0.06807307,0.02735513
-0.105614245,0.03604806,0.06943649,0.02258193
-0.10513243,0.035636406,0.06519609,0.020697264
-0.104890056,0.03588586,0.062142506,0.022329029
-0.10550858,0.035526928,0.05995999,0.025548857
-0.107465476,0.03367487,0.054986097,0.031127233
-0.10762091,0.036095377,0.067661546,0.031138169
-0.10749692,0.035794783,0.07081137,0.024692822
-0.10539735,0.036877483,0.07150751,0.018272987
-0.10367654,0.03713678,0.06623986,0.015368706
-0.102930516,0.036898024,0.05969728,0.0183509
-0.10220405,0.038653232,0.06544858,0.020320335
-0.101883195,0.038737245,0.06899993,0.017570915
-0.10244501,0.036214076,0.060267158,0.018788293
-0.10254423,0.03722946,0.06296943,0.022467243
-0.102621175,0.03834918,0.070324756,0.020296305
-0.102002144,0.038095042,0.07046533,0.015368902
-0.10292774,0.034865927,0.055435818,0.019371372
-0.1036337,0.036399163,0.059087425,0.026902549
-0.10415928,0.03810212,0.07162547,0.024566483
-0.10399595,0.036810793,0.070243314,0.01834417
-0.10294294,0.03678947,0.06571952,0.016729893
-0.10235069,0.03751689,0.064142525,0.017929288
-0.10194519,0.038225207,0.06590135,0.018241972
-0.10153609,0.03839405,0.06715267,0.017017191
-0.10119665,0.03811779,0.06596083,0.016266078
-0.10120317,0.037742324,0.06384263,0.017422924
-0.10111192,0.038338084,0.06626662,0.018042723
-0.10184865,0.03712318,0.06322726,0.019054629
-0.101357855,0.03862783,0.06911611,0.018309515
-0.101857916,0.03722458,0.06510761,0.017145136
-0.09945939,0.041138694,0.077130444,0.011795879
-0.09804036,0.040324185,0.07204231,0.003904263
-0.09570051,0.0409775,0.06599165,0.0030165722
-0.09627854,0.038912304,0.054235123,0.011131799
-0.09749219,0.039509147,0.05984423,0.020131798
-0.09969901,0.03882391,0.067695625,0.021126134
-0.10222429,0.035501074,0.06203181,0.022167802
-0.10726289,0.03003345,0.042739313,0.035174556
-0.1089557,0.03511354,0.06655626,0.039873064
-0.1122769,0.031591926,0.06389867,0.035490118
-0.11203656,0.0321524,0.064083934,0.03321731
-0.11516677,0.028008675,0.04538176,0.039730545
-0.11460962,0.033408523,0.06305921,0.04197181
-0.114287466,0.033513106,0.06851325,0.034620218
-0.110633895,0.03585495,0.0743704,0.024553867
-0.10727977,0.036496017,0.069660865,0.016759137
-0.1047576,0.036801264,0.06129367,0.01665619
-0.104122356,0.036753934,0.056549124,0.022232823
-0.103348166,0.03886349,0.06716218,0.02320068
-0.10416306,0.0363971,0.06342958,0.021798106
-0.10383545,0.036695465,0.064594045,0.022424182
-0.105106115,0.035086267,0.059744816,0.02497866
-0.10552227,0.035985712,0.063967265,0.026829863
-0.10618809,0.03564911,0.065472975,0.025705798
-0.104715966,0.037805777,0.07323812,0.020407274
-0.10397704,0.03645777,0.06614702,0.016375234
-0.10236772,0.03786804,0.065166034,0.016784733
-0.10284715,0.036648452,0.059166756,0.020182393
-0.105751,0.033217542,0.04755287,0.031047216
-0.10663151,0.03672073,0.067197815,0.03414926
-0.106185555,0.03792936,0.08030482,0.022598129
-0.10521319,0.034680292,0.06636561,0.015393467
-0.10272143,0.037762467,0.06605325,0.016175786
-0.10289639,0.037037056,0.060324736,0.018709082
-0.10258509,0.03784265,0.06314789,0.021529395
-0.103101395,0.037370373,0.06494587,0.0217704
-0.1024445,0.038343824,0.070453145,0.018742464
-0.103745654,0.034837134,0.057775304,0.02068369
-0.114923626,0.020724788,0.00053255685,0.053564545
-0.120254256,0.02932718,0.04380216,0.06833568
-0.12635955,0.026333766,0.05408158,0.063406385
-0.12719144,0.025198393,0.056240086,0.055551518
-0.122191265,0.031939708,0.07577272,0.04259742
-0.119016595,0.030338945,0.064054094,0.03191842
-0.1151527,0.032623697,0.058283992,0.031117635
-0.11521624,0.031208187,0.04674669,0.03735951
-0.114211254,0.034130443,0.058416527,0.040283848
-0.114132285,0.033396214,0.062268887,0.036979448
-0.11304641,0.033133496,0.06283203,0.03361134
-0.11687044,0.026408806,0.03615878,0.043389954
-0.11769618,0.031316146,0.053593658,0.0503019
-0.118472375,0.031803623,0.06458328,0.04476377
-0.11537357,0.033743776,0.07355207,0.033433206
-0.11155137,0.034808844,0.0717998,0.0229388
-0.10932158,0.03380772,0.057873413,0.022364521
-0.107300006,0.03655525,0.06058016,0.025934696
-0.10675604,0.03685855,0.06377923,0.025634537
-0.106319904,0.03606287,0.0631224,0.024859319
-0.10592184,0.036090218,0.06385501,0.0247428
-0.10571343,0.036178846,0.06478708,0.024124179
-0.105313145,0.036416505,0.06570881,0.022914393
-0.10464644,0.036864657,0.066663876,0.021165052
-0.103673935,0.03750726,0.06763091,0.018884415
-0.10313134,0.037110053,0.06433204,0.018309344
-0.103335656,0.03642124,0.060146023,0.021427901
-0.103333205,0.03757974,0.06551051,0.022897009
-0.103887215,0.03674007,0.065556236,0.021801041
-0.10286757,0.038135182,0.07066626,0.018592296
-0.102683716,0.03692702,0.06511215,0.01664569
-0.102877,0.03620183,0.05902413,0.020690478
-0.1019605,0.039394785,0.071288414,0.020007731
-0.10311369,0.03609427,0.062365502,0.018602902
-0.10312202,0.03634666,0.060820494,0.022605453
-0.10419538,0.036437836,0.063261434,0.024950013
-0.104730204,0.036454916,0.066367544,0.024147814
-0.10428199,0.03705553,0.069474176,0.02080346
-0.10443408,0.035601877,0.062570766,0.020373879
-0.10383368,0.0370234,0.064737745,0.021813419
-0.103586905,0.03758861,0.06747752,0.020290853
-0.103060566,0.037387334,0.0665317,0.018401155
-0.10296923,0.036739986,0.062542886,0.019485002
-0.10335149,0.036648378,0.06165404,0.022479588
-0.10324636,0.03787528,0.06820082,0.021828547
-0.10459501,0.03502475,0.05993713,0.022822395
-0.10431628,0.036800176,0.06553764,0.024497952
-0.10718657,0.03280597,0.053530883,0.029212259
-0.10872914,0.033608228,0.05742258,0.035402272
-0.11226003,0.031124989,0.05411535,0.039625507
-0.11687653,0.027396012,0.04339734,0.047876254
-0.118142575,0.030939424,0.060099617,0.04893334
-0.11769309,0.03185781,0.06885633,0.04044472
-0.11525973,0.032266486,0.067791335,0.03190884
-0.10960784,0.038125794,0.08020151,0.020111348
-0.107026435,0.03521599,0.06189716,0.013985448
-0.104925975,0.03604727,0.05270029,0.021894267
-0.10448699,0.038339023,0.06280029,0.026272638
-0.105133064,0.036868792,0.06489898,0.024751399
-0.10474788,0.036574658,0.066441216,0.02282965
-0.10561351,0.034699954,0.059664067,0.024544105
-0.10567457,0.036042694,0.063950144,0.026546499
-0.10616913,0.03585332,0.06563439,0.02529701
-0.10564305,0.036254685,0.067137964,0.02296283
-0.10500294,0.03642546,0.066183515,0.021013977
-0.1044992,0.036444854,0.06386362,0.02096723
-0.10412401,0.036891684,0.064129524,0.021650905
-0.10448583,0.036203172,0.062031332,0.023061207
-0.10550799,0.035135943,0.05907718,0.026584573
-0.10644134,0.03536943,0.062370967,0.028888546
-0.10627116,0.036617912,0.07020237,0.025521178
-0.10649656,0.034752935,0.063873634,0.02295833
-0.10583526,0.035697002,0.06330235,0.024017375
-0.10630639,0.035347283,0.061329126,0.025672128
-0.105511636,0.037143663,0.06836158,0.024133904
-0.10548541,0.035912864,0.06483791,0.021786809
-0.10404245,0.0375344,0.06815985,0.01997857
-0.10390054,0.036550924,0.06337093,0.019406669
-0.10345089,0.03702071,0.06309117,0.021188974
-0.103203304,0.037767824,0.06675401,0.020773191
-0.10926672,0.027808618,0.03147565,0.03637073
-0.11055246,0.034561012,0.060521882,0.046087373
-0.112969205,0.033829525,0.07270573,0.037580445
-0.111941144,0.032398146,0.06920635,0.02863477
-0.106472984,0.03943773,0.08510448,0.01571159
-0.104598455,0.035349187,0.062018298,0.008801839
-0.101294495,0.03864123,0.058777068,0.015379202
-0.10164548,0.03865863,0.05985688,0.02039765
-0.10211142,0.038122527,0.06359761,0.022283796
-0.10299465,0.036944132,0.06453779,0.022506414
-0.104435936,0.035141088,0.060410418,0.024925148
-0.10507369,0.036051847,0.06512391,0.026284123
-0.10934556,0.030268755,0.046496093,0.034277182
-0.110226326,0.03420598,0.06256399,0.039111327
-0.11228706,0.032691825,0.06480346,0.035469737
-0.10957678,0.03623265,0.0770841,0.026202245
-0.107829645,0.034868915,0.06786657,0.018466676
-0.10554923,0.03604812,0.061523512,0.019415153
-0.10420855,0.03792907,0.06430959,0.020746177
-0.10430968,0.036681216,0.06091139,0.022075437
-0.103412814,0.038108733,0.06737935,0.02170463
-0.103903726,0.036416125,0.06356498,0.020881098
-0.103793375,0.03655884,0.06337241,0.022323946
-0.10573814,0.03416329,0.055670306,0.027354442
-0.10616052,0.03618712,0.06535289,0.029475985
-0.10660479,0.036016118,0.069374576,0.025192073
-0.105096176,0.036954973,0.07156865,0.019288823
-0.10560045,0.0339265,0.056170776,0.021474266
-0.10482081,0.037002403,0.06328513,0.025832083
-0.10964947,0.030322636,0.042958125,0.03559019
-0.11466727,0.028590634,0.038962223,0.050642885
-0.118707135,0.029916778,0.055177506,0.054009292
-0.12014976,0.029542143,0.06321484,0.04780836
-0.11645458,0.033725005,0.078062415,0.03470321
-0.115132414,0.029994331,0.05885698,0.028574623
-0.11247525,0.033488262,0.058118563,0.03166474
-0.11098296,0.03577795,0.064801104,0.030223487
-0.10821343,0.03744258,0.07143595,0.023256516
-0.106582485,0.035699267,0.062785044,0.019901194
-0.10596348,0.035240564,0.056007985,0.024754224
-0.10554754,0.03731921,0.06484495,0.026783902
-0.105869696,0.036316693,0.065919794,0.024327844
-0.10576132,0.035453945,0.063076735,0.023930898
-0.10540232,0.036308236,0.06520952,0.023942517
-0.10478978,0.03709316,0.06818058,0.021437831
-0.104243696,0.03662236,0.06533541,0.0196356
-0.10430137,0.035873752,0.060179412,0.022102809
-0.10460273,0.03645831,0.06230435,0.025005063
-0.104419306,0.037522815,0.0691181,0.022905463
-0.1046018,0.03595868,0.06467171,0.0208134
-0.104820445,0.035383765,0.06008422,0.023619814
-0.10490355,0.03672112,0.06511722,0.024988899
-0.110816725,0.027870134,0.03504445,0.03829098
-0.11873258,0.024932766,0.023809941,0.06035178
-0.12205713,0.030325351,0.059184752,0.061202522
-0.124908425,0.02608791,0.056277156,0.053597655
-0.12204486,0.029876964,0.0672184,0.04491055
-0.11871473,0.03172935,0.06842248,0.035015672
-0.11674268,0.03043952,0.054629672,0.03343239
-0.11531429,0.032270517,0.053091597,0.03769329
-0.116092555,0.03149663,0.05111133,0.041685212
-0.11596522,0.03239981,0.058104444,0.04210901
-0.11525614,0.03283699,0.06370736,0.038024634
-0.11203067,0.03571557,0.07405307,0.028778847
-0.109385304,0.035049412,0.06769308,0.020972608
-0.10657473,0.036285967,0.06312746,0.01999977
-0.10603918,0.03577363,0.05700206,0.023849702
-0.10593399,0.03645881,0.06047933,0.027529737
-0.10619937,0.036458172,0.065375336,0.026814437
-0.10620939,0.03574227,0.06553214,0.024695585
-0.10651966,0.03474188,0.061283477,0.025466805
-0.10608123,0.036280382,0.065969534,0.025468882
-0.105885655,0.036209926,0.06652762,0.02307176
-0.10499491,0.036595266,0.06637598,0.021111496
-0.10559149,0.034765825,0.05779563,0.023937972
-0.10582961,0.035911527,0.06140322,0.027764969
-0.10611883,0.036532097,0.06754739,0.026076717
-0.10516238,0.03705076,0.070859976,0.020770783
-0.10451699,0.035958905,0.064119235,0.018792463
-0.10369913,0.03693056,0.063195735,0.020551454
-0.105517164,0.034321133,0.053647555,0.026735265
-0.1069285,0.0349279,0.058542818,0.032740753
-0.10805965,0.035426382,0.06731379,0.03114461
-0.10640993,0.037430372,0.07731205,0.021797143
-0.10586412,0.034360334,0.06267235,0.017751897
-0.104217224,0.036769915,0.062262516,0.021095095
-0.10392508,0.03778147,0.06573677,0.021287354
-0.10357681,0.037311554,0.065323286,0.020102128
-0.10274004,0.037914574,0.067265406,0.018698696
-0.10286658,0.036806628,0.062874444,0.019119475
-0.102142505,0.038272023,0.06735757,0.019171184
-0.10241243,0.037330583,0.065037295,0.01837122
-0.10172123,0.03821268,0.067379914,0.017712476
-0.10190418,0.037407186,0.064396374,0.01766293
-0.10212885,0.037130408,0.06264067,0.019902533
-0.10313582,0.036467798,0.06148036,0.022979202
-0.10377121,0.036844306,0.06543988,0.023897951
-0.104097545,0.036753457,0.0675649,0.021959513
-0.10392519,0.03655811,0.06643891,0.020213926
-0.10376814,0.036497433,0.064146146,0.020434948
-0.10632044,0.032754358,0.04932713,0.028757676
-0.10704934,0.03591847,0.06343621,0.033719327
-0.10824403,0.03536073,0.069387294,0.029011676
-0.109,0.03262291,0.059983443,0.027982248
-0.1085274,0.03464962,0.0633844,0.029401297
-0.108370304,0.035342712,0.06622223,0.027221292
-0.10755981,0.035402123,0.065413244,0.024676615
-0.106940895,0.035324667,0.06262569,0.024476163
-0.10559467,0.03724989,0.067939855,0.022753939
-0.104874335,0.036798786,0.06601204,0.02003373
-0.103948876,0.036914475,0.06395327,0.019948054
-0.102539286,0.038835976,0.069718055,0.01781804
-0.102752134,0.036643095,0.06163227,0.017711883
-0.10185492,0.038271323,0.06556442,0.019428065
-0.10247624,0.037320912,0.06418721,0.01967982
-0.10321301,0.036205526,0.060887303,0.022382
-0.103542976,0.037146095,0.06595155,0.023458093
-0.10437084,0.0361321,0.06489559,0.022687681
-0.10549989,0.034545347,0.058967456,0.025641464
-0.106034115,0.035735525,0.06377121,0.027854223
-0.107750125,0.03388946,0.059998184,0.029217942
-0.10901682,0.033283453,0.05845473,0.032436818
-0.10975904,0.034120165,0.06348592,0.03285326
-0.109305725,0.035074517,0.0687938,0.028573046
-0.10660446,0.03759866,0.07595734,0.019636711
-0.104157336,0.037251286,0.06889409,0.012812166
-0.10278447,0.036583517,0.0573868,0.016295478
-0.10208076,0.038544968,0.062107816,0.021230608
-0.102022775,0.039017063,0.06882538,0.01955234
-0.10204985,0.037442245,0.06577616,0.017421493
-0.102105275,0.03692267,0.062559165,0.019264765
-0.10525722,0.033014733,0.04856455,0.02905518
-0.10695212,0.03533876,0.061505277,0.03531899
-0.10820207,0.03565353,0.07181442,0.030039167
-0.107672855,0.034667812,0.06949515,0.02331888
-0.10797693,0.0327857,0.056564465,0.025660198
-0.10723613,0.03607201,0.06425257,0.028354265
-0.108388536,0.034316868,0.06055776,0.028516741
-0.10700342,0.03666608,0.06913805,0.026096812
-0.10729604,0.03460374,0.062277857,0.024204638
-0.10562537,0.03701046,0.06771284,0.023067597
-0.10646696,0.034530293,0.058451574,0.024321018
-0.10438211,0.03868088,0.072007954,0.022478923
-0.10475526,0.03597687,0.06409214,0.019117316
-0.10227268,0.03905339,0.07097824,0.016753204
-0.10171163,0.0380797,0.06624266,0.013921138
-0.1000218,0.03942069,0.067335024,0.01327907
-0.100509666,0.037576057,0.059791997,0.016098402
-0.10147089,0.03705385,0.058460712,0.02252977
-0.101991974,0.038649738,0.069719516,0.02252235
-0.10143164,0.039149992,0.075752,0.014744023
-0.10082701,0.037154946,0.065397896,0.011441794
-0.09960361,0.03884336,0.064619,0.013863543
-0.10045109,0.037837952,0.06068241,0.017534174
-0.10107638,0.037974987,0.0633803,0.020806497
-0.10153752,0.038351227,0.06897733,0.01955881
-0.10032395,0.039859354,0.07583856,0.012723838
-0.10152512,0.0349505,0.055357646,0.014941935
-0.10159706,0.037292697,0.058976386,0.023920387
-0.10535191,0.034396607,0.055134837,0.030564278
-0.10725457,0.034666877,0.06257032,0.03347373
-0.10874398,0.034167003,0.066670075,0.031013263
-0.10766348,0.035821866,0.07285947,0.02461689
-0.1049584,0.037911147,0.07603572,0.01517941
-0.101600416,0.03923006,0.072126664,0.007532781
-0.10039906,0.037325513,0.055652097,0.011227122
-0.09985483,0.0390827,0.058588225,0.019775216
-0.1011126,0.038777523,0.06502192,0.021858962
-0.10283497,0.0361833,0.0620624,0.022973387
-0.103337936,0.036801815,0.06665946,0.023443324
-0.10427516,0.0359772,0.06566519,0.022403196
-0.10388374,0.03690992,0.06802339,0.020779869
-0.1068805,0.031744413,0.04812671,0.028261017
-0.10720846,0.035850152,0.06323838,0.03408604
-0.10909974,0.034475576,0.06632091,0.030826926
-0.1086014,0.03441566,0.066746145,0.027195254
-0.1058242,0.038158927,0.07689362,0.019311832
-0.10597857,0.033741057,0.056717087,0.01851493
-0.10455058,0.036848634,0.06015486,0.0247851
-0.10481346,0.037705358,0.0671475,0.024079043
-0.10664795,0.033450708,0.05476581,0.027031261
-0.10849179,0.033047188,0.0533323,0.03516442
-0.10992498,0.034574233,0.065024905,0.035895687
-0.11025299,0.03415078,0.06862726,0.0303578
-0.10820317,0.035791464,0.07230547,0.02322489
-0.10522462,0.037769582,0.07339286,0.015317326
-0.10243048,0.03842996,0.067667544,0.010871493
-0.101127066,0.037876986,0.05844983,0.014296295
-0.10256734,0.035963617,0.05044985,0.02496425
-0.10453268,0.036491644,0.059857767,0.031794567
-0.10645645,0.035755858,0.06769081,0.029878234
-0.10724044,0.034358896,0.06651286,0.026446829
-0.107813105,0.03354707,0.061122507,0.027170492
-0.107962735,0.03472521,0.062911846,0.028593931
-0.10683124,0.03701118,0.071450405,0.024308968
-0.106240794,0.035438072,0.06474345,0.020642564
-0.10430567,0.03747042,0.06692139,0.019683467
-0.10384341,0.037063982,0.063832924,0.01920785
-0.10419083,0.03583615,0.058054455,0.023107955
-0.105047144,0.035998262,0.06032109,0.02745676
-0.10704567,0.03436906,0.05922567,0.030433625
-0.107990764,0.03464799,0.06383609,0.031057592
-0.1076627,0.035827246,0.07056094,0.026556991
-0.10677273,0.035507876,0.06805022,0.021581972
-0.10443483,0.037721846,0.070418656,0.017469347
-0.10288503,0.037892096,0.06650853,0.01463962
-0.10138479,0.038542897,0.064371884,0.015017759
-0.10114496,0.038165044,0.06196819,0.017406682
-0.103344485,0.034958582,0.051968552,0.02560336
-0.104108006,0.037408017,0.06622773,0.029135734
-0.10534812,0.03636359,0.07034492,0.024228495
-0.1091136,0.029241746,0.044407934,0.031980027
-0.11117724,0.032354202,0.053606328,0.042482186
-0.11378427,0.032627285,0.06386875,0.0412502
-0.11329223,0.033015274,0.069404,0.034100935
-0.112709954,0.03179932,0.061905857,0.030557048
-0.1112307,0.033860184,0.06266039,0.030267257
-0.10946284,0.03598245,0.067938834,0.02668902
-0.10781539,0.03587231,0.06562686,0.022798695
-0.106279455,0.036183376,0.062946014,0.022290096
-0.10568173,0.036285233,0.061544776,0.023741126
-0.10528062,0.036790233,0.06415595,0.02421597
-0.10485346,0.03699524,0.06664443,0.022471823
-0.10460708,0.036357295,0.06448611,0.021430852
-0.10458646,0.036104653,0.06236807,0.022770192
-0.1045942,0.03665996,0.06458562,0.023541719
-0.10360176,0.038278442,0.07160766,0.019629603
-0.1041916,0.03517268,0.05981535,0.019607648
-0.10478334,0.03516665,0.056321602,0.02652624
-0.10629489,0.035607737,0.06165372,0.030204188
-0.108067386,0.034078132,0.061522156,0.030903682
-0.10813917,0.035003424,0.06691787,0.0291233
-0.10772394,0.035273813,0.06812396,0.025042709
-0.10601618,0.036641665,0.06970518,0.020507751
-0.10566288,0.0351235,0.0599381,0.020946741
-0.10567788,0.035514385,0.057731487,0.026291553
-0.105684,0.03711257,0.06649816,0.026699787
-0.105513185,0.036632884,0.06846312,0.022595882
-0.104187235,0.037170686,0.06895737,0.018711096
-0.103828065,0.036201123,0.06208706,0.018950831
-0.10331759,0.03727249,0.063280255,0.021343157
-0.10336854,0.03753343,0.065812185,0.021209147
-0.10244617,0.038512185,0.070514634,0.017747693
-0.102593005,0.036489997,0.062369827,0.017308515
-0.10176497,0.038185358,0.06574354,0.0189505
-0.10153709,0.038662873,0.068801574,0.016910857
-0.10088742,0.03844955,0.06769358,0.014565081
-0.101644896,0.03625909,0.057799265,0.01849346
-0.102601245,0.0367883,0.059878204,0.02477105
-0.10403967,0.03679434,0.06565074,0.025735693
-0.104176685,0.03702964,0.07041163,0.021923611
-0.103577666,0.03688264,0.06904073,0.01779373
-0.1029333,0.036801577,0.06441914,0.017393628
-0.10325628,0.036296256,0.05950343,0.021244133
-0.1028615,0.038335297,0.067864306,0.02185061
-0.10361664,0.03651599,0.06439786,0.020504097
-0.102438115,0.038288265,0.069817334,0.018533317
-0.10266035,0.036822733,0.06410643,0.017440407
-0.10072248,0.0398671,0.0723457,0.014852028
-0.10031037,0.038552117,0.066846535,0.011537812
-0.10017813,0.0374,0.058607437,0.015890004
-0.100057185,0.03933736,0.066237815,0.018965121
-0.10105449,0.03805573,0.06635712,0.01795782
-0.10037193,0.03898371,0.07051762,0.015376618
-0.101324625,0.03643868,0.060725503,0.016649393
-0.1008057,0.038632326,0.06674179,0.018924966
-0.101299815,0.038265355,0.06803159,0.017073447
-0.10324313,0.03438576,0.053866755,0.022514932
-0.10706759,0.03203331,0.045357414,0.036501374
-0.10992266,0.034163207,0.06240387,0.04110596
-0.11256527,0.03196336,0.06453771,0.037293512
-0.11671323,0.026045013,0.04288943,0.043591984
-0.11791217,0.030340668,0.055607814,0.048572328
-0.12025437,0.028841253,0.055051226,0.047367852
-0.11972203,0.029955564,0.058972657,0.04463893
-0.11543461,0.035521343,0.07763605,0.033457056
-0.1112772,0.0354406,0.07353783,0.019806981
-0.10698584,0.03626047,0.0638941,0.01591032
-0.104165345,0.03823161,0.061964173,0.017554594
-0.10238017,0.039488655,0.06562527,0.017445153
-0.10147451,0.038866032,0.065198645,0.016360903
-0.10246391,0.03597317,0.055549648,0.02138926
-0.107505016,0.030648148,0.037907746,0.038067464
-0.11056442,0.033887606,0.060133837,0.045411486
-0.115429975,0.029464742,0.057600874,0.04414371
-0.113729805,0.03380523,0.0751853,0.03626797
-0.11147805,0.034316164,0.075072624,0.023864336
-0.1086028,0.03434784,0.0642157,0.019423805
-0.10782116,0.034131188,0.052943785,0.025481848
-0.108751535,0.034406576,0.052898545,0.03372885
-0.10950627,0.035348848,0.06339546,0.03474981
-0.11039862,0.03357417,0.06322772,0.03212623
-0.1089233,0.035509825,0.07014715,0.027479712
-0.10937632,0.032833263,0.058642995,0.026815511
-0.108879544,0.03437262,0.05950381,0.030369153
-0.10945176,0.03451721,0.061603248,0.03125673
-0.10888434,0.035320032,0.06635026,0.028827148
-0.11035877,0.031805065,0.053795453,0.03137162
-0.10894453,0.036135472,0.06816703,0.031334955
-0.11038657,0.032750312,0.059214372,0.029822208
-0.10873793,0.035559166,0.066690706,0.02883234
-0.109789476,0.032991275,0.057828493,0.02928464
-0.10903058,0.03493949,0.06288651,0.030661074
-0.10917977,0.034744192,0.06403084,0.029052379
-0.10764829,0.03628817,0.06924445,0.024958417
-0.106562495,0.035857826,0.06587163,0.021407736
-0.105932936,0.03539208,0.06000888,0.023056272
-0.104906574,0.03753235,0.06645897,0.023415739
-0.103852905,0.03824371,0.07071744,0.018708194
-0.102504164,0.0378353,0.06751084,0.014995561
-0.10195554,0.03714067,0.060969464,0.017017558
-0.10316672,0.03587018,0.055344615,0.024203504
-0.1033419,0.038300328,0.06874518,0.025347447
-0.10379893,0.037219144,0.07053384,0.019909913
-0.10655522,0.031183515,0.047004517,0.027272088
-0.10807169,0.034159187,0.056310847,0.037240498
-0.11114181,0.03316085,0.06200292,0.03772024
-0.114898674,0.028303497,0.048567664,0.04195903
-0.11671022,0.030023383,0.054531734,0.046378646
-0.11893736,0.02924412,0.055427138,0.046439156
-0.1200803,0.028543822,0.053320598,0.04656805
-0.119819194,0.030050931,0.05770783,0.04522158
-0.11852179,0.031394582,0.062061097,0.04087923
-0.11390494,0.03611536,0.076735504,0.029807787
-0.111393705,0.033492472,0.06294206,0.022433458
-0.10806353,0.03601515,0.061254404,0.023652576
-0.10891788,0.03368616,0.05073961,0.029922958
-0.10938962,0.034732226,0.057128005,0.035548203
-0.11020525,0.034753524,0.06484142,0.034016807
-0.10972832,0.034581374,0.0678176,0.029054957
-0.10919623,0.03383111,0.06316375,0.026792686
-0.10819336,0.035133354,0.06383577,0.02656139
-0.10683827,0.036780093,0.06835645,0.023552317
-0.10576051,0.036368974,0.0654219,0.020698024
-0.1056177,0.035189904,0.058016982,0.023583328
-0.10573369,0.036156688,0.061273385,0.027204644
-0.10529915,0.03761543,0.07043875,0.024100743
-0.10520686,0.03580679,0.065371476,0.020667031
-0.10284867,0.038857933,0.07254449,0.01682228
-0.103193685,0.03590402,0.059745133,0.016833905
-0.102332525,0.037738994,0.062399484,0.021165797
-0.10338296,0.037006166,0.06303737,0.022817643
-0.10319386,0.03769651,0.06828769,0.021420714
-0.10336567,0.03674828,0.06611612,0.019440975
-0.10452572,0.034577757,0.05647919,0.023871982
-0.10534392,0.03590488,0.06164293,0.028512776
-0.106245175,0.03609083,0.067273244,0.026960334
-0.105395906,0.03685602,0.071568094,0.021476327
-0.10682179,0.032574728,0.05351847,0.02458915
-0.10570982,0.03713866,0.06651194,0.027831405
-0.10700791,0.03521618,0.06416112,0.025664903
-0.10568684,0.036667086,0.0684969,0.023072558
-0.10437331,0.037584033,0.07046448,0.018232075
-0.10436262,0.035252295,0.05847149,0.019590667
-0.1032298,0.038074516,0.06559262,0.02215906
-0.10372096,0.03718772,0.065501384,0.020880446
-0.105092645,0.034285568,0.055339076,0.025365539
-0.10716127,0.03381711,0.05467759,0.033262283
-0.10938622,0.03391341,0.061396442,0.035858583
-0.10982596,0.03455967,0.069157384,0.031614345
-0.108249195,0.035754185,0.07332961,0.02352447
-0.10706515,0.034614168,0.06363582,0.02027484
-0.10447788,0.038073007,0.06855114,0.019080138
-0.10333183,0.038026582,0.0664528,0.01635108
-0.10213511,0.03793337,0.06331171,0.016791299
-0.10128938,0.038835544,0.065895505,0.017326878
-0.10083541,0.038897574,0.06746968,0.015901946
-0.10175308,0.03637551,0.058621343,0.018988593
-0.10249701,0.03696093,0.06133605,0.024101797
-0.10375324,0.036896177,0.06616765,0.024447639
-0.10349267,0.03758744,0.07154298,0.02015815
-0.10483111,0.033966154,0.057443008,0.021821482
-0.10489006,0.036063306,0.061747447,0.026816567
-0.10546187,0.03685153,0.06841918,0.025056604
-0.10437987,0.037512016,0.072056234,0.0190894
-0.10617971,0.03226993,0.05010808,0.024162127
-0.10619733,0.03598601,0.060580716,0.031649593
-0.10734462,0.036260825,0.069073066,0.02854912
-0.107319936,0.03468738,0.065654755,0.024696399
-0.10807249,0.033008214,0.056107122,0.02817558
-0.10745601,0.03629683,0.06683664,0.029065864
-0.10893703,0.033408772,0.059375472,0.02874876
-0.108789824,0.03429383,0.06115362,0.030753052
-0.10803614,0.036320373,0.06997052,0.027222918
-0.10597623,0.037456732,0.07376373,0.018937582
-0.10508237,0.035095613,0.060021155,0.017858494
-0.10324922,0.03816585,0.064889304,0.020440191
-0.10458859,0.03567572,0.05768028,0.023525516
-0.10485589,0.03637887,0.06194381,0.027035542
-0.10485388,0.037485976,0.07064774,0.023888387
-0.10615755,0.03380869,0.058921278,0.023966182
-0.1061511,0.035329353,0.061469443,0.027829193
-0.10650498,0.03628458,0.06750128,0.026376143
-0.10491945,0.037863992,0.074027464,0.01943075
-0.10542325,0.03386173,0.056514442,0.020164918
-0.110111006,0.028517265,0.030387405,0.04026491
-0.11249263,0.034049835,0.059484787,0.04878809
-0.115721956,0.0313919,0.06515247,0.042746156
-0.113392286,0.033683,0.075187534,0.032200355
-0.11046309,0.034635898,0.07289818,0.021738105
-0.111283526,0.029516162,0.04337988,0.028681505
-0.11024068,0.035404928,0.05864437,0.0370913
-0.11254852,0.0330234,0.058602013,0.03703205
-0.11289927,0.032281693,0.059159532,0.037014686
-0.11280083,0.03305025,0.063177444,0.035392664
-0.11225804,0.03330187,0.0640783,0.032320645
-0.10798338,0.03880126,0.08116821,0.021489156
-0.10519337,0.0368979,0.069890164,0.010890934
-0.102682464,0.036748525,0.056624454,0.014576484
-0.10157001,0.039206833,0.06202738,0.01997562
-0.102442175,0.03783042,0.062475152,0.021526977
-0.10294319,0.03704363,0.06368288,0.022680743
-0.103408076,0.036958233,0.066290386,0.02230443
-0.103455596,0.037000913,0.067633666,0.020411333
-0.10298221,0.037311494,0.06769007,0.018327044
-0.10308379,0.036446575,0.062422182,0.019226296
-0.10392159,0.035749216,0.05849242,0.024035726
-0.10503681,0.03601936,0.06197835,0.027446007
-0.10606431,0.035667032,0.065105766,0.027111394
-0.10646877,0.03523099,0.06534652,0.025667416
-0.10655864,0.035129167,0.06414354,0.025123302
-0.10799726,0.03312564,0.055520844,0.029235393
-0.10823725,0.0351859,0.063313685,0.031672575
-0.10907068,0.03441521,0.06438076,0.029753461
-0.108587384,0.03467938,0.06520091,0.027648075
-0.10883073,0.033766825,0.060243383,0.028160688
-0.108005546,0.03568001,0.06549212,0.027827527
-0.10698953,0.036522888,0.069023564,0.023534289
-0.10628966,0.035369482,0.06278979,0.021932561
-0.10549212,0.03620806,0.062345717,0.02362626
-0.10484854,0.037384324,0.066960044,0.02262615
-0.10470902,0.036388412,0.064189166,0.021353979
-0.10373038,0.037475433,0.06686329,0.020457396
-0.103797644,0.036591504,0.063463345,0.020318316
-0.1044206,0.035584196,0.058915135,0.024043525
-0.105395965,0.03574569,0.061193038,0.027621452
-0.10480646,0.038013965,0.07330132,0.02344315
-0.1044297,0.03634351,0.06833586,0.01766794
-0.10343792,0.03638292,0.06266961,0.018433293
-0.10353102,0.03672298,0.061112966,0.021874301
-0.10301639,0.038423553,0.068854764,0.021013374
-0.10346284,0.036518738,0.06407063,0.019545589
-0.103778236,0.035884984,0.060185663,0.02278971
-0.10390652,0.03729749,0.0664444,0.023721239
-0.10457022,0.036186036,0.06508322,0.022418529
-0.104057625,0.0368767,0.06692424,0.021258412
-0.10453616,0.03571847,0.062023785,0.021981964
-0.103913374,0.037378017,0.06692409,0.022086054
-0.104256995,0.03640883,0.06443244,0.021173295
-0.10398797,0.036630757,0.064188495,0.021761324
-0.10393538,0.036943708,0.06542693,0.021657199
-0.10383521,0.036886346,0.06549999,0.020986268
-0.10307224,0.037818965,0.06840809,0.018992346
-0.10261756,0.03744726,0.066112794,0.01727948
-0.102799475,0.036456954,0.06038338,0.019906236
-0.102224275,0.038551506,0.06806293,0.02046153
-0.1031131,0.03655725,0.06346016,0.019857593
-0.10291965,0.03706314,0.06452229,0.021148551
-0.10356043,0.036616925,0.0639983,0.021924527
-0.10400736,0.03635872,0.063818574,0.022847705
-0.104560554,0.036083747,0.06368498,0.02372249
-0.104560874,0.036678717,0.0666075,0.022973808
-0.10396096,0.037335776,0.0691553,0.019817432
-0.110827036,0.025542669,0.024169374,0.038374666
-0.11288355,0.03302429,0.054175872,0.051859945
-0.11713752,0.031128995,0.06443196,0.047004998
-0.11501231,0.033070188,0.075911485,0.034938246
-0.11128594,0.03478675,0.07640557,0.021862628
-0.10885092,0.033587195,0.05980321,0.019325139
-0.1065103,0.036652762,0.059958223,0.023579635
-0.105773024,0.037529226,0.063888386,0.024064265
-0.104948565,0.037292294,0.06559496,0.022249108
-0.10407338,0.037289947,0.066252165,0.02041264
-0.10267631,0.038491372,0.06983431,0.017173374
-0.101228625,0.03894921,0.0697089,0.013056537
-0.100186996,0.038526718,0.06455482,0.012490746
-0.10089436,0.03684326,0.055956926,0.01884021
-0.101982325,0.037523184,0.06119929,0.024840694
-0.10330107,0.03736579,0.06788415,0.024081526
-0.10283325,0.03799465,0.07338614,0.018262295
-0.10186084,0.037635315,0.06959232,0.0132957855
-0.10003156,0.039204642,0.06886534,0.01113567
-0.09906102,0.03941222,0.06556418,0.010794805
-0.09767315,0.04087617,0.06864757,0.010131658
-0.09638629,0.041728277,0.07151294,0.0064284145
-0.09636287,0.039423656,0.061512973,0.007584231
-0.09749421,0.038145848,0.055345085,0.016876059
-0.09942666,0.038636986,0.06341218,0.022828078
-0.100776166,0.038714416,0.07238063,0.019735742
-0.10217937,0.03572225,0.0641883,0.018094094
-0.10305767,0.035509437,0.0600116,0.022717917
-0.10422274,0.03633192,0.063990064,0.025473952
-0.104758486,0.036593053,0.06798593,0.023623034
-0.104749605,0.036072608,0.066382386,0.021361344
-0.10392092,0.037047833,0.06738227,0.019761244
-0.105492316,0.033839848,0.053904135,0.024623107
-0.10747713,0.03360044,0.052489888,0.034163274
-0.10966087,0.034187287,0.06182337,0.03689148
-0.11062001,0.03377754,0.06689725,0.033114463
-0.11273197,0.029842356,0.052859966,0.0352434
-0.11252484,0.033209827,0.061997898,0.03747291
-0.11197183,0.034549452,0.06940018,0.03183293
-0.110142455,0.03457144,0.06776863,0.02550384
-0.10843239,0.034839094,0.06274953,0.023931514
-0.106651686,0.03676548,0.0652932,0.023286821
-0.10532662,0.037357084,0.06656313,0.020854538
-0.104490325,0.03672465,0.06304339,0.02037479
-0.105064474,0.03526814,0.05666854,0.02494856
-0.10567477,0.036132205,0.061964266,0.028513672
-0.10653732,0.035755485,0.06567271,0.02738101
-0.10618281,0.036005035,0.06824165,0.024049807
-0.106025375,0.035239,0.06389624,0.0227131
-0.10789936,0.032352723,0.050358582,0.030005218
-0.10770885,0.03642227,0.06656819,0.032564163
-0.1084625,0.035119608,0.06815292,0.027246354
-0.10751041,0.03482233,0.06538548,0.024292272
-0.10751966,0.03428368,0.059558406,0.026073884
-0.106515124,0.03679861,0.06711725,0.02574872
-0.106252015,0.036090232,0.065833196,0.022809017
-0.106230654,0.034836587,0.059301235,0.024556743
-0.10648355,0.035481017,0.06081942,0.027835798
-0.10645991,0.036474027,0.06726358,0.026437197
-0.105597354,0.036818173,0.06997225,0.021505455
-0.10434789,0.036785055,0.0671437,0.018105615
-0.10283196,0.03792793,0.066831455,0.016718343
-0.10267747,0.03699424,0.061086036,0.018415812
-0.10177724,0.038813125,0.067158744,0.019143678
-0.10271953,0.036649488,0.061757408,0.019882275
-0.102852255,0.037026264,0.06338143,0.022337077
-0.10341332,0.03711761,0.066280425,0.022146663
-0.10409201,0.035985,0.06356701,0.02223918
-0.103573024,0.03743746,0.068396986,0.021126738
-0.10419298,0.03582914,0.06271854,0.020912495
-0.1035373,0.03731985,0.06627799,0.021392055
-0.10378547,0.03678945,0.06505492,0.020649541
-0.1031284,0.037553992,0.06707965,0.019604448
-0.103765436,0.035900842,0.06071303,0.021136453
-0.10326326,0.037687797,0.06664454,0.022093171
-0.1032514,0.03757333,0.06832235,0.019324908
-0.10311023,0.03659609,0.063784204,0.018902462
-0.10262942,0.037589286,0.06549622,0.019721145
-0.10261365,0.037613485,0.06608905,0.019116402
-0.10257645,0.037228573,0.064625084,0.019179028
-0.10412912,0.034858495,0.055859923,0.024393441
-0.104300976,0.037302,0.066722244,0.026611365
-0.10511927,0.036352616,0.06825534,0.02300553
-0.10429782,0.036643714,0.06823515,0.019838842
-0.104053296,0.03617197,0.0634243,0.019752914
-0.10294486,0.038142983,0.067952044,0.019179517
-0.10346826,0.036308117,0.061368354,0.019848106
-0.10291296,0.037644893,0.06522073,0.021401016
-0.104047894,0.035987962,0.06139732,0.022864688
-0.1041724,0.036682636,0.06486493,0.024052875
-0.104556814,0.036531895,0.066433094,0.022769092
-0.10339178,0.038050316,0.07167414,0.018505896
-0.1032229,0.036340892,0.06342642,0.016990889
-0.10174483,0.03862045,0.06740359,0.017351706
-0.1025237,0.036688115,0.06062019,0.018998673
-0.10199223,0.038251128,0.06616463,0.020558475
-0.10347008,0.035961077,0.06082411,0.022152897
-0.10539409,0.034138247,0.055064034,0.028725654
-0.10622946,0.036265865,0.06687176,0.030163612
-0.10675568,0.03575944,0.070039034,0.024930906
-0.10535362,0.036451858,0.07040153,0.019584825
-0.10417998,0.03657328,0.065582216,0.0174867
-0.103576645,0.036702912,0.06122601,0.019739298
-0.10353858,0.037207693,0.062457457,0.022423286
-0.10308158,0.038312107,0.06905679,0.02065985
-0.11295921,0.022188699,0.010934167,0.044958364
-0.11921879,0.027426708,0.03202478,0.06633619
-0.12840898,0.02391134,0.03815611,0.07011233
-0.12900124,0.026454266,0.05753513,0.062091336
-0.12131064,0.035362523,0.0911525,0.03972327
-0.116605125,0.030712917,0.06987937,0.021108601
-0.11099193,0.03413688,0.058568303,0.021681758
-0.10785611,0.037959177,0.063110836,0.02305961
-0.105976015,0.037928335,0.06348276,0.021526637
-0.103919804,0.038513545,0.06638114,0.019486198
-0.10381787,0.03650547,0.05990992,0.020672694
-0.10389683,0.03667712,0.060909193,0.024392014
-0.10445861,0.03689937,0.06555299,0.024725204
-0.104664095,0.036481634,0.06686527,0.022659065
-0.10399415,0.03704196,0.06837678,0.019975215
-0.10301171,0.03765366,0.06841261,0.017106848
-0.102862604,0.03657303,0.06152732,0.018179372
-0.10300352,0.03689083,0.060905267,0.022213504
-0.10386255,0.036766216,0.063241154,0.024299463
-0.10316222,0.03852718,0.07278219,0.020286307
-0.10413773,0.034910552,0.06035485,0.01956408
-0.103956915,0.03622669,0.061095003,0.024183031
-0.10428433,0.037430216,0.06800326,0.023539132
-0.10342009,0.03801678,0.07193546,0.018056067
-0.10275808,0.036771722,0.06482049,0.015816566
-0.10160818,0.03820698,0.06533906,0.016894855
-0.10171972,0.037839867,0.063692935,0.017971735
-0.1012199,0.038673338,0.06729513,0.017737485
-0.102114044,0.036662925,0.061333355,0.019194378
-0.10237402,0.03727561,0.06375252,0.021937592
-0.10351782,0.0365058,0.06389685,0.022943178
-0.10380786,0.036755174,0.06644499,0.022496253
-0.10344453,0.037428197,0.06942101,0.019582821
-0.10179459,0.03900677,0.073237054,0.013874036
-0.10177636,0.03633108,0.059597388,0.014477399
-0.1008884,0.038574345,0.063363,0.019038828
-0.10334319,0.035519697,0.055912368,0.024407446
-0.105049685,0.035339955,0.059128832,0.030205626
-0.10855204,0.03265068,0.055974837,0.034874193
-0.110908255,0.032274827,0.05903324,0.037918463
-0.116285615,0.02682317,0.04238793,0.0460436
-0.117544755,0.030916868,0.05907053,0.048745763
-0.11643489,0.03349729,0.07428853,0.038437597
-0.11367502,0.032963347,0.07047966,0.027199566
-0.10849684,0.03734118,0.074974895,0.01818191
-0.106434114,0.03545073,0.059156887,0.01628867
-0.104674555,0.0369075,0.05627435,0.02287128
-0.10470866,0.03769754,0.06247541,0.02580101
-0.10507339,0.036735997,0.06489251,0.024779188
-0.10519643,0.035963472,0.06450387,0.023937793
-0.1047033,0.0368037,0.06759305,0.022254184
-0.10485315,0.035837367,0.06351762,0.02165403
-0.10320282,0.03857605,0.071411006,0.018898163
-0.103282355,0.036489744,0.06324047,0.017204845
-0.102462046,0.03746065,0.06309017,0.01968183
-0.10248216,0.03798769,0.06604197,0.019969895
-0.10266113,0.03726022,0.064947136,0.019549355
-0.10278613,0.03699142,0.064048454,0.020406999
-0.10315462,0.036886394,0.06419658,0.021441601
-0.10342996,0.036932595,0.065360904,0.021593217
-0.10311146,0.037578788,0.06831042,0.019733902
-0.1030841,0.036800534,0.06492307,0.018716766
-0.10386161,0.035462398,0.058161955,0.022836965
-0.104158476,0.037030324,0.064840846,0.0253603
-0.10474257,0.03664381,0.067399755,0.023154685
-0.104818396,0.03579447,0.06450269,0.022062827
-0.10472092,0.036129218,0.0639197,0.022799913
-0.10497171,0.03611791,0.06357255,0.023561563
-0.10313296,0.039326735,0.07528678,0.018268254
-0.104151756,0.03447123,0.057195194,0.018161725
-0.10267406,0.03809156,0.065058425,0.022226907
-0.10373349,0.03702187,0.064944044,0.02159567
-0.10321651,0.03738997,0.06706491,0.02030927
-0.10401093,0.03563297,0.060712535,0.021818273
-0.10384182,0.037070006,0.06537734,0.02337291
-0.10432745,0.03661718,0.06594524,0.02217268
-0.10449747,0.035977874,0.06349455,0.022349324
-0.10424302,0.036847867,0.065976344,0.0222988
-0.10364914,0.03761107,0.068943046,0.019548679
-0.10264291,0.037850656,0.06836259,0.016336026
-0.10159079,0.038125098,0.06618988,0.015113037
-0.10070626,0.03876117,0.066058315,0.015013206
-0.1021023,0.035859555,0.055104688,0.020600745
-0.10313281,0.036811188,0.060578197,0.026962461
-0.1047309,0.036540605,0.06685832,0.026518127
-0.105058044,0.03608703,0.06865215,0.023014752
-0.104770735,0.035945687,0.06653043,0.020808304
-0.10452924,0.036072176,0.06364448,0.021226466
-0.10371808,0.03765719,0.06757072,0.020422846
-0.10359471,0.03689723,0.064661235,0.019341884
-0.10250273,0.03817631,0.067694046,0.018298618
-0.10229465,0.037568185,0.06514156,0.017382296
-0.101584464,0.038228557,0.066169746,0.01734165
-0.10129195,0.03831469,0.06647129,0.016665006
-0.1017117,0.03707977,0.061796065,0.018499142
-0.10153591,0.03829855,0.066585794,0.01964965
-0.102693595,0.03651985,0.06256009,0.02052717
-0.10303497,0.036827307,0.06409726,0.022380723
-0.103543006,0.03695205,0.06645146,0.021948028
-0.10341336,0.037119824,0.06768816,0.019976899
-0.10296614,0.037247848,0.06688379,0.01828898
-0.10295584,0.0366947,0.06281196,0.019279066
-0.10276083,0.037519753,0.06485015,0.020641427
-0.10300225,0.037295576,0.065440334,0.020416496
-0.1031865,0.036824696,0.0642758,0.02071064
-0.10309856,0.03727081,0.066011325,0.020654323
-0.103734545,0.03617055,0.062491197,0.021630788
-0.10396455,0.03655641,0.06384381,0.023243219
-0.103789285,0.03748862,0.068723634,0.0213882
-0.10393104,0.036283296,0.0646129,0.019948209
-0.10303452,0.037618317,0.06711395,0.019412328
-0.10337495,0.036545638,0.06274353,0.019912947
-0.10270879,0.037924156,0.06684216,0.020109525
-0.10231848,0.038153935,0.068639375,0.017465776
-0.102493495,0.036545865,0.06170712,0.018274188
-0.102528475,0.037235677,0.06278754,0.021466793
-0.104059726,0.035819862,0.06018902,0.024650313
-0.10411043,0.03729535,0.06825542,0.024277296
-0.10509536,0.035406977,0.06404491,0.022819472
-0.10386114,0.037635844,0.07025351,0.02051365
-0.10378004,0.036556058,0.065369606,0.018222662
-0.10353022,0.036308702,0.060899008,0.020780364
-0.10374257,0.037004184,0.06330518,0.02324465
-0.10412347,0.036905628,0.06562804,0.022898223
-0.10338325,0.037854422,0.07024864,0.0195056
-0.10369187,0.03582243,0.06194868,0.019186728
-0.10248416,0.03830917,0.068002835,0.019502925
-0.10271448,0.037342746,0.065414675,0.018092295
-0.10375104,0.03509407,0.05595395,0.023082681
-0.10469552,0.036207758,0.06134673,0.028161824
-0.105048254,0.037388325,0.07137395,0.024796627
-0.103693485,0.037968516,0.07485647,0.016352521
-0.10376683,0.03463554,0.057734575,0.017095918
-0.10291217,0.03754439,0.06225233,0.022640485
-0.10343942,0.037890524,0.06730694,0.021816501
-0.1031175,0.03739669,0.067569286,0.019074986
-0.10473312,0.033918794,0.053869665,0.024143072
-0.10736881,0.03307428,0.050521396,0.034996334
-0.110350065,0.03331637,0.05906535,0.03957905
-0.11180336,0.033190362,0.06639448,0.036351223
-0.111218244,0.03358925,0.06920112,0.030167881
-0.11134237,0.03176788,0.058396988,0.029614003
-0.11042562,0.034217983,0.061680377,0.03144527
-0.10942954,0.035798352,0.06776299,0.028090145
-0.107958525,0.035736892,0.06682394,0.023554139
-0.10625902,0.036312155,0.06514893,0.021517655
-0.10533418,0.03646116,0.06277065,0.021790026
-0.10497603,0.036519602,0.06208906,0.023312446
-0.104300834,0.037624024,0.06729163,0.022278631
-0.10297888,0.03862569,0.07198109,0.017024197
-0.10221903,0.037196774,0.06457466,0.0147777805
-0.1018266,0.037200157,0.060268804,0.018636733
-0.10073566,0.040179856,0.0719557,0.017298106
-0.10014971,0.039310284,0.07099783,0.011369796
-0.098516844,0.039590634,0.06791316,0.008981127
-0.09770409,0.039818432,0.06489535,0.009906681
-0.09699027,0.040792722,0.06743941,0.010473874
-0.09752786,0.03930717,0.06333312,0.011983281
-0.09784346,0.03939535,0.064700335,0.014755246
-0.09878218,0.038909826,0.06609007,0.015805125
-0.09997104,0.03761763,0.06367615,0.017534975
-0.10081387,0.037647903,0.06514668,0.019382546
-0.101772696,0.03726349,0.065771595,0.019817999
-0.10238691,0.036936395,0.065413974,0.020057125
-0.1028681,0.036768448,0.064849526,0.020621467
-0.10465137,0.03454165,0.056882188,0.02519442
-0.10446239,0.037511118,0.06908636,0.02580759
-0.10509605,0.03618165,0.06803442,0.02155552
-0.104355566,0.036220085,0.06548494,0.020204708
-0.104613446,0.035701685,0.0607938,0.022446178
-0.10367043,0.038201034,0.06936681,0.021566499
-0.10444855,0.03568576,0.061820906,0.02089902
-0.10356918,0.037366863,0.065920666,0.021811496
-0.103678636,0.03716692,0.06641793,0.020367999
-0.10334488,0.036973074,0.06512296,0.019757584
-0.10307395,0.037231382,0.06510726,0.019896904
-0.103063926,0.03715174,0.06468108,0.020169202
-0.10304869,0.037184965,0.064947255,0.020447837
-0.103080325,0.037170693,0.06530825,0.020406438
-0.103509545,0.03644659,0.06295495,0.021465417
-0.10640218,0.03261681,0.049323745,0.030062027
-0.10769791,0.03520691,0.06227162,0.035306808
-0.10960882,0.03403137,0.06614089,0.032319088
-0.10884516,0.034747627,0.06959621,0.027149972
-0.106954284,0.03631439,0.071645655,0.020789
-0.10550383,0.03594252,0.06432134,0.01822709
-0.10545259,0.034982212,0.054858986,0.023794817
-0.10618964,0.035771824,0.05829019,0.02985074
-0.10732586,0.035584524,0.063929684,0.030299058
-0.10756012,0.03522362,0.06669117,0.02747413
-0.10694708,0.035511285,0.06740215,0.024194272
-0.10684288,0.034704737,0.061723318,0.024156692
-0.10507365,0.037884835,0.070470855,0.021926885
-0.10419045,0.037291553,0.06794498,0.017363919
-0.10293676,0.037213553,0.06347839,0.0172991
-0.10308987,0.03668212,0.059391525,0.021213872
-0.104206055,0.03609782,0.05910569,0.026055224
-0.110361494,0.028623143,0.03587526,0.0408613
-0.11181374,0.034296207,0.0645259,0.045773935
-0.115179054,0.030625232,0.06354007,0.040123537
-0.11255876,0.03420351,0.07507469,0.031246616
-0.10999497,0.03488885,0.07238451,0.021213263
-0.10788783,0.034330655,0.05962665,0.02046828
-0.10601944,0.03697838,0.061715893,0.023616794
-0.10535415,0.03748538,0.064875975,0.023104692
-0.10390133,0.038259547,0.06924695,0.019510498
-0.10434793,0.03529507,0.058209535,0.02091212
-0.10407514,0.03684741,0.06229704,0.024943478
-0.10397481,0.038053535,0.070590995,0.02207458
-0.1051457,0.034416545,0.058939807,0.022431087
-0.10535785,0.035505425,0.060371935,0.027158756
-0.10590458,0.036527526,0.06732745,0.026424723
-0.10584958,0.035961617,0.06735888,0.022979466
-0.1058472,0.03499437,0.061733548,0.02331838
-0.10574781,0.035870537,0.06276916,0.025274271
-0.10688489,0.034630217,0.059375767,0.027726144
-0.111241356,0.029363235,0.04110358,0.039372347
-0.11374368,0.032002468,0.055338267,0.046763796
-0.116076276,0.03137556,0.063212276,0.043483894
-0.11676714,0.029776284,0.05983558,0.040020265
-0.11538033,0.032194138,0.06477284,0.036639284
-0.11323616,0.034069553,0.06839918,0.030390283
-0.11206343,0.032671355,0.058517236,0.028822782
-0.11221944,0.03205794,0.050716385,0.035008486
-0.113168985,0.032839987,0.055011507,0.039903812
-0.11310249,0.034029018,0.06519885,0.03727281
-0.11092876,0.035619523,0.07366675,0.028100047
-0.10984492,0.033117138,0.06123254,0.024215546
-0.10868837,0.034364156,0.05779745,0.028082341
-0.10886853,0.035060328,0.060251042,0.030603481
-0.10971954,0.033817973,0.05870403,0.032192692
-0.11046765,0.033370327,0.05919931,0.03398379
-0.11070638,0.033960942,0.06361031,0.033181477
-0.11075337,0.033573728,0.0633529,0.03110518
-0.112095624,0.031114677,0.052841827,0.03463138
-0.11382954,0.031081228,0.0514999,0.04120567
-0.11457921,0.03279512,0.06203734,0.04112759
-0.115885526,0.03038522,0.057153154,0.039584346
-0.11283598,0.03542437,0.073875144,0.032862782
-0.10963918,0.036423266,0.075807504,0.020307006
-0.10641831,0.035780158,0.064084545,0.0155566
-0.10565155,0.03497204,0.051403716,0.0230896
-0.105396636,0.037437502,0.061196446,0.02873417
-0.10591749,0.037008308,0.06751324,0.026154889
-0.105157554,0.036675084,0.06907093,0.021524534
-0.10453119,0.03613772,0.06491777,0.019813862
-0.10434069,0.036129437,0.06157407,0.021872386
-0.10385914,0.03761554,0.0666866,0.022045331
-0.10168591,0.0404954,0.07813606,0.01395764
-0.10010458,0.03866309,0.06871823,0.007017827
-0.09866263,0.038544472,0.059470885,0.010903159
-0.10018916,0.037103802,0.05283674,0.021225777
-0.10128607,0.038825452,0.06634378,0.025227496
-0.1024842,0.03784532,0.07169082,0.020397976
-0.10170433,0.03782442,0.071861885,0.0147459
-0.102123015,0.035708956,0.05954198,0.016593797
-0.101510055,0.03839453,0.06554735,0.019996965
-0.10205563,0.038050555,0.06726854,0.018622007
-0.10203014,0.03730831,0.06501251,0.018140668
-0.1029576,0.035965562,0.059453595,0.021777539
-0.10387727,0.036421392,0.06235764,0.02541476
-0.10493836,0.03617768,0.06543657,0.025394138
-0.104345106,0.037383407,0.07153029,0.021174422
-0.10445049,0.035550777,0.06361788,0.019303594
-0.10370629,0.03683665,0.06384554,0.021101872
-0.10346322,0.037643958,0.06678491,0.020478582
-0.102971345,0.037607886,0.06697226,0.018547293
-0.10359601,0.035671115,0.058876842,0.021244653
-0.103880025,0.036763944,0.06268719,0.02490121
-0.104830116,0.036377348,0.06520305,0.024770087
-0.10498896,0.036160573,0.06618414,0.023327472
-0.10507139,0.035848957,0.0645825,0.022733113
-0.10482126,0.036386695,0.06520998,0.022542516
-0.10439661,0.03693872,0.06661995,0.021233778
-0.104362145,0.036240954,0.06325517,0.021238692
-0.102320164,0.039631814,0.074213296,0.01710246
-0.100526616,0.039769508,0.07360298,0.008818096
-0.099589996,0.03750582,0.05879899,0.0103072915
-0.09895312,0.03931955,0.06107819,0.017004572
-0.10044537,0.038345855,0.06279213,0.0201357
-0.10176691,0.037127692,0.06352382,0.021983398
-0.10279886,0.03677673,0.0657164,0.022487424
-0.10395735,0.03576768,0.063876696,0.023017889
-0.10430566,0.036291286,0.06579465,0.023202218
-0.10425824,0.03678757,0.06776127,0.021320358
-0.105788484,0.033731747,0.055620067,0.02498996
-0.105837375,0.03620819,0.06375856,0.028618228
-0.106587626,0.0359662,0.067376636,0.026027149
-0.10528998,0.037014596,0.07125966,0.020760365
-0.10507184,0.03524967,0.061811823,0.019817661
-0.10448847,0.03643187,0.06158904,0.023112535
-0.10445647,0.03728889,0.06598599,0.023161996
-0.1047772,0.036108177,0.063537404,0.022638012
-0.10429127,0.036901254,0.066085614,0.02227298
-0.10427034,0.03663661,0.0654309,0.021234887
-0.10265703,0.03883957,0.072282135,0.017219935
-0.10277923,0.036310654,0.06165177,0.016363436
-0.10121407,0.039009538,0.067432575,0.017536674
-0.100640945,0.03946214,0.07029006,0.014014165
-0.111219406,0.021379435,0.001965848,0.044173215
-0.11517286,0.031300765,0.045787994,0.06358645
-0.124030955,0.02611712,0.050550934,0.0624839
-0.12645371,0.02471879,0.053159855,0.05752045
-0.12680517,0.02560259,0.053225324,0.053786535
-0.12779467,0.024760911,0.044019457,0.05423513
-0.12534125,0.029703273,0.057069674,0.051265262
-0.12409846,0.02879662,0.05339621,0.047081735
-0.12325031,0.028173545,0.047198717,0.048059773
-0.122903585,0.029082622,0.048547547,0.05007199
-0.12689003,0.023916498,0.029692262,0.058009926
-0.12951773,0.02508749,0.033714574,0.0645621
-0.12687191,0.030911472,0.062397618,0.057230566
-0.1294453,0.02250489,0.036401223,0.05572151
-0.125784,0.029990276,0.05727823,0.053550042
