-0.34733748,-0.3636375,-0.13380325,0.43071958
-0.36069265,-0.33894214,-0.14422324,0.39962792
-0.37307537,-0.35328153,-0.15162717,0.3612551
-0.3631221,-0.3945601,-0.14230461,0.36975056
-0.33862838,-0.38936606,-0.12697375,0.420981
-0.34818068,-0.37402728,-0.13464133,0.44234467
-0.3600493,-0.37668085,-0.1413403,0.4219182
-0.35326907,-0.3635953,-0.13701798,0.40684798
-0.36147112,-0.37411493,-0.14289184,0.40031534
-0.35262156,-0.36639318,-0.13673414,0.3994255
-0.3547751,-0.34218538,-0.13991731,0.3930697
-0.37321478,-0.37531763,-0.15081881,0.37480742
-0.34750843,-0.36516643,-0.13272865,0.38534772
-0.355354,-0.35393614,-0.14010589,0.39783093
-0.36284018,-0.3486909,-0.14444476,0.37994915
-0.36602736,-0.3700507,-0.14528324,0.37141776
-0.3530813,-0.38273615,-0.13582613,0.39187643
-0.35072672,-0.3994535,-0.13411345,0.42494696
-0.34122378,-0.37163082,-0.1289317,0.4415577
-0.35974872,-0.3611686,-0.14220795,0.42189413
-0.36518008,-0.38036087,-0.14403276,0.39610744
-0.34772745,-0.36724275,-0.13316728,0.40273365
-0.35668,-0.35702863,-0.1407703,0.40392843
-0.36367655,-0.36428216,-0.1443667,0.38695365
-0.360683,-0.39836282,-0.14044674,0.3952704
-0.342169,-0.40925625,-0.12795435,0.4374649
-0.33910418,-0.38694113,-0.12771389,0.46708632
-0.350471,-0.33293414,-0.13727918,0.43609774
-0.37918928,-0.3276915,-0.15730397,0.3641737
-0.37543,-0.36064357,-0.15193245,0.33021286
-0.356286,-0.4082461,-0.1371605,0.37346202
-0.32943967,-0.3750668,-0.12195548,0.43696842
-0.35724834,-0.3572024,-0.14163159,0.43411025
-0.368847,-0.37538952,-0.1466215,0.39490125
-0.3521647,-0.38003084,-0.1351652,0.39782956
-0.34817067,-0.35866123,-0.13472421,0.4123034
-0.36180967,-0.34455538,-0.14450465,0.3924335
-0.36382377,-0.31403545,-0.14649951,0.3546507
-0.38186622,-0.34495878,-0.15805078,0.32521054
-0.3608185,-0.3752472,-0.14057983,0.34197208
-0.3458662,-0.38133803,-0.13154504,0.39591622
-0.35083586,-0.38964963,-0.1345933,0.42857894
-0.34842178,-0.37870413,-0.13279763,0.4352928
-0.35648832,-0.37831476,-0.13847248,0.42743513
-0.3555776,-0.379917,-0.13752784,0.41742432
-0.35467684,-0.39330676,-0.1367488,0.4220838
-0.3475898,-0.39906874,-0.13197416,0.4393336
-0.34370732,-0.37498993,-0.13090688,0.44829628
-0.35977837,-0.37083238,-0.14197472,0.42707404
-0.359962,-0.38249102,-0.14079677,0.40762505
-0.3524749,-0.3999033,-0.13540319,0.42137796
-0.34076852,-0.3748327,-0.12924564,0.44118115
-0.3596574,-0.37420076,-0.14228238,0.42927274
-0.35752416,-0.37384892,-0.1396141,0.40796438
-0.35568336,-0.37969536,-0.13870585,0.4075787
-0.35039204,-0.366405,-0.1358779,0.41097614
-0.35672307,-0.34514076,-0.14135386,0.39731494
-0.3714116,-0.37260166,-0.14979653,0.37578252
-0.35029313,-0.37214372,-0.13463904,0.38637492
-0.35204872,-0.36142987,-0.13757545,0.40454608
-0.36225703,-0.37160325,-0.14335145,0.3975034
-0.3572866,-0.39628127,-0.13816248,0.4050124
-0.34083402,-0.37697434,-0.12862402,0.4308594
-0.3519268,-0.33328336,-0.13860264,0.41852036
-0.38177893,-0.36855382,-0.15696424,0.37125716
-0.35138732,-0.37087485,-0.13449702,0.37207237
-0.3482737,-0.34062964,-0.13598533,0.39441395
-0.36735493,-0.31494558,-0.14973275,0.36330038
-0.38270134,-0.35057008,-0.15764742,0.32634372
-0.35873058,-0.38659608,-0.13845731,0.3508115
-0.3485165,-0.44488847,-0.13025406,0.4315912
-0.32129735,-0.42686233,-0.114046,0.5100432
-0.33583385,-0.3626597,-0.12658504,0.5117147
-0.3697672,-0.31398666,-0.15064093,0.41714135
-0.3962455,-0.39425194,-0.16506997,0.3437387
-0.3389025,-0.4292164,-0.12370609,0.3968273
-0.32166275,-0.38436377,-0.11809759,0.4829851
-0.3543567,-0.32622617,-0.14131632,0.45088354
-0.38799953,-0.34814206,-0.16209978,0.36180416
-0.36787698,-0.40884185,-0.14381054,0.35562643
-0.32996225,-0.40552297,-0.12094067,0.4331854
-0.33841577,-0.3605103,-0.1295003,0.46604186
-0.37124103,-0.36418125,-0.15012583,0.41734344
-0.36309734,-0.38584095,-0.14193246,0.38863805
-0.34670994,-0.38786975,-0.1321722,0.41343635
-0.34403494,-0.34485325,-0.13303055,0.4226392
-0.37080687,-0.33414125,-0.15172198,0.3807496
-0.3763345,-0.3821421,-0.1517625,0.35337687
-0.34423098,-0.39399973,-0.12959418,0.39517698
-0.338054,-0.34258017,-0.12934394,0.42876986
-0.37655443,-0.35802868,-0.15449439,0.39155355
-0.36205816,-0.38076034,-0.1409865,0.3725808
-0.350684,-0.41374993,-0.13339132,0.41634017
-0.3337754,-0.3903153,-0.1237838,0.46099776
-0.3517702,-0.36524528,-0.13705862,0.452817
-0.3645375,-0.35880134,-0.1448952,0.4066834
-0.36254776,-0.36591733,-0.14321503,0.38285902
-0.35921904,-0.3970621,-0.14002581,0.39670753
-0.34098575,-0.391981,-0.12828538,0.43240982
-0.3463355,-0.36391008,-0.13372086,0.44280556
-0.36233747,-0.34125897,-0.14490189,0.40389216
-0.36881647,-0.32544747,-0.14961638,0.35579455
-0.36668915,-0.2791492,-0.1504061,0.31527176
-0.38797125,-0.2565632,-0.16721971,0.26552913
-0.40404344,-0.33379006,-0.17291586,0.24095483
-0.36184144,-0.42254192,-0.13645065,0.3130533
-0.3039568,-0.29156733,-0.10806155,0.41384813
-0.39557087,-0.24090147,-0.17431436,0.3396273
-0.41772988,-0.2846205,-0.18157648,0.22333121
-0.38666296,-0.40129098,-0.15157893,0.2536335
-0.32522607,-0.43955338,-0.11255646,0.40358144
-0.31746224,-0.3886882,-0.112942114,0.5106887
-0.35492525,-0.31927264,-0.13909833,0.46333832
-0.39570376,-0.36439332,-0.16422243,0.36220962
-0.35680702,-0.4091028,-0.13426623,0.3666507
-0.3293612,-0.38680172,-0.12091516,0.44187987
-0.34710324,-0.32639152,-0.13566041,0.44019723
-0.38703036,-0.34886318,-0.16112356,0.36717224
-0.36953077,-0.41798022,-0.14354621,0.36080015
-0.32705605,-0.41968355,-0.117791235,0.44506496
-0.33122084,-0.3626934,-0.12446794,0.48545545
-0.36932924,-0.3420341,-0.14983018,0.42361814
-0.37259296,-0.34334642,-0.15040724,0.35804635
-0.3651999,-0.35828006,-0.14552242,0.348725
-0.35687062,-0.3754652,-0.13949053,0.3720543
-0.35554597,-0.42463365,-0.13626532,0.41610426
-0.32583255,-0.38732544,-0.11861424,0.4660921
-0.35077626,-0.3336279,-0.13828813,0.44968787
-0.38437888,-0.35623616,-0.15904592,0.3744745
-0.36248735,-0.39441893,-0.14068659,0.3646849
-0.3383893,-0.3919377,-0.12687577,0.42149386
-0.34624115,-0.37253368,-0.13348097,0.44531572
-0.35281694,-0.3006127,-0.1399441,0.40185758
-0.3699661,-0.09663872,-0.16102174,0.27464142
-0.49988276,-0.22179455,-0.26548254,0.13243793
-0.3990101,-0.32028002,-0.15921414,0.13399239
-0.3409419,-0.29353026,-0.12693864,0.2607703
-0.367154,-0.19900174,-0.14915435,0.27904192
-0.43144843,-0.216148,-0.19113937,0.19389369
-0.41539592,-0.31265777,-0.1665593,0.17364052
-0.36147267,-0.39259216,-0.12763949,0.27128184
-0.32181472,-0.34415925,-0.11056128,0.39453298
-0.36560407,-0.30476663,-0.14235596,0.39121652
-0.39275336,-0.34384367,-0.1573156,0.32301772
-0.3646645,-0.4084847,-0.13549879,0.3439759
-0.32855007,-0.40474388,-0.116316795,0.43676788
-0.33848482,-0.35563377,-0.12666146,0.46838257
-0.36680558,-0.30380148,-0.14721583,0.3997736
-0.39219257,-0.32545614,-0.1637903,0.3176585
-0.3722377,-0.37301478,-0.1466377,0.31304
-0.33979857,-0.35701194,-0.12747471,0.36961424
-0.34499714,-0.24128594,-0.1370715,0.3635792
-0.4173929,-0.23199138,-0.18991877,0.25118658
-0.4178031,-0.35086104,-0.17751525,0.20331186
-0.3429519,-0.4056727,-0.123164676,0.30519235
-0.32163987,-0.36775142,-0.11578887,0.43239278
-0.35634357,-0.31819755,-0.1400372,0.4215164
-0.39010924,-0.36217475,-0.15943992,0.35131857
-0.35509342,-0.39433867,-0.13316208,0.36185682
-0.3389342,-0.39766532,-0.12556215,0.42976573
-0.3431616,-0.37177944,-0.12984347,0.45247102
-0.3613424,-0.36588475,-0.14182638,0.42472622
-0.3620554,-0.37766844,-0.14126003,0.40044677
-0.35289797,-0.38736525,-0.13536993,0.41002747
-0.346366,-0.36932868,-0.13256563,0.42404708
-0.3517901,-0.3045498,-0.13930976,0.39640853
-0.38805184,-0.2952456,-0.16549492,0.3213754
-0.38485286,-0.3180204,-0.15988429,0.27620974
-0.37190247,-0.37738648,-0.14802143,0.30607373
-0.34440818,-0.4220404,-0.12774771,0.39196897
-0.3234501,-0.37525365,-0.11764169,0.46590316
-0.35880834,-0.33707172,-0.14258796,0.43930015
-0.37975752,-0.35535082,-0.15425877,0.36844248
-0.36093745,-0.38296258,-0.1398424,0.3639256
-0.345534,-0.39348945,-0.13078722,0.4112844
-0.34245062,-0.36507145,-0.13043784,0.4364597
-0.36209807,-0.3518387,-0.14398558,0.41080734
-0.37001324,-0.38433027,-0.1469091,0.38421622
-0.3446422,-0.37609276,-0.13039461,0.4029869
-0.35049936,-0.35090494,-0.13693228,0.41438112
-0.3687793,-0.36019593,-0.14821233,0.38770762
-0.3627406,-0.39371026,-0.14151272,0.38498935
-0.34321347,-0.40377045,-0.12879185,0.4267442
-0.34067416,-0.38218603,-0.12888943,0.45548537
-0.35607687,-0.36975214,-0.13934344,0.43693727
-0.36259207,-0.38802016,-0.14221473,0.41273528
-0.34795302,-0.38848943,-0.13257785,0.42206877
-0.34883973,-0.37944865,-0.13452677,0.4350554
-0.3538355,-0.3609294,-0.13836454,0.42131114
-0.36365214,-0.36371523,-0.14477599,0.3960667
-0.362506,-0.39989424,-0.1419188,0.39617386
-0.34261093,-0.41965228,-0.12800913,0.44058135
-0.33941504,-0.43630219,-0.12594052,0.49351683
-0.33627054,-0.43816778,-0.12334973,0.5241791
-0.3349783,-0.4033665,-0.12397221,0.5241083
-0.35138154,-0.35853475,-0.13680954,0.47496405
-0.37161407,-0.35427117,-0.1507673,0.40238973
-0.3664785,-0.3792772,-0.1458745,0.37398198
-0.3482548,-0.38661954,-0.13405982,0.40133622
-0.3469019,-0.37489688,-0.13432555,0.42711526
-0.34868848,-0.29836988,-0.13824901,0.399631
-0.39482677,-0.3091653,-0.17102803,0.32148293
-0.3814703,-0.36662394,-0.1553046,0.29478675
-0.34796858,-0.4090622,-0.131519,0.36870503
-0.3288248,-0.3729229,-0.12195385,0.44445777
-0.3605192,-0.36092615,-0.14318167,0.43461192
-0.36627817,-0.37191767,-0.14442836,0.39423266
-0.352061,-0.36065716,-0.13592276,0.3907551
-0.36097392,-0.37308657,-0.14247411,0.39584184
-0.3520479,-0.36439127,-0.13609985,0.3990935
-0.3571067,-0.35128772,-0.14071822,0.39619088
-0.33720613,-0.09100034,-0.13725519,0.31586853
-0.4986329,-0.10449517,-0.2742654,0.13442254
-0.47161958,-0.27463862,-0.21670057,0.08126462
-0.36116877,-0.32644498,-0.13087568,0.17863064
-0.35708424,-0.38940513,-0.13056192,0.32773
-0.3316573,-0.34469277,-0.117118396,0.40279198
-0.36745846,-0.31614012,-0.14351597,0.38533542
-0.38724592,-0.36970615,-0.15334521,0.33681756
-0.34842846,-0.3928441,-0.12720358,0.37089306
-0.34055,-0.3888373,-0.12568624,0.43482846
-0.35064816,-0.38036337,-0.13290969,0.446306
-0.35522747,-0.3664897,-0.13642071,0.42591757
-0.3611569,-0.36813498,-0.1409504,0.4041957
-0.3586953,-0.38287452,-0.13894396,0.40085825
-0.34762797,-0.37216666,-0.13267657,0.4149338
-0.35771605,-0.37565657,-0.13995086,0.41770676
-0.35517812,-0.36756572,-0.1379116,0.4075709
-0.35969096,-0.37418073,-0.14110519,0.3996478
-0.35279304,-0.36811483,-0.13660975,0.39770615
-0.34084684,-0.23123823,-0.13496366,0.36289346
-0.4255688,-0.24383092,-0.19911282,0.24808756
-0.40961635,-0.35516086,-0.17296727,0.20644927
-0.34142792,-0.40516537,-0.12453832,0.31780273
-0.31152824,-0.2520788,-0.11504485,0.40491173
-0.4143275,-0.192316,-0.190403,0.28481552
-0.4285861,-0.17886686,-0.19341505,0.1565628
-0.4270866,-0.2545156,-0.18490903,0.14216629
-0.38922694,-0.3563662,-0.14855708,0.20489776
-0.32869685,-0.29790753,-0.11498979,0.31198737
-0.39048478,-0.35761163,-0.1553184,0.3400492
-0.3606964,-0.4261854,-0.12927033,0.3670615
-0.31980014,-0.39507693,-0.11023472,0.46115986
-0.33912137,-0.27444676,-0.12966001,0.44845647
-0.4098877,-0.24716102,-0.18066561,0.30338776
-0.41350824,-0.33050695,-0.1752188,0.22439837
-0.360175,-0.41174144,-0.13405904,0.29807383
-0.31839412,-0.38034144,-0.112669,0.42573622
-0.35054874,-0.34388733,-0.13585217,0.44481432
-0.37658498,-0.35945943,-0.15064654,0.38605446
-0.36106816,-0.38614523,-0.1385153,0.3756253
-0.34471476,-0.38828883,-0.12955157,0.41499454
-0.3468794,-0.3676303,-0.13266996,0.43113014
-0.36049992,-0.35888168,-0.14191803,0.40734905
-0.36297572,-0.37047,-0.14266282,0.3852979
-0.35804793,-0.4097996,-0.13781734,0.40289584
-0.34015635,-0.4428018,-0.1249835,0.4624311
-0.32342604,-0.40536773,-0.116939195,0.51491547
-0.35077024,-0.37253574,-0.13618104,0.4915063
-0.35844433,-0.2977025,-0.1432132,0.40591258
-0.39535397,-0.3047894,-0.17088547,0.3122067
-0.36562797,-0.21816483,-0.15135895,0.25509906
-0.39887288,-0.070465304,-0.1857205,0.18047474
-0.44640768,0.25613198,-0.23766944,0.0641021
-0.64344025,0.24797615,-0.40609124,0.012512916
-0.64322895,-0.0071679903,-0.29880038,0.007176126
-0.48691654,-0.11020476,-0.14898239,0.026430989
-0.43841797,-0.14990841,-0.1247384,0.08038967
-0.44203106,-0.29331538,-0.12502596,0.13119805
-0.3593285,-0.32542342,-0.094542116,0.22682919
-0.34845507,-0.26053584,-0.10604,0.31042016
-0.40303063,-0.27546605,-0.144951,0.27604467
-0.3934176,-0.33723688,-0.13872522,0.2554463
-0.35230607,-0.33678272,-0.11985461,0.3117243
-0.3582224,-0.3071175,-0.13059261,0.34616232
-0.37926036,-0.29201478,-0.14685738,0.31505597
-0.3911222,-0.35060826,-0.15273373,0.29276285
-0.3563852,-0.40141517,-0.12876439,0.34595022
-0.33614612,-0.41901478,-0.11922951,0.44152024
-0.3370922,-0.39962083,-0.12236035,0.4840908
-0.34405243,-0.3222558,-0.13056256,0.4441721
-0.3872034,-0.32639456,-0.16108896,0.35390234
-0.3761339,-0.3795383,-0.14889766,0.3179018
-0.33952498,-0.3932121,-0.12576105,0.37990412
-0.33748448,-0.36971727,-0.12730204,0.43381965
-0.35853675,-0.3586667,-0.14102732,0.41888744
-0.361251,-0.34195998,-0.14252481,0.38120073
-0.3597374,-0.2834117,-0.14471868,0.34185717
-0.35241213,0.0916798,-0.15552434,0.21336442
-0.5886836,0.04298388,-0.37554082,0.050118458
-0.540765,-0.18644246,-0.25750992,0.02606537
-0.40147895,-0.2926865,-0.1381424,0.09501249
-0.36331704,-0.37536362,-0.119157985,0.25451952
-0.33967116,-0.41733995,-0.10976995,0.39545164
-0.32798362,-0.37884828,-0.11048758,0.47272304
-0.36093703,-0.36519855,-0.13486324,0.4525338
-0.36761087,-0.38437504,-0.13905752,0.40912613
-0.35093135,-0.39376453,-0.12992103,0.4169911
-0.34569433,-0.38463247,-0.12920824,0.43951195
-0.3494159,-0.344754,-0.13416038,0.42704213
-0.3742458,-0.35918903,-0.15079644,0.38500062
-0.36232406,-0.3922683,-0.14021823,0.37986192
-0.34355694,-0.4047288,-0.1286434,0.42738095
-0.33844224,-0.36401713,-0.12793571,0.45357087
-0.36995414,-0.37340468,-0.14856875,0.42011434
-0.3569788,-0.3719878,-0.13811374,0.39088264
-0.35385704,-0.36787874,-0.13789767,0.39505783
-0.35913557,-0.3874048,-0.1405969,0.39917132
-0.34872824,-0.4100021,-0.13226502,0.4245351
-0.33940756,-0.41441444,-0.12656577,0.46587774
-0.34194112,-0.4069152,-0.12862147,0.4859054
-0.35190088,-0.426369,-0.13377927,0.48601672
-0.33984837,-0.43070644,-0.1253695,0.4984849
-0.3392799,-0.42924386,-0.12593064,0.5167202
-0.3394625,-0.40351364,-0.12702157,0.51048
-0.3509504,-0.37288442,-0.13608241,0.47276002
-0.36191708,-0.35011402,-0.14449844,0.4158199
-0.3713708,-0.37833327,-0.15003328,0.38066688
-0.35102928,-0.39811054,-0.1350283,0.40004703
-0.34097275,-0.38692185,-0.1299447,0.43973452
-0.35013396,-0.35787228,-0.13707761,0.43602115
-0.3678189,-0.36089793,-0.14825247,0.39775342
-0.35841104,-0.34829873,-0.14162114,0.37435475
-0.363613,-0.34810928,-0.1461835,0.36628178
-0.36895663,-0.40113053,-0.14666033,0.37516934
-0.3355141,-0.39248335,-0.12438357,0.4233303
-0.34185785,-0.333863,-0.13248713,0.4380487
-0.38081318,-0.33799183,-0.1582618,0.37585777
-0.36682457,-0.33421814,-0.1465075,0.33470905
-0.37024373,-0.3788182,-0.14834696,0.3494122
-0.35125682,-0.43494597,-0.1320638,0.40977257
-0.30948523,-0.2937969,-0.112360656,0.4555751
-0.3789523,-0.043482337,-0.1721652,0.30111283
-0.5298565,-0.1425689,-0.29819685,0.098597184
-0.44495857,-0.32578945,-0.18831588,0.086935066
-0.33584106,-0.35239795,-0.116357476,0.23835908
-0.344849,-0.35054898,-0.12699735,0.37246117
-0.36052495,-0.32975286,-0.13676238,0.37796322
-0.36979765,-0.300033,-0.1444979,0.3374728
-0.38321385,-0.30288044,-0.1543104,0.2962564
-0.38111117,-0.3588609,-0.14986317,0.29578042
-0.3502981,-0.38966087,-0.12884538,0.35873306
-0.34177306,-0.39441088,-0.12547272,0.4289543
-0.34730595,-0.3872012,-0.12992878,0.4520866
-0.34817058,-0.33484414,-0.13295774,0.42736906
-0.37897944,-0.34764665,-0.15438111,0.37374946
-0.36602834,-0.38222164,-0.14257976,0.35961968
-0.3491561,-0.42066935,-0.13112071,0.4156062
-0.33243677,-0.4056342,-0.12180686,0.47317433
-0.34549245,-0.37589186,-0.13191175,0.47289234
-0.36150664,-0.36440936,-0.1423977,0.42520648
-0.35722998,-0.3328456,-0.14089066,0.38252255
-0.3721585,-0.3370118,-0.1522341,0.35027748
-0.36841553,-0.3688028,-0.14719754,0.3448532
-0.35568967,-0.4231617,-0.13607787,0.39482602
-0.32309392,-0.3731913,-0.117747396,0.45551005
-0.35758454,-0.32480595,-0.14349246,0.43141708
-0.3909397,-0.3875053,-0.16165802,0.36383384
-0.3482661,-0.45045412,-0.12821925,0.40558878
-0.3119727,-0.4034254,-0.11061928,0.50460845
-0.34604943,-0.3256545,-0.1360049,0.4839313
-0.38823697,-0.30274302,-0.16453025,0.36176205
-0.38932544,-0.35193732,-0.16183975,0.29697594
-0.3531029,-0.38098928,-0.13597223,0.33951506
-0.34377405,-0.39090964,-0.1309837,0.4113921
-0.34426296,-0.3643391,-0.13182177,0.4355075
-0.36621246,-0.3808042,-0.14531574,0.41668287
-0.35167858,-0.3757621,-0.13464369,0.40814638
-0.35173178,-0.35235643,-0.1370987,0.40747467
-0.3681145,-0.36989006,-0.147395,0.3883069
-0.3559151,-0.39088738,-0.13721511,0.39430425
-0.3412676,-0.36279008,-0.12976879,0.4206571
-0.36087885,-0.3425765,-0.1442753,0.4032608
-0.37297532,-0.36911786,-0.15010174,0.36962608
-0.35545087,-0.4054543,-0.13612823,0.39098594
-0.33325982,-0.37556395,-0.12418274,0.44024
-0.35824442,-0.36341462,-0.1417966,0.43450886
-0.365623,-0.37829313,-0.14433014,0.4012576
-0.35466418,-0.4040785,-0.1359354,0.41108462
-0.33599725,-0.36855066,-0.12618697,0.4389862
-0.36027744,-0.34920382,-0.14397524,0.41917962
-0.37480253,-0.3986856,-0.15004036,0.3880697
-0.34486127,-0.44527817,-0.12740168,0.43499345
-0.32051656,-0.4167523,-0.11514072,0.51164347
-0.3383822,-0.3262865,-0.13043043,0.49116153
-0.39327824,-0.33887792,-0.16739674,0.38046032
-0.37280867,-0.38716233,-0.14794046,0.3384748
-0.32963842,-0.31022608,-0.12492262,0.37697655
-0.37940547,-0.25781792,-0.16363642,0.33225113
-0.40945917,-0.30547008,-0.17967276,0.250178
-0.37322134,-0.3675786,-0.14777921,0.27023336
-0.32520533,-0.2403533,-0.12322583,0.3292573
-0.40981877,-0.1821057,-0.18776476,0.2518222
-0.44578803,-0.30041763,-0.20080602,0.1677772
-0.36473697,-0.38003427,-0.13389926,0.2330677
-0.3341389,-0.4171825,-0.118076004,0.39250386
-0.3290901,-0.38769847,-0.11761882,0.47604093
-0.34877223,-0.30789554,-0.13377401,0.4427813
-0.39152884,-0.2910492,-0.16424967,0.3353965
-0.39076945,-0.33515528,-0.1601444,0.27938357
-0.36230406,-0.38743767,-0.13866758,0.32377023
-0.3383928,-0.39926666,-0.12432845,0.4111475
-0.34184754,-0.3866525,-0.12792344,0.45691672
-0.3563561,-0.39105695,-0.13673733,0.44945192
-0.35048583,-0.38082716,-0.133054,0.43496808
-0.35489413,-0.38197282,-0.13709281,0.42798266
-0.35339817,-0.38428015,-0.13608786,0.4243243
-0.35310137,-0.39137754,-0.13594063,0.42873353
-0.3460698,-0.36416137,-0.132617,0.42761284
-0.3620566,-0.35642245,-0.14430133,0.40338507
-0.36038262,-0.3382398,-0.14317922,0.3716234
-0.36864242,-0.3494583,-0.14902014,0.35472083
-0.36297956,-0.38096076,-0.14299749,0.365047
-0.34736574,-0.39604393,-0.13202259,0.4083301
-0.34401372,-0.3899437,-0.13051179,0.4434873
-0.34870943,-0.36045596,-0.13459735,0.4371027
-0.35868943,-0.29891333,-0.1439029,0.38480547
-0.3924979,-0.3187459,-0.16737199,0.31328124
-0.37079442,-0.34199563,-0.1486448,0.29841822
-0.35675466,-0.35132977,-0.14001688,0.33919182
-0.35733482,-0.3527126,-0.14023875,0.36758026
-0.35337254,-0.294944,-0.13940413,0.35792536
-0.38772595,-0.285295,-0.16425683,0.30348623
-0.39429915,-0.36528188,-0.16229562,0.27823997
-0.32590216,-0.23851936,-0.12146212,0.31133524
-0.4061349,-0.16248344,-0.18523942,0.24472259
-0.45738053,-0.29294115,-0.20976718,0.15658897
-0.36768612,-0.3839621,-0.13356072,0.21834743
-0.3202222,-0.3439201,-0.11197656,0.3700001
-0.36357224,-0.31890407,-0.1421972,0.39062804
-0.3813319,-0.33062813,-0.15120494,0.33496913
-0.37639,-0.4158221,-0.14410575,0.34567767
-0.32416692,-0.40637165,-0.11325291,0.43378466
-0.33708662,-0.35233998,-0.12654305,0.471424
-0.37795556,-0.37429518,-0.1518657,0.41545302
-0.35178238,-0.35846844,-0.13351628,0.3858409
-0.35710263,-0.33835283,-0.14087768,0.38439253
-0.36984852,-0.33932766,-0.14912236,0.35764867
-0.36446857,-0.3382702,-0.14488536,0.3432435
-0.36556613,-0.3561192,-0.14531174,0.34935468
-0.35113782,-0.31696263,-0.13700227,0.3557665
-0.3757074,-0.29859725,-0.15548497,0.32516566
-0.38435537,-0.3299952,-0.15815884,0.29120854
-0.36686507,-0.39022335,-0.14242846,0.32364103
-0.32983828,-0.349023,-0.12124435,0.39243704
-0.35865635,-0.28121704,-0.14453465,0.37871084
-0.39979756,-0.2921901,-0.17130877,0.29025832
-0.3897364,-0.38789666,-0.15654463,0.27824506
-0.3288586,-0.38594508,-0.117769144,0.37419426
-0.33146974,-0.26131845,-0.12728238,0.41056684
-0.41165847,-0.22883357,-0.18504104,0.2870309
-0.38599002,-0.00034751714,-0.17000617,0.15659168
-0.5132199,0.07114479,-0.28284198,0.060868286
-0.5495354,-0.036125638,-0.27144673,0.028201213
-0.4873565,-0.19053173,-0.18538207,0.045483865
-0.42013782,-0.40107378,-0.1301208,0.13882913
-0.31030756,-0.44277996,-0.08365132,0.36700758
-0.3066508,-0.33797157,-0.09755706,0.51068234
-0.38323283,-0.28259254,-0.15019062,0.41334802
-0.40658492,-0.32969832,-0.16336009,0.28979293
-0.36038628,-0.345179,-0.13335864,0.29855707
-0.3551979,-0.34232515,-0.13427213,0.3507242
-0.36643854,-0.36791053,-0.14093493,0.3667991
-0.35484394,-0.3968162,-0.13221708,0.39440647
-0.3401603,-0.38768032,-0.12503195,0.43771064
-0.3519604,-0.37992144,-0.13419768,0.44658676
-0.3603381,-0.4033773,-0.13834015,0.43508017
-0.34286273,-0.39023492,-0.12785687,0.44357598
-0.35063955,-0.36809325,-0.13539568,0.43806845
-0.36747655,-0.40028867,-0.14486642,0.4134364
-0.3428171,-0.40670884,-0.12772809,0.42811164
-0.33822566,-0.38587093,-0.12752809,0.45770913
-0.35142705,-0.35451642,-0.13743436,0.43812373
-0.37717968,-0.4207457,-0.15125862,0.41156542
-0.33136913,-0.42262137,-0.11984287,0.4518694
-0.31074667,-0.16992961,-0.11896594,0.4362201
-0.46757957,-0.1288314,-0.24615009,0.21118516
-0.4754144,-0.32613894,-0.2262952,0.11056973
-0.34073445,-0.3867967,-0.12116826,0.22359225
-0.3285159,-0.40401843,-0.119578436,0.41371945
-0.33795434,-0.36891758,-0.12548456,0.4642472
-0.35682684,-0.2897778,-0.1404253,0.40720597
-0.4007867,-0.3092662,-0.1709049,0.309598
-0.3792068,-0.36408854,-0.1504795,0.2891798
-0.34341112,-0.36449572,-0.128534,0.35583323
-0.35217083,-0.3514708,-0.13631922,0.39560938
-0.36305633,-0.33685553,-0.14315331,0.37751418
-0.365633,-0.30383945,-0.14614989,0.3420017
-0.38330814,-0.31878638,-0.15819746,0.3070121
-0.36944714,-0.3352613,-0.14649558,0.30556846
-0.36382824,-0.3650009,-0.14211148,0.34113854
-0.33899578,-0.25675222,-0.1302127,0.350792
-0.37968025,0.026544532,-0.17208657,0.21934827
-0.5657259,-0.14658506,-0.32484105,0.07047647
-0.44221553,-0.37801293,-0.16915423,0.08007674
-0.3058315,-0.37112468,-0.094524145,0.2899832
-0.3422841,-0.3623677,-0.1232282,0.4322978
-0.36122957,-0.32878464,-0.13522789,0.40293127
-0.35646966,-0.1417915,-0.14110585,0.30472365
-0.46777055,-0.16261041,-0.22751467,0.15937033
-0.43847173,-0.2794338,-0.1830184,0.11890957
-0.3739741,-0.39021575,-0.13299073,0.22172563
-0.32827002,-0.43535125,-0.10875119,0.39949286
-0.31660664,-0.36371958,-0.109078184,0.49681327
-0.37038833,-0.33212852,-0.14586423,0.43952018
-0.38380182,-0.36841995,-0.15193711,0.35943463
-0.34916383,-0.36618012,-0.13046739,0.3694482
-0.35295147,-0.3524575,-0.13647914,0.3958479
-0.3635878,-0.3343239,-0.1439176,0.37384498
-0.37061852,-0.33760083,-0.14838435,0.34275943
-0.36243132,-0.33280995,-0.14305602,0.3343545
-0.36511087,-0.3341999,-0.1454453,0.33677354
-0.36585528,-0.3506449,-0.1447716,0.3426975
-0.36177817,-0.38830653,-0.14007051,0.3702581
-0.34296775,-0.38573548,-0.1280758,0.41437772
-0.34919423,-0.3689862,-0.13380113,0.42996964
-0.3584177,-0.35093534,-0.14030875,0.4031647
-0.36972558,-0.38987112,-0.14621611,0.38438618
-0.3420692,-0.38990405,-0.12771381,0.41172853
-0.34555045,-0.37339067,-0.1324341,0.43893272
-0.35754997,-0.35627297,-0.14050984,0.41826984
-0.36247864,-0.33696544,-0.14434206,0.380954
-0.36888257,-0.33041325,-0.1493805,0.34934643
-0.3665251,-0.3152746,-0.14823402,0.3280125
-0.37025666,-0.28856316,-0.15217818,0.30644858
-0.3886214,-0.32410717,-0.16289896,0.28437546
-0.36633104,-0.36091805,-0.14346433,0.3066648
-0.3497011,-0.378493,-0.13264748,0.36932153
-0.3448852,-0.3564125,-0.13087773,0.4066562
-0.3544523,-0.27669376,-0.1406112,0.37448472
-0.39512038,-0.23003316,-0.17164107,0.27689436
-0.41198593,-0.24954987,-0.18058522,0.20244673
-0.38919073,-0.26031885,-0.16047382,0.1988688
-0.38339823,-0.26190844,-0.15567166,0.22200547
-0.3855955,-0.26065817,-0.15531437,0.23037629
-0.3839831,-0.23045683,-0.15373446,0.22379963
-0.40032122,-0.20959547,-0.16453458,0.19935955
-0.4132858,-0.24084681,-0.16853163,0.17831811
-0.39574885,-0.2967902,-0.15073043,0.19878882
-0.3700764,-0.3470606,-0.13301383,0.26672432
-0.34745467,-0.33586678,-0.122847885,0.3390309
-0.36336944,-0.3236699,-0.13639115,0.35568056
-0.3741337,-0.3414158,-0.14334092,0.33744952
-0.36282998,-0.36635768,-0.13601948,0.3496846
-0.3531524,-0.39233112,-0.13078277,0.3939856
-0.3398177,-0.35961214,-0.12524973,0.42627427
-0.3573888,-0.29262084,-0.1409415,0.39102617
-0.39564523,-0.3068609,-0.16700324,0.30770653
-0.38496676,-0.4044816,-0.15243232,0.30045694
-0.33085766,-0.45979357,-0.11608793,0.42065904
-0.3054335,-0.37942663,-0.10704104,0.52528685
-0.36700353,-0.3551135,-0.14767537,0.4758123
-0.378391,-0.4010411,-0.14988202,0.39652133
-0.3432073,-0.43751976,-0.12599589,0.43101218
-0.32364663,-0.40999702,-0.117283225,0.4992304
-0.34582534,-0.37578946,-0.13309866,0.49151114
-0.3641729,-0.36530146,-0.14450917,0.4303221
-0.36462644,-0.38933608,-0.14365706,0.39936304
-0.34934425,-0.4167037,-0.13273631,0.4261934
-0.33365887,-0.39444003,-0.12433068,0.46716905
-0.34819955,-0.3501085,-0.13605407,0.453754
-0.37483257,-0.3592043,-0.1530664,0.39449865
-0.3648664,-0.39751264,-0.14326084,0.37986544
-0.33681822,-0.37457037,-0.1267715,0.41766354
-0.3548375,-0.35746163,-0.14061747,0.42225412
-0.3682313,-0.38275036,-0.14693032,0.39654577
-0.3482815,-0.38233486,-0.13300794,0.40637645
-0.3507575,-0.37906063,-0.136041,0.42527536
-0.35162103,-0.35257414,-0.13719508,0.41511023
-0.36541167,-0.34030727,-0.14723681,0.3827888
-0.3714506,-0.3676554,-0.14950168,0.36027926
-0.35658512,-0.41204694,-0.13699803,0.39131495
-0.33207113,-0.39639515,-0.122526236,0.45122263
-0.34791595,-0.37459078,-0.13438863,0.46203858
-0.3629346,-0.38218045,-0.1427886,0.42870337
-0.35519737,-0.40003988,-0.13644493,0.4224799
-0.34196585,-0.38372153,-0.12937982,0.44199395
-0.35042346,-0.34399173,-0.13731389,0.42890528
-0.3714911,-0.3297202,-0.15203267,0.3744537
-0.37828082,-0.37882194,-0.15362109,0.3456256
-0.34450912,-0.39006957,-0.13007839,0.3862717
-0.34031415,-0.3549292,-0.13052407,0.42612362
-0.36649248,-0.34445783,-0.14803497,0.39803383
-0.37302953,-0.38564068,-0.14896059,0.37059423
-0.34407553,-0.3921793,-0.12937628,0.40360048
-0.34209022,-0.35922357,-0.13107279,0.43286628
-0.36421263,-0.34106296,-0.1462874,0.40043235
-0.3741321,-0.37529498,-0.15038921,0.36648864
-0.34699333,-0.3705273,-0.13218442,0.3851425
-0.35386333,-0.3687584,-0.13840297,0.4080232
-0.36093685,-0.39647335,-0.14081755,0.41184738
-0.34174505,-0.38108385,-0.12850857,0.43043214
-0.3495291,-0.33612156,-0.13676243,0.42321342
-0.37866592,-0.35180026,-0.15565374,0.37258753
-0.35984117,-0.3494966,-0.14123991,0.35236755
-0.3553192,-0.31402084,-0.14143169,0.35444668
-0.3774333,-0.30681148,-0.15709871,0.32294267
-0.38075975,-0.3409888,-0.15592165,0.3011659
-0.35922256,-0.3681869,-0.1393549,0.33393455
-0.35255468,-0.40717152,-0.1339882,0.39700896
-0.33173633,-0.36469507,-0.122384734,0.44189015
-0.3642244,-0.35565582,-0.1450821,0.42275727
-0.36990607,-0.39087334,-0.14536333,0.3898718
-0.34472916,-0.40429622,-0.12865871,0.41936913
-0.33471325,-0.34458378,-0.1263857,0.44420773
-0.37515622,-0.34032324,-0.1542274,0.39477497
-0.36750045,-0.33080673,-0.14703065,0.34381896
-0.36964932,-0.34922707,-0.14910556,0.33852836
-0.35652873,-0.34145316,-0.1400296,0.35070407
-0.36070982,-0.31817716,-0.14439851,0.3507052
-0.37623516,-0.3250927,-0.15419088,0.32664257
-0.37426814,-0.37719277,-0.14899813,0.32894182
-0.34646258,-0.41285968,-0.12889057,0.39227262
-0.329545,-0.37713847,-0.12111538,0.45487127
-0.3565407,-0.3440537,-0.14046183,0.43563688
-0.37429553,-0.3525811,-0.15079881,0.37618428
-0.36413813,-0.38492146,-0.14217849,0.36857116
-0.34251064,-0.37485576,-0.12937322,0.40563923
-0.35339662,-0.36681435,-0.13785432,0.4201194
-0.3646497,-0.40328187,-0.14264536,0.41491997
-0.34492576,-0.43695053,-0.127639,0.45206574
-0.32578713,-0.40182403,-0.11837788,0.50144947
-0.3465463,-0.3331492,-0.13513996,0.47084835
-0.38303667,-0.31799886,-0.1604006,0.37080246
-0.3797539,-0.3418325,-0.15587242,0.31398413
-0.36333883,-0.38759217,-0.1431368,0.3421
-0.31621194,-0.17323649,-0.12121218,0.35154903
-0.44452178,-0.060993697,-0.22753246,0.1897779
-0.50204796,-0.18725269,-0.2568872,0.07981332
-0.41206458,-0.30384523,-0.16354157,0.11240841
-0.35631466,-0.36366147,-0.1270516,0.25131017
-0.34146056,-0.376637,-0.12043041,0.37495482
-0.34140974,-0.30041018,-0.12524813,0.40066025
-0.39010122,-0.27742055,-0.1600103,0.32430607
-0.40032837,-0.34888974,-0.1616592,0.26970744
-0.3556303,-0.42096177,-0.12883037,0.33723468
-0.32156524,-0.41124982,-0.112145744,0.46007887
-0.3385586,-0.35839227,-0.12637745,0.48659375
-0.36859503,-0.31010863,-0.1476677,0.40708968
-0.3894627,-0.33091304,-0.16121896,0.3239607
-0.36854768,-0.37309298,-0.14439389,0.32378623
-0.34452924,-0.38172275,-0.12972736,0.38535878
-0.3463669,-0.35842994,-0.13280483,0.41884172
-0.36374667,-0.34447208,-0.14447233,0.39250022
-0.3673346,-0.34282494,-0.14632659,0.3571364
-0.35942528,-0.3129812,-0.14264023,0.3382339
-0.37809813,-0.33471295,-0.15534972,0.32126254
-0.3660252,-0.37595093,-0.14337158,0.33466348
-0.34660777,-0.40106577,-0.13008177,0.3965908
-0.33923995,-0.39028078,-0.12650436,0.447123
-0.34856007,-0.3582314,-0.13395366,0.44229662
-0.3687393,-0.3700922,-0.14671332,0.40376616
-0.35891482,-0.40196046,-0.13799578,0.4009172
-0.33617696,-0.37353176,-0.12559205,0.43447924
-0.35648155,-0.34625685,-0.14123373,0.42362925
-0.37510908,-0.37819013,-0.151164,0.38324386
-0.3529288,-0.4151383,-0.13375984,0.40243965
-0.3268576,-0.3578771,-0.12108003,0.4481877
-0.364149,-0.3100871,-0.14886683,0.4079858
-0.39397344,-0.3650511,-0.1652452,0.33506525
-0.3537705,-0.41344735,-0.13376193,0.36367205
-0.3278848,-0.39500362,-0.12055572,0.44921196
-0.34726265,-0.3613944,-0.13471335,0.4585992
-0.36955878,-0.37148172,-0.14776146,0.41046166
-0.35901242,-0.40045384,-0.1385785,0.40114933
-0.34042943,-0.399468,-0.12761508,0.43959296
-0.34401783,-0.3736899,-0.13176514,0.45483848
-0.36183068,-0.37343332,-0.14313824,0.42725652
-0.3574022,-0.3748807,-0.13932756,0.40614936
-0.35654464,-0.3934867,-0.13865593,0.41369352
-0.34505102,-0.38554788,-0.13134457,0.4318127
-0.35801706,-0.426902,-0.13845417,0.450874
-0.33710897,-0.45001462,-0.12276566,0.4931497
-0.32820854,-0.4383647,-0.11875429,0.5413047
-0.33441207,-0.37504292,-0.12516722,0.5259284
-0.36854377,-0.35178763,-0.14896533,0.44367775
-0.37406176,-0.38156253,-0.15051743,0.38205162
-0.34541154,-0.36960337,-0.13245884,0.39313203
-0.3412948,-0.23870328,-0.1368733,0.3747828
-0.42551175,-0.26100165,-0.19955002,0.2597528
-0.39783633,-0.33192888,-0.16710705,0.2158748
-0.3500407,-0.34228793,-0.13491489,0.29170793
-0.34274384,-0.22146088,-0.13643068,0.32385555
-0.42698437,-0.23791926,-0.19660707,0.23432602
-0.41198042,-0.35178986,-0.17023793,0.2007162
-0.34450325,-0.4175581,-0.12244963,0.31712574
-0.32030657,-0.39736608,-0.11258308,0.45665082
-0.3456354,-0.35083172,-0.13081917,0.4690408
-0.37285313,-0.33264357,-0.1487735,0.39569482
-0.37899068,-0.38022152,-0.15066335,0.3544372
-0.3437957,-0.38196284,-0.12794589,0.38958463
-0.34627038,-0.3570237,-0.13286166,0.42171386
-0.3617288,-0.32451752,-0.1440839,0.3904334
-0.37922633,-0.33910093,-0.15509725,0.34284693
-0.36592293,-0.36341068,-0.14406282,0.33913264
-0.35499588,-0.3989658,-0.13602993,0.38324967
-0.33751065,-0.38974515,-0.12545602,0.43496168
-0.3494741,-0.37615597,-0.13440542,0.44687036
-0.35659876,-0.3536299,-0.13930105,0.41635683
-0.35830322,-0.28500488,-0.14370303,0.3628247
-0.39847738,-0.31832713,-0.17188625,0.2964119
-0.37796152,-0.41752207,-0.14896417,0.3089638
-0.31840575,-0.41077566,-0.11253112,0.4266957
-0.33606434,-0.3717057,-0.12731951,0.48488203
-0.36408764,-0.34560376,-0.1448529,0.4301014
-0.37435722,-0.36777896,-0.15009096,0.37467363
-0.3543907,-0.38373047,-0.13619506,0.38287887
-0.3480758,-0.39404482,-0.13293825,0.4216674
-0.3411104,-0.34422678,-0.13042492,0.4302498
-0.339075,-0.012767112,-0.14227596,0.31020007
-0.54014707,-0.011884943,-0.32438457,0.0902123
-0.5191766,-0.2331784,-0.25494796,0.0434968
-0.37369326,-0.27990896,-0.13370956,0.12160861
-0.36686078,-0.29844716,-0.13509274,0.24847879
-0.37294444,-0.30421108,-0.13816276,0.2865304
-0.3755332,-0.31445456,-0.14030118,0.2939326
-0.36400977,-0.26952326,-0.13649082,0.29124808
-0.39292568,-0.274207,-0.15747915,0.2629799
-0.38911927,-0.31256577,-0.1513554,0.24997686
-0.36563483,-0.33054104,-0.13606718,0.28748098
-0.34520406,-0.19234078,-0.13086377,0.29660204
-0.4344762,-0.1736662,-0.19647731,0.19925094
-0.44169196,-0.29785508,-0.18498935,0.14704694
-0.3652489,-0.39119834,-0.12709324,0.23831597
-0.32436138,-0.38687882,-0.10944036,0.3986004
-0.34204736,-0.31733665,-0.12609364,0.43466923
-0.38948315,-0.32233676,-0.1576173,0.35292298
-0.37701726,-0.37452856,-0.1454615,0.31754234
-0.34077162,-0.37671515,-0.124400556,0.3737124
-0.34440732,-0.34658396,-0.13045718,0.41092673
-0.36748135,-0.34070456,-0.1457721,0.3830998
-0.36995155,-0.36600986,-0.14547217,0.3585259
-0.35342786,-0.38464537,-0.1342682,0.3825058
-0.34614962,-0.3864279,-0.13065258,0.42030805
-0.34808308,-0.3723811,-0.13285233,0.43223807
-0.3559657,-0.34999916,-0.13908213,0.41164032
-0.36915094,-0.36271423,-0.14746335,0.3806383
-0.358135,-0.3765246,-0.13894098,0.3781582
-0.35174054,-0.39757133,-0.13467415,0.40791577
-0.34106377,-0.3857919,-0.12840016,0.43806452
-0.34831607,-0.34766853,-0.135214,0.4314488
-0.37575042,-0.38158706,-0.15199424,0.39453447
-0.34824726,-0.3837146,-0.13197458,0.39779437
-0.34534568,-0.3541764,-0.13344607,0.4180719
-0.3648089,-0.3380601,-0.14705051,0.38899726
-0.37251252,-0.35877335,-0.15032955,0.35628796
-0.35863703,-0.3902145,-0.13918258,0.37317508
-0.33948278,-0.36982915,-0.12825707,0.41484955
-0.35672307,-0.35393324,-0.14094052,0.41450176
-0.36796474,-0.3732917,-0.14635794,0.38810474
-0.35399973,-0.39132977,-0.13581507,0.39865217
-0.34283593,-0.3728273,-0.13029753,0.42634952
-0.35538188,-0.34636843,-0.14010544,0.4146161
-0.3725045,-0.36890194,-0.15003856,0.3802741
-0.35128418,-0.3588493,-0.13543816,0.3791226
-0.35845923,-0.35546684,-0.14195527,0.38752624
-0.35490504,-0.30077973,-0.14108036,0.36391473
-0.38393682,-0.27915385,-0.16309126,0.30652055
-0.38690615,-0.2669484,-0.16367723,0.25385386
-0.37985775,-0.19850221,-0.16099328,0.2224714
-0.42387912,-0.22624739,-0.19153659,0.18060495
-0.4081939,-0.32321477,-0.16720968,0.1842139
-0.35246897,-0.36096045,-0.12765439,0.2782799
-0.3503461,-0.40640655,-0.12746407,0.38864946
-0.3333854,-0.38214165,-0.118721776,0.44822896
-0.35024816,-0.326709,-0.13356565,0.43384343
-0.38422102,-0.34068674,-0.15608679,0.3635478
-0.36783776,-0.37254828,-0.14243753,0.34373322
-0.34695783,-0.37760156,-0.1305142,0.3881055
-0.34538364,-0.33366346,-0.13252679,0.4068757
-0.37486413,-0.32852843,-0.15278944,0.3661542
-0.37467125,-0.3583956,-0.14968972,0.3360979
-0.35455438,-0.37953,-0.13573325,0.36632705
-0.3457746,-0.37262267,-0.13141713,0.40810478
-0.3540693,-0.35737747,-0.13768555,0.4115841
-0.36455238,-0.36106598,-0.14407484,0.3883538
-0.35823372,-0.36139888,-0.13958539,0.37796757
-0.35386208,-0.33692342,-0.13850638,0.37533543
-0.36757252,-0.32670492,-0.14864126,0.35266718
-0.37472787,-0.3650944,-0.15089211,0.3386851
-0.34890914,-0.36814263,-0.13292728,0.36922187
-0.35069597,-0.34879372,-0.13632002,0.39575934
-0.36413217,-0.33188245,-0.14549124,0.37389657
-0.37507835,-0.36591548,-0.15077204,0.35127357
-0.35159704,-0.37811837,-0.13392834,0.37460628
-0.34890053,-0.381743,-0.13343984,0.41361693
-0.34992203,-0.36522216,-0.1345299,0.42121542
-0.3602808,-0.3593215,-0.14171386,0.40312475
-0.36329198,-0.37735823,-0.14260632,0.3897345
-0.33230776,-0.21809042,-0.12882476,0.36188725
-0.4318881,-0.21421862,-0.20621873,0.24009117
-0.42699763,-0.3472863,-0.18521677,0.18110885
-0.33995226,-0.39140263,-0.12241058,0.2901442
-0.33712122,-0.42894927,-0.12318903,0.43860126
-0.32748887,-0.38864076,-0.11793479,0.49301848
-0.3570038,-0.36390513,-0.13846652,0.46311778
-0.36722672,-0.3662007,-0.14429408,0.405194
-0.3588569,-0.37541768,-0.13901977,0.39078316
-0.35074162,-0.36707345,-0.13511394,0.40232083
-0.3539298,-0.33482137,-0.13914013,0.39411238
-0.3735745,-0.33957443,-0.15231517,0.3588424
-0.35644984,-0.2690803,-0.14255229,0.32321802
-0.3987364,-0.27642828,-0.17435953,0.2709984
-0.38935444,-0.32154983,-0.16104361,0.24742225
-0.36720818,-0.39275762,-0.14218447,0.30872342
-0.3327029,-0.3914724,-0.12077444,0.40514925
-0.3428192,-0.35347143,-0.13010351,0.44047812
-0.37091756,-0.35871926,-0.14770351,0.3987859
-0.36092186,-0.3677386,-0.13961434,0.37497628
-0.35468614,-0.38319904,-0.1363038,0.39492047
-0.3459153,-0.366133,-0.13170023,0.41545403
-0.35830748,-0.35017025,-0.14110507,0.40565765
-0.3622505,-0.31560868,-0.14467902,0.36662304
-0.38100436,-0.33531445,-0.15728906,0.3288819
-0.36719555,-0.37378392,-0.14458044,0.33462512
-0.34749767,-0.39823797,-0.13121726,0.3933259
-0.33422935,-0.33920988,-0.12585802,0.42929143
-0.37536046,-0.32704192,-0.15453626,0.38348663
-0.36632973,-0.2542661,-0.14896786,0.30892873
-0.39258868,-0.16309841,-0.17407043,0.22647391
-0.4428261,-0.19437258,-0.2092027,0.14768893
-0.41793337,-0.2843401,-0.17588733,0.14537476
-0.37317666,-0.37436545,-0.1389806,0.23740353
-0.32622924,-0.32901078,-0.11432682,0.35485712
-0.3663784,-0.27761987,-0.14445491,0.35772204
-0.40301144,-0.3258331,-0.16526173,0.28806224
-0.37050185,-0.40737668,-0.13785353,0.312922
-0.32325673,-0.38979825,-0.112832405,0.4204893
-0.34119022,-0.31239226,-0.12975489,0.4419449
-0.39352545,-0.32468334,-0.16413793,0.35292897
-0.3762231,-0.37835622,-0.1471227,0.31989294
-0.33908376,-0.37408265,-0.12532984,0.3813887
-0.34862012,-0.3471832,-0.13457397,0.4136205
-0.37099266,-0.35993868,-0.14805333,0.38659284
-0.3610069,-0.38124552,-0.13939495,0.37966853
-0.34544796,-0.36221266,-0.13124403,0.4021514
-0.35833073,-0.3422457,-0.14155509,0.39311877
-0.37153953,-0.37007725,-0.14853099,0.36781174
-0.35073483,-0.37961274,-0.13366655,0.38292494
-0.34444854,-0.34741464,-0.1323956,0.40625298
-0.36805776,-0.34241423,-0.14855756,0.3814372
-0.35180628,-0.21410125,-0.14147201,0.32044408
-0.40795252,-0.04205742,-0.1934031,0.18991601
-0.514585,-0.16204774,-0.2738011,0.08365404
-0.4256242,-0.28281242,-0.17161553,0.09490731
-0.3590155,-0.3081276,-0.12863633,0.21222652
-0.36202592,-0.30610165,-0.13343857,0.29644004
-0.37126246,-0.2779662,-0.14065395,0.2973801
-0.3878136,-0.27300802,-0.15241805,0.2652449
-0.3844818,-0.26386186,-0.15025635,0.24316971
-0.38882414,-0.27504563,-0.15305014,0.23810056
-0.3850681,-0.30719337,-0.14845754,0.24962713
-0.37422514,-0.373084,-0.13886319,0.29642296
-0.34104717,-0.38710418,-0.119904384,0.3800242
-0.34197524,-0.36239752,-0.12489952,0.431272
-0.35977134,-0.3259998,-0.138851,0.40399048
-0.37898785,-0.3316278,-0.15196371,0.34817448
-0.37108245,-0.36111528,-0.14522207,0.33447552
-0.35230002,-0.36753237,-0.13364196,0.3659604
-0.34891224,-0.34021184,-0.13389166,0.38585415
-0.36875358,-0.3460305,-0.14714141,0.3665329
-0.36429238,-0.37053123,-0.14198767,0.3588018
-0.34945348,-0.3813545,-0.13247678,0.39027506
-0.3430125,-0.3373872,-0.13109647,0.40843636
-0.37177435,-0.319964,-0.15163186,0.36789265
-0.38069105,-0.3591095,-0.1544099,0.32881144
-0.3555671,-0.40113622,-0.13519971,0.36353123
-0.33282256,-0.38140842,-0.122981414,0.42929572
-0.35089988,-0.35247317,-0.13660443,0.4339998
-0.36348808,-0.3079049,-0.14585835,0.37741122
-0.38349235,-0.30564624,-0.16027664,0.314425
-0.3805185,-0.34622788,-0.15518951,0.29581946
-0.36032155,-0.40732786,-0.13833074,0.3493563
-0.32687742,-0.37883687,-0.1190236,0.42991066
-0.35231772,-0.34358072,-0.1380527,0.43578213
-0.3763265,-0.3615306,-0.15177627,0.3819989
-0.3595735,-0.38844582,-0.1384311,0.37686425
-0.3437541,-0.39373124,-0.1294258,0.42084196
-0.34351224,-0.36502486,-0.13108364,0.4401583
-0.3650248,-0.37087074,-0.1449775,0.4157851
-0.35850996,-0.38357878,-0.13891745,0.40044188
-0.35009208,-0.39450032,-0.13379526,0.4205431
-0.3445224,-0.37992904,-0.13118538,0.43866524
-0.3537373,-0.35997474,-0.13834532,0.42699257
-0.3630907,-0.3481985,-0.144796,0.39248458
-0.3671585,-0.3611701,-0.14689173,0.36966935
-0.3580527,-0.3774884,-0.13985498,0.37838456
-0.3489805,-0.37735152,-0.13425209,0.40445906
-0.35113224,-0.36406186,-0.13643907,0.414041
-0.35207075,-0.29011354,-0.13992366,0.38067365
-0.39635766,-0.3025453,-0.17151554,0.3067758
-0.38306776,-0.36454108,-0.15552506,0.28514254
-0.33969638,-0.34615496,-0.12809731,0.34634352
-0.35809892,-0.31568214,-0.14335054,0.36874452
-0.3814998,-0.33474874,-0.15654524,0.33164415
-0.36702573,-0.3676291,-0.14351785,0.33268902
-0.34652758,-0.36103562,-0.13138828,0.37629747
-0.35775346,-0.36321235,-0.13954304,0.3963778
-0.3593951,-0.3717159,-0.13929193,0.39419544
-0.35406548,-0.37413964,-0.13593186,0.40190855
-0.35655367,-0.3947655,-0.13717642,0.41628456
-0.3429815,-0.37604532,-0.12910846,0.43183422
-0.35679343,-0.37160558,-0.13937965,0.4267765
-0.35795847,-0.3712884,-0.13943166,0.40839538
-0.35391417,-0.3554634,-0.13789523,0.39972222
-0.3639073,-0.3593829,-0.14495069,0.38592586
-0.35930198,-0.36375234,-0.14102337,0.37879902
-0.35234883,-0.3364607,-0.13802679,0.3788759
-0.36959684,-0.3319885,-0.15041031,0.35677126
-0.3676288,-0.32460645,-0.14811078,0.33150735
-0.3669303,-0.30845368,-0.14861706,0.31871942
-0.37658378,-0.31619242,-0.15470314,0.30453336
-0.37370843,-0.3534738,-0.14963393,0.31065735
-0.35815987,-0.40900812,-0.13623859,0.3655674
-0.33230907,-0.41390753,-0.120269075,0.4475547
-0.33458573,-0.3598518,-0.1250059,0.47582915
-0.37054586,-0.3481206,-0.14915213,0.41905785
-0.3738523,-0.39209148,-0.14789504,0.376983
-0.34187317,-0.40193978,-0.12710583,0.41437548
-0.33808994,-0.3666714,-0.12804757,0.45044276
-0.3544003,-0.27421963,-0.14243838,0.39806575
-0.40691158,-0.28697744,-0.17997357,0.29001164
-0.3911135,-0.37238663,-0.16039872,0.26366913
-0.33769423,-0.39402345,-0.12452255,0.35646963
-0.33004662,-0.3160695,-0.12506917,0.4206267
-0.38674158,-0.30647942,-0.16359617,0.35713825
-0.38469097,-0.33748394,-0.1568531,0.2970368
-0.36271474,-0.38249347,-0.14045969,0.32992432
-0.33696926,-0.35765353,-0.12587397,0.3915984
-0.36073875,-0.35220164,-0.14263171,0.4002394
-0.36203146,-0.33459243,-0.14253278,0.37042078
-0.37559056,-0.38443473,-0.15003775,0.36128253
-0.34281808,-0.38771486,-0.1274626,0.39757016
-0.34815878,-0.39725897,-0.13249482,0.44110966
-0.3470569,-0.39263675,-0.13119677,0.45256996
-0.35273892,-0.4015918,-0.1347645,0.45366246
-0.34456635,-0.37815434,-0.13042171,0.45008942
-0.35497043,-0.34470466,-0.13965608,0.42167416
-0.37473172,-0.37221485,-0.15180174,0.38089803
-0.35780838,-0.42711592,-0.13674302,0.39978093
-0.3257392,-0.4127032,-0.11809746,0.4720665
-0.34190854,-0.38274506,-0.13058741,0.4902914
-0.35939446,-0.36092967,-0.14170001,0.4405592
-0.36671874,-0.3698971,-0.14607951,0.39551157
-0.35769626,-0.39418977,-0.13912693,0.39747807
-0.34793842,-0.428613,-0.13162184,0.44155818
-0.32518822,-0.36556727,-0.11992481,0.4755751
-0.36504507,-0.3238132,-0.14908026,0.425257
-0.3798817,-0.3018519,-0.15841629,0.33312893
-0.3830653,-0.32276583,-0.16011466,0.2917929
-0.36654738,-0.343959,-0.14711915,0.30701637
-0.35976598,-0.37349504,-0.14136848,0.35184914
-0.3528625,-0.4136035,-0.13429104,0.40692794
-0.338389,-0.4354406,-0.12383322,0.47118172
-0.3273022,-0.38312975,-0.119622126,0.50329566
-0.3600796,-0.3486613,-0.14293048,0.45467728
-0.37591842,-0.36728987,-0.15167522,0.38587058
-0.3543109,-0.36815834,-0.13710257,0.37861922
-0.35362622,-0.36357936,-0.13854982,0.39665678
-0.35813326,-0.35667837,-0.14140733,0.39258024
-0.36334664,-0.37337497,-0.14379893,0.3860211
-0.34289333,-0.29868424,-0.13306965,0.37723023
-0.389957,-0.2954354,-0.16790569,0.32118803
-0.38739502,-0.34102976,-0.1600462,0.28097454
-0.35626835,-0.36630324,-0.13758783,0.32474086
-0.35300788,-0.40407875,-0.134874,0.39401913
-0.33217436,-0.35386372,-0.12307548,0.43261045
-0.36649704,-0.32793036,-0.14796779,0.4003101
-0.3807727,-0.36535013,-0.15414888,0.3488862
-0.3460965,-0.33724594,-0.13194239,0.35841694
-0.35985723,-0.2712843,-0.14633287,0.34652653
-0.40221545,-0.29249987,-0.17457616,0.27742592
-0.38430282,-0.35772094,-0.15476991,0.2673815
-0.34780252,-0.39635566,-0.12952475,0.35061458
-0.33803168,-0.40721026,-0.124406,0.43977335
-0.342309,-0.4022095,-0.12725388,0.47486216
-0.34657997,-0.37503558,-0.131037,0.46425688
-0.35548258,-0.31734607,-0.13986191,0.41310433
-0.38407686,-0.31134942,-0.16073397,0.33641645
-0.38049674,-0.35198027,-0.15500596,0.3039481
-0.3519274,-0.3637258,-0.13540651,0.3433699
-0.34692353,-0.32742232,-0.13491628,0.37774315
-0.37348282,-0.31582016,-0.1531211,0.3493558
-0.38291338,-0.3743495,-0.1549877,0.326083
-0.34391046,-0.38882563,-0.12787731,0.37522498
-0.34251156,-0.37769818,-0.12965994,0.43106845
-0.3550237,-0.3616329,-0.13791737,0.42455056
-0.3608923,-0.34184235,-0.14223957,0.38955063
-0.3676709,-0.33677593,-0.14747539,0.35717276
-0.36418748,-0.322055,-0.14571677,0.33739376
-0.37119347,-0.32457453,-0.15079625,0.3249853
-0.37210009,-0.36186057,-0.14883845,0.32992166
-0.3517798,-0.37980705,-0.13400213,0.37149492
-0.34928322,-0.3935366,-0.13264742,0.41883317
-0.34688076,-0.39353883,-0.13081214,0.44271588
-0.34931782,-0.38979328,-0.13278049,0.44809306
-0.35066894,-0.3772223,-0.13437155,0.43919453
-0.35041714,-0.31740713,-0.13716602,0.4061766
-0.385778,-0.33276004,-0.16192983,0.34486505
-0.37136158,-0.38112986,-0.14727539,0.3313793
-0.32860932,-0.2799559,-0.12456191,0.3632627
-0.39137915,-0.21234736,-0.17374478,0.2939815
-0.42975494,-0.2785539,-0.1946255,0.19902186
-0.3818339,-0.36434636,-0.15039289,0.22718458
-0.33219457,-0.34061727,-0.121470205,0.33737063
-0.3591558,-0.3005227,-0.14229032,0.36460102
-0.39172018,-0.34154475,-0.16042459,0.3172868
-0.36239222,-0.38701582,-0.13670875,0.33320946
-0.3365196,-0.37460425,-0.12335456,0.40418193
-0.35027194,-0.33831826,-0.13500866,0.4172633
-0.37479758,-0.34324008,-0.15061566,0.37220597
-0.3683576,-0.37714526,-0.14384423,0.35721868
-0.3458234,-0.37799692,-0.13008499,0.3950334
-0.34838358,-0.34987375,-0.13424055,0.41378626
-0.36760238,-0.34735435,-0.14697413,0.38526678
-0.36996296,-0.39391762,-0.14554286,0.3739312
-0.33731562,-0.3737968,-0.12535092,0.41048962
-0.34975097,-0.31627318,-0.13774353,0.40875286
-0.38390344,-0.310546,-0.16088367,0.3378563
-0.37807637,-0.33134162,-0.15396895,0.2982097
-0.363151,-0.3547017,-0.14321283,0.32225895
-0.3534735,-0.36224216,-0.13671392,0.36343396
-0.3563331,-0.37661883,-0.13790561,0.3912365
-0.34821206,-0.35551202,-0.13306244,0.40250814
-0.36000696,-0.32580155,-0.14288484,0.38297567
-0.37861553,-0.3496,-0.15412383,0.3458872
-0.36157012,-0.38354895,-0.13992022,0.35585976
-0.34401837,-0.39423275,-0.12916902,0.41046277
-0.3416063,-0.3631302,-0.12955602,0.4382466
-0.36364278,-0.35189065,-0.14458781,0.40981153
-0.368152,-0.37322414,-0.14567219,0.37923715
-0.35437906,-0.40561777,-0.13528046,0.4016602
-0.33508396,-0.38016802,-0.12482434,0.44414437
-0.35595924,-0.36631128,-0.13980293,0.43879396
-0.36580065,-0.39013398,-0.14394194,0.4101922
-0.348926,-0.40968382,-0.13179971,0.42640507
-0.33446023,-0.3647692,-0.12559594,0.4516936
-0.36177316,-0.327492,-0.14599593,0.41265357
-0.38111377,-0.34752777,-0.15723816,0.34965485
-0.36449188,-0.39157736,-0.14294733,0.35401076
-0.339804,-0.3991314,-0.12738127,0.41607863
-0.34100536,-0.37246165,-0.12995964,0.44953123
-0.3580635,-0.34153956,-0.14196584,0.41816393
-0.37626082,-0.37223086,-0.15243092,0.37469697
-0.35160348,-0.38370612,-0.1345159,0.3849905
-0.3484304,-0.39228627,-0.13365167,0.42372537
-0.34590092,-0.3742007,-0.13234617,0.43677002
-0.36269024,-0.403486,-0.14215906,0.4319241
-0.34437144,-0.41490006,-0.12858449,0.44930142
-0.3357293,-0.37555104,-0.12602074,0.4699263
-0.3626206,-0.37008235,-0.14436728,0.43895572
-0.36219245,-0.38469744,-0.14197205,0.40708762
-0.35238928,-0.41016188,-0.13494542,0.42499834
-0.33548453,-0.37672108,-0.12591349,0.4527423
-0.3598013,-0.3694059,-0.14297132,0.43630975
-0.36329663,-0.38989592,-0.1427711,0.4086288
-0.3408018,-0.34303376,-0.13028985,0.4092452
-0.36001223,-0.23912059,-0.14929575,0.35576725
-0.42104062,-0.2603342,-0.19369079,0.24389398
-0.3957538,-0.32681298,-0.16566657,0.21576862
-0.340683,-0.23253742,-0.13267006,0.26446465
-0.4054234,-0.18555614,-0.18289581,0.22692485
-0.43180814,-0.23099276,-0.1922245,0.15918148
-0.39754018,-0.29033175,-0.15841323,0.17596506
-0.37456843,-0.37207863,-0.1393708,0.2617656
-0.33980602,-0.4026614,-0.11817588,0.37694225
-0.33465803,-0.37862283,-0.119279385,0.45220217
-0.35752165,-0.3644865,-0.13553765,0.440813
-0.36676344,-0.38937816,-0.14060085,0.41040948
-0.3483869,-0.4027169,-0.12911277,0.4258291
-0.3364109,-0.347162,-0.12582138,0.44321057
-0.35779983,-0.20285253,-0.1469564,0.36329123
-0.4424937,-0.2283126,-0.21098123,0.21477026
-0.40673617,-0.2898963,-0.17168613,0.1716307
-0.37161666,-0.35768735,-0.14470243,0.24784848
-0.3442029,-0.38397872,-0.12651092,0.35449314
-0.34055018,-0.3599133,-0.12634201,0.41593474
-0.3576869,-0.3082703,-0.13984682,0.39038017
-0.3833718,-0.28585336,-0.15834227,0.31499282
-0.39079553,-0.32589424,-0.16076961,0.27191335
-0.36024037,-0.34182152,-0.1385983,0.29942408
-0.3574756,-0.35622677,-0.13780811,0.34990206
-0.3514746,-0.32186288,-0.13503325,0.36567307
-0.3739162,-0.30688483,-0.1513601,0.337191
-0.3802778,-0.32370818,-0.15371159,0.30424267
-0.36834252,-0.3540371,-0.14400637,0.31794518
-0.3464548,-0.3025899,-0.13256407,0.34551165
-0.3863599,-0.31991467,-0.16019134,0.32273117
-0.37044775,-0.32846457,-0.1456402,0.30208656
-0.3656404,-0.35317034,-0.14276078,0.32662442
-0.34965885,-0.32250866,-0.13363977,0.34991813
-0.37134758,-0.31553012,-0.14950852,0.3383164
-0.37609527,-0.33565694,-0.15033245,0.31715822
-0.3654668,-0.37475854,-0.14127505,0.33886084
-0.3450763,-0.3772827,-0.12870368,0.39047197
-0.34682372,-0.3428535,-0.13247682,0.4100789
-0.37223664,-0.3543964,-0.14896989,0.38042462
-0.36512312,-0.4006473,-0.14080852,0.37700272
-0.33776468,-0.41036284,-0.123826854,0.4339562
-0.3359322,-0.37010378,-0.1258086,0.4667439
-0.35884875,-0.31692934,-0.14305618,0.4175737
-0.39000562,-0.35828418,-0.16240641,0.3459218
-0.35844514,-0.4066378,-0.13690034,0.36013138
-0.32053268,-0.30541393,-0.11905664,0.4116923
-0.38528794,-0.24262919,-0.16784453,0.33788624
-0.4175439,-0.2889495,-0.18530016,0.23135005
-0.36862388,-0.26997596,-0.14797,0.22759512
-0.37901452,-0.22828315,-0.15940669,0.23904806
-0.40583572,-0.22305776,-0.17574325,0.20172043
-0.4041934,-0.24025014,-0.16877149,0.18141946
-0.39330718,-0.26551965,-0.1571648,0.19697262
-0.3833189,-0.29185328,-0.14781916,0.22951645
-0.3814236,-0.37300414,-0.14266786,0.28129354
-0.33723092,-0.3747875,-0.11678668,0.36713582
-0.34577867,-0.34282443,-0.12744525,0.41481873
-0.36503884,-0.2832622,-0.14297809,0.36647153
-0.39617497,-0.2886342,-0.16476223,0.28738543
-0.3855116,-0.33783337,-0.1534734,0.26762572
-0.35514227,-0.36139587,-0.13321657,0.32342416
-0.34707284,-0.33573425,-0.13102072,0.37387222
-0.36918133,-0.3289156,-0.14632767,0.36111933
-0.37518278,-0.37037447,-0.14751664,0.34427056
-0.34885806,-0.38750535,-0.1298263,0.3806777
-0.3391565,-0.34365386,-0.12751359,0.41536048
-0.3687134,-0.32125157,-0.14869912,0.37866777
-0.38286003,-0.37266314,-0.15460663,0.33788723
-0.34663317,-0.3915085,-0.12922816,0.37323844
-0.34317788,-0.40568292,-0.1287028,0.4369513
-0.33747858,-0.36426538,-0.12646648,0.45420384
-0.36431855,-0.35092202,-0.14530632,0.41755834
-0.36812463,-0.36062863,-0.14628527,0.37562096
-0.35954347,-0.3853758,-0.13988869,0.3817443
-0.34521624,-0.38186073,-0.13116625,0.413578
-0.34553504,-0.32861534,-0.13423245,0.41361687
-0.37781757,-0.31737673,-0.15695472,0.35690084
-0.38040346,-0.3581186,-0.15499543,0.31938615
-0.35476804,-0.39873737,-0.13569975,0.36170778
-0.3278838,-0.3271809,-0.1226324,0.4131817
-0.38004965,-0.32034913,-0.1591843,0.3730949
-0.38008168,-0.35198787,-0.15386663,0.32162985
-0.35755658,-0.38779464,-0.13755552,0.3540921
-0.3421729,-0.39824897,-0.12816156,0.4183982
-0.3385014,-0.3492487,-0.12818056,0.4411567
-0.3729689,-0.3521071,-0.15125886,0.3993686
-0.36674643,-0.37861153,-0.14389843,0.37118435
-0.34240875,-0.33928078,-0.13066359,0.3880192
-0.36360222,-0.27960655,-0.14896065,0.35729256
-0.39705542,-0.28724644,-0.17135912,0.2814865
-0.38765374,-0.35197046,-0.15878297,0.2659454
-0.35121673,-0.3973468,-0.13209581,0.3416993
-0.33124885,-0.36627743,-0.122270994,0.42291528
-0.3616947,-0.36651468,-0.14237781,0.4240504
-0.3630656,-0.39094737,-0.1402482,0.4036346
-0.3456601,-0.39432397,-0.12952304,0.42533493
-0.3466689,-0.38752428,-0.1317259,0.4462683
-0.3536493,-0.39003736,-0.13601786,0.4423537
-0.3476056,-0.36099166,-0.13321617,0.42949075
-0.3623471,-0.34425437,-0.14474992,0.39863354
-0.36994413,-0.35819557,-0.14875764,0.36671704
-0.36088225,-0.39403138,-0.14072886,0.3785451
-0.33528608,-0.3502743,-0.12638938,0.4130761
-0.3653132,-0.3208189,-0.14893249,0.38960788
-0.3838915,-0.35728398,-0.15812697,0.33852345
-0.35933074,-0.40988287,-0.13783145,0.36336285
-0.32154697,-0.3282124,-0.11861148,0.4201561
-0.37679952,-0.28674695,-0.15917613,0.3710151
-0.40100273,-0.34693986,-0.16988108,0.29177046
-0.3548609,-0.3839963,-0.13486634,0.32486743
-0.33181745,-0.32228038,-0.1253262,0.3914679
-0.37952366,-0.31464353,-0.15825453,0.35952014
-0.37834528,-0.32474643,-0.15335986,0.30902734
-0.36627337,-0.33450833,-0.14527196,0.31482795
-0.36523357,-0.36101967,-0.14375113,0.34200603
-0.3569838,-0.39931595,-0.1359798,0.38336235
-0.33526132,-0.37093222,-0.12377322,0.42931154
-0.3587421,-0.3615315,-0.14064421,0.42568588
-0.36049247,-0.33952463,-0.1414714,0.3874381
-0.36950564,-0.34130856,-0.14835925,0.3574624
-0.36808157,-0.37853247,-0.14539155,0.3565964
-0.3410067,-0.34845567,-0.12899971,0.38659933
-0.36234355,-0.3193271,-0.14595771,0.37815
-0.38196248,-0.34808838,-0.1565896,0.3356155
-0.36423373,-0.4104285,-0.1403509,0.35740697
-0.32391322,-0.36301,-0.11787321,0.42633352
-0.342712,-0.1651476,-0.1394637,0.3763327
-0.46654192,-0.19367838,-0.2353626,0.19210352
-0.42933697,-0.3313578,-0.18386997,0.14257076
-0.3457463,-0.39569625,-0.1242778,0.26959524
-0.3245797,-0.37796044,-0.1161343,0.4180008
-0.34024006,-0.24344172,-0.13131483,0.40881658
-0.42623255,-0.2587935,-0.19214758,0.2709176
-0.3996176,-0.32654098,-0.16242786,0.21653003
-0.35064706,-0.3219159,-0.13163134,0.28296268
-0.36183944,-0.29300076,-0.14239243,0.32129735
-0.38585714,-0.3058752,-0.15662289,0.29462093
-0.3869387,-0.4165785,-0.15023863,0.3113981
-0.32343745,-0.4434227,-0.11011757,0.4295865
-0.3159295,-0.3692629,-0.11254977,0.51566917
-0.36951008,-0.33900908,-0.1483039,0.4520272
-0.38074443,-0.36378253,-0.15271024,0.36755365
-0.35612074,-0.3816948,-0.13629077,0.37142137
-0.34554377,-0.3732021,-0.13166414,0.4080592
-0.35470688,-0.36817297,-0.13815886,0.41344693
-0.3592495,-0.38136446,-0.13998161,0.40564287
-0.3488372,-0.3735014,-0.13348879,0.41250736
-0.35182366,-0.33848765,-0.13778794,0.40517962
-0.37172148,-0.32880363,-0.15177833,0.36258596
-0.37329122,-0.34957194,-0.1509271,0.33379704
-0.35778666,-0.36107484,-0.13988835,0.35066003
-0.35257465,-0.3504963,-0.13750334,0.37518215
-0.35694185,-0.30371976,-0.14227892,0.36098632
-0.38528094,-0.3143378,-0.16140254,0.31427827
-0.3740925,-0.34447402,-0.1499798,0.30165514
-0.35561228,-0.35335386,-0.13770473,0.34035796
-0.35273075,-0.32348588,-0.13763663,0.3634661
-0.37579942,-0.3324252,-0.15266506,0.34307036
-0.37147117,-0.37608573,-0.14597777,0.33966497
-0.3433868,-0.37344536,-0.12822914,0.38528794
-0.3492706,-0.34703287,-0.13475329,0.4088919
-0.36988544,-0.35804117,-0.14749756,0.38391194
-0.36024383,-0.37195736,-0.13945644,0.3762452
-0.35259786,-0.3824752,-0.13503192,0.40051785
-0.3477011,-0.36703104,-0.13289692,0.4174144
-0.35583073,-0.3348545,-0.1399823,0.39977342
-0.37247816,-0.32858574,-0.15152293,0.35577777
-0.37690094,-0.3861211,-0.15115169,0.34331957
-0.34126458,-0.4033444,-0.12652649,0.39877775
-0.3355352,-0.36925188,-0.12613884,0.4491513
-0.3599353,-0.3399408,-0.14313965,0.41940123
-0.3778049,-0.37717086,-0.15252616,0.37276664
-0.3487713,-0.38917276,-0.13195498,0.38923115
-0.3405774,-0.35237458,-0.13017833,0.42069373
-0.36750486,-0.34766382,-0.14847143,0.3947885
-0.36754057,-0.363912,-0.1460396,0.36576387
-0.35578322,-0.38160095,-0.1377791,0.3824775
-0.3449058,-0.35965702,-0.13215064,0.4074863
-0.3625142,-0.36021757,-0.14421773,0.3999257
-0.3609415,-0.3666866,-0.1416182,0.38485304
-0.35518396,-0.3686647,-0.13812429,0.39147675
-0.3554027,-0.36755604,-0.13860554,0.3989216
-0.35703883,-0.3685281,-0.13948981,0.39862663
-0.3581645,-0.38546735,-0.13937348,0.40314585
-0.34838444,-0.38906664,-0.13270257,0.42188904
-0.3458802,-0.35981998,-0.1328839,0.42975584
-0.36688223,-0.37169367,-0.1465484,0.40637967
-0.35526523,-0.37452313,-0.13743767,0.39596838
-0.35235792,-0.37012976,-0.13683967,0.40681657
-0.35553047,-0.3593079,-0.13941818,0.40328473
-0.36109653,-0.35534105,-0.14314187,0.387461
-0.36118853,-0.35598874,-0.14297028,0.37601438
-0.36066252,-0.36714843,-0.14217106,0.37777928
-0.35622525,-0.38524455,-0.13823107,0.39494008
-0.32496026,-0.1792078,-0.12602988,0.36740908
-0.45247707,-0.15357955,-0.22838584,0.20576
-0.45454904,-0.29414424,-0.20839229,0.12499984
-0.36463386,-0.39467546,-0.1344541,0.21965273
-0.32113776,-0.39927116,-0.112154484,0.39843106
-0.33446205,-0.33071104,-0.12435915,0.45405564
-0.38360065,-0.3228394,-0.15658554,0.3792805
-0.38163435,-0.37343916,-0.15088443,0.32962483
-0.34587896,-0.3929947,-0.12790804,0.37842745
-0.33971247,-0.37407827,-0.12708643,0.4335565
-0.359885,-0.38040766,-0.13991715,0.4311371
-0.35815704,-0.41035795,-0.13642634,0.42696187
-0.33893806,-0.40958884,-0.12494977,0.45945644
-0.33794704,-0.3530655,-0.12793478,0.46497232
-0.3710126,-0.33081755,-0.15140933,0.40258306
-0.37962434,-0.36633164,-0.15443385,0.34960967
-0.35638848,-0.41320002,-0.13646613,0.38040236
-0.33283308,-0.41371506,-0.12247263,0.4532237
-0.34119383,-0.40561265,-0.12860478,0.48588154
-0.3493523,-0.40264034,-0.1330081,0.47512284
-0.3517259,-0.42210585,-0.13353658,0.4699006
-0.34216383,-0.44429463,-0.1265215,0.49509263
-0.32844725,-0.41274917,-0.1197929,0.52195215
-0.34477133,-0.35203323,-0.13334367,0.48846722
-0.37742546,-0.34924078,-0.15544915,0.40252778
-0.37234402,-0.4012144,-0.14841457,0.36980504
-0.33450994,-0.39099646,-0.12475115,0.41855368
-0.34249058,-0.336635,-0.13389911,0.4368513
-0.37780938,-0.32823932,-0.15750062,0.37487173
-0.37823933,-0.37157005,-0.15376529,0.3367835
-0.34802154,-0.38729802,-0.13285589,0.37647277
-0.34374383,-0.377845,-0.13176627,0.42401704
-0.3482394,-0.3132343,-0.13684267,0.40853134
-0.3815116,-0.26844507,-0.16204998,0.32738373
-0.40122795,-0.30130538,-0.17338438,0.25671038
-0.37480336,-0.34697413,-0.15033202,0.26956877
-0.34209913,-0.28516912,-0.13201427,0.3196047
-0.3872851,-0.26616085,-0.16500634,0.29434738
-0.40220085,-0.33806866,-0.1677079,0.25592935
-0.35636613,-0.38544288,-0.13273942,0.31273913
-0.3336496,-0.35849515,-0.12236881,0.40085712
-0.36068353,-0.34243485,-0.14127755,0.40454635
-0.3732927,-0.3698965,-0.14702797,0.37232798
-0.3525898,-0.38209853,-0.13294454,0.38609645
-0.34257138,-0.33747116,-0.13022207,0.40700182
-0.37142134,-0.31827113,-0.15110984,0.36890867
-0.38000697,-0.345938,-0.15424311,0.3264936
-0.360324,-0.3783168,-0.13922001,0.34773013
-0.3425752,-0.363154,-0.12949084,0.3967026
-0.34998596,-0.27987322,-0.13842812,0.38227955
-0.40399557,-0.31060323,-0.1752537,0.3012496
-0.37753522,-0.37537384,-0.14912881,0.28806004
-0.33744052,-0.37669182,-0.12479432,0.3702506
-0.34297782,-0.3225012,-0.13220343,0.40589255
-0.3828018,-0.33708504,-0.15779725,0.3570889
-0.3695376,-0.3768416,-0.1443925,0.33935434
-0.340892,-0.35718575,-0.12799598,0.38272238
-0.3562441,-0.32143873,-0.14107159,0.38643298
-0.38093376,-0.34322345,-0.15587446,0.34426206
-0.3660833,-0.3905294,-0.1420796,0.35011038
-0.33919784,-0.39673275,-0.12553428,0.41354963
-0.34334743,-0.38314202,-0.129922,0.45157263
-0.35348123,-0.35996866,-0.13694142,0.43313342
-0.367495,-0.38129258,-0.14532295,0.40358046
-0.34899658,-0.37573627,-0.13296248,0.40546918
-0.3520944,-0.35934433,-0.1372096,0.41202402
-0.36326742,-0.36180237,-0.14425848,0.39318237
-0.3581586,-0.3624034,-0.14028443,0.38288888
-0.35908356,-0.37859535,-0.14070448,0.39124227
-0.34834996,-0.36498806,-0.13393587,0.40398985
-0.35915697,-0.36567608,-0.14168957,0.4028263
-0.35843447,-0.37016487,-0.14017694,0.39462292
-0.35628092,-0.38199052,-0.13843158,0.40219006
-0.3474156,-0.3594815,-0.13363296,0.4103691
-0.36335927,-0.36357307,-0.1446668,0.39827478
-0.36096552,-0.38559493,-0.14095384,0.3918688
-0.34562206,-0.37987387,-0.1314659,0.4146152
-0.35212985,-0.37099513,-0.13689877,0.4246203
-0.3589903,-0.37423274,-0.14068513,0.4119814
-0.35529003,-0.37703133,-0.13788034,0.40791324
-0.34809506,-0.33374733,-0.13542844,0.4010886
-0.37603465,-0.3427411,-0.15484351,0.3653082
-0.36780438,-0.37493023,-0.14569885,0.3514374
-0.3480631,-0.38997772,-0.13257575,0.3934256
-0.34246024,-0.3664119,-0.1306519,0.42723796
-0.36254817,-0.37238067,-0.14354631,0.4159964
-0.35559142,-0.3668056,-0.13788815,0.39980882
-0.35782653,-0.37207922,-0.1400881,0.39977676
-0.35234034,-0.35389596,-0.13707885,0.39767238
-0.36358553,-0.35212854,-0.14518198,0.38337973
-0.3638998,-0.36621964,-0.14400698,0.37270162
-0.3575568,-0.3991171,-0.13826291,0.39452505
-0.33849925,-0.38351697,-0.126746,0.43348843
-0.35388303,-0.3806627,-0.13767347,0.44118744
-0.35356268,-0.36297196,-0.13710955,0.42027214
-0.36346737,-0.37439302,-0.14382231,0.4022526
-0.35174552,-0.35914624,-0.13624981,0.39665878
-0.35517225,-0.30886182,-0.14172079,0.3769315
-0.3863997,-0.3278611,-0.16278245,0.32674494
-0.37160203,-0.37684396,-0.14768828,0.32245544
-0.34399894,-0.39847386,-0.12927791,0.3896282
-0.33828828,-0.37811273,-0.12737572,0.4428433
-0.35483164,-0.35078877,-0.13901022,0.42899638
-0.36990318,-0.3546004,-0.14826603,0.38424173
-0.3651612,-0.39081317,-0.14303514,0.37722272
-0.31328106,-0.11788456,-0.12032111,0.3481389
-0.47261566,0.018971028,-0.2586348,0.14733325
-0.5364962,-0.08957563,-0.2912425,0.04552214
-0.4622584,-0.24808685,-0.19419307,0.061889138
-0.38784757,-0.40822616,-0.13357326,0.1834891
-0.30698,-0.39552718,-0.09498299,0.3888644
-0.3352015,-0.31451043,-0.12023438,0.45971468
-0.39622498,-0.33286646,-0.15938367,0.3674733
-0.37598363,-0.39379624,-0.14157227,0.33305815
-0.3363572,-0.4097009,-0.11953312,0.41034645
-0.3317963,-0.35315946,-0.121939026,0.45978713
-0.36996612,-0.32219705,-0.14870122,0.4047889
-0.38419014,-0.3570737,-0.155614,0.3404661
-0.35644212,-0.3867244,-0.13568638,0.35968342
-0.34192297,-0.38499933,-0.12838279,0.41808832
-0.35087022,-0.37958452,-0.13476086,0.4380842
-0.35533643,-0.36384937,-0.13775331,0.42156345
-0.36215183,-0.356262,-0.14293462,0.39363122
-0.36303166,-0.3593062,-0.14346567,0.37286535
-0.36210102,-0.39825,-0.14127183,0.3822713
-0.33458132,-0.37052986,-0.12465969,0.4183552
-0.35384575,-0.3352017,-0.14023398,0.4138289
-0.37807494,-0.35779297,-0.1544637,0.36658236
-0.36242682,-0.4085104,-0.14009278,0.37424543
-0.33174226,-0.39941084,-0.12188334,0.43971083
-0.3443745,-0.37503085,-0.1321196,0.46362606
-0.3612016,-0.36631817,-0.14243037,0.42798695
-0.36421248,-0.39123446,-0.14285085,0.40425223
-0.34366772,-0.3776277,-0.13023095,0.41869622
-0.35267967,-0.35789582,-0.13830848,0.42033222
-0.36386663,-0.35109654,-0.14543363,0.3902732
-0.36550915,-0.3680352,-0.14539978,0.37324536
-0.35552767,-0.3907277,-0.13765685,0.3927413
-0.34796876,-0.41645503,-0.13180676,0.43598622
-0.33320063,-0.3785294,-0.123974495,0.46609968
-0.35932392,-0.36202568,-0.14245963,0.44115642
-0.36150104,-0.33202615,-0.14385813,0.38714638
-0.37190723,-0.31959623,-0.15258141,0.3429692
-0.3698301,-0.29178083,-0.15203053,0.30815014
-0.38136953,-0.2797781,-0.16099499,0.27763405
-0.3749931,-0.19664055,-0.15852301,0.23840092
-0.42672354,-0.21947777,-0.19603238,0.18305077
-0.41618067,-0.34706518,-0.17302682,0.1827835
-0.341295,-0.39334756,-0.12015765,0.30066547
-0.3330576,-0.3986978,-0.11922266,0.43346435
-0.3415264,-0.35325927,-0.12653032,0.45531985
-0.36981642,-0.33161855,-0.14641164,0.398684
-0.37743336,-0.35710776,-0.15009874,0.34839907
-0.3557933,-0.37287676,-0.13557692,0.3630841
-0.3473573,-0.3574733,-0.13244756,0.39667132
-0.36203757,-0.3587778,-0.14242773,0.39505452
-0.36051694,-0.36046794,-0.1405339,0.3830136
-0.36242408,-0.39602575,-0.14074421,0.39435712
-0.34045085,-0.38543046,-0.12690338,0.42691296
-0.34959787,-0.36371976,-0.13510533,0.43556327
-0.36471492,-0.36940974,-0.14434303,0.4069884
-0.35816258,-0.38039875,-0.13895035,0.39569926
-0.34961325,-0.37562373,-0.13431683,0.4083816
-0.3525488,-0.36395806,-0.13724303,0.41018528
-0.35977012,-0.36392996,-0.1418821,0.39702764
-0.36002773,-0.38326055,-0.14085999,0.3947202
-0.34765103,-0.38133302,-0.13282378,0.41423273
-0.34756362,-0.34043324,-0.13514784,0.41524485
-0.37355077,-0.3418921,-0.15281565,0.37423426
-0.369375,-0.3725971,-0.1469575,0.35354808
-0.34773022,-0.3739506,-0.13297918,0.38504338
-0.34994227,-0.35461065,-0.13622594,0.40594745
-0.36352047,-0.34601644,-0.14513713,0.38554576
-0.3729709,-0.40547362,-0.14799109,0.37861338
-0.33058265,-0.37473953,-0.12126071,0.42034194
-0.35501847,-0.35450247,-0.14036453,0.42987913
-0.3680694,-0.3585786,-0.14698623,0.38869286
-0.36225015,-0.38348496,-0.14168824,0.38162458
-0.34376398,-0.36266172,-0.13101292,0.4047627
-0.35948274,-0.35252815,-0.14283274,0.40149996
-0.36584106,-0.36266053,-0.14546132,0.3788517
-0.35612565,-0.36543384,-0.13868321,0.38062403
-0.35564497,-0.36729673,-0.13893788,0.39349654
-0.35813645,-0.38193464,-0.13964978,0.40152925
-0.3516007,-0.39600438,-0.13440605,0.41991535
-0.34541637,-0.39565575,-0.13072127,0.44358715
-0.34863663,-0.39202785,-0.13320157,0.452626
-0.34627056,-0.34358883,-0.13355008,0.43270266
-0.3721362,-0.32776436,-0.15262945,0.3778566
-0.37678656,-0.35641372,-0.15338176,0.3376612
-0.35614666,-0.3808017,-0.13817647,0.36191785
-0.34458917,-0.37296477,-0.13181958,0.4066444
-0.35326216,-0.35377124,-0.13835575,0.411713
-0.36790264,-0.37180334,-0.14666939,0.3903561
-0.35423997,-0.38278416,-0.13625672,0.39463785
-0.3497039,-0.39014846,-0.1339607,0.42158988
-0.34763336,-0.38080037,-0.13296603,0.4350984
-0.35551882,-0.3814886,-0.13817377,0.43006748
-0.35510492,-0.39032513,-0.13711299,0.4248206
-0.3467814,-0.37422088,-0.13265127,0.42901295
-0.35795337,-0.374583,-0.14066327,0.4210784
-0.3545825,-0.3638511,-0.13822174,0.40684333
-0.35925522,-0.35984617,-0.14209987,0.39595842
-0.36136463,-0.3680969,-0.14288002,0.38751176
-0.35662344,-0.3810684,-0.1389505,0.39561093
-0.3501659,-0.3850427,-0.13463236,0.4154116
-0.34835,-0.36784625,-0.13434659,0.42419794
-0.36013702,-0.36506706,-0.14233947,0.40899447
-0.36027735,-0.37397423,-0.14139903,0.3952012
-0.35273355,-0.37269056,-0.13666384,0.40159383
-0.35464457,-0.37159827,-0.1383964,0.40802035
-0.35430545,-0.35741252,-0.13851416,0.40233007
-0.36212423,-0.35438475,-0.14403498,0.38657036
-0.36439282,-0.3781036,-0.14404586,0.38055557
-0.34850487,-0.377288,-0.13336575,0.40131113
-0.3526406,-0.37703457,-0.13689381,0.41886652
-0.35318786,-0.363514,-0.13725327,0.41368347
-0.36241773,-0.37513173,-0.14303686,0.40190843
-0.35573933,-0.3958623,-0.1371148,0.40886655
-0.34142256,-0.37515378,-0.12918717,0.43160546
-0.35549474,-0.35410494,-0.14008844,0.42153567
-0.3645789,-0.33759615,-0.14614436,0.38078314
-0.37277937,-0.366757,-0.15044954,0.35760412
-0.35109177,-0.36868596,-0.13524145,0.37536272
-0.35493264,-0.38092718,-0.13839582,0.404023
-0.35026476,-0.37645772,-0.13464703,0.41626412
-0.3524055,-0.3566251,-0.13717575,0.41299748
-0.36415386,-0.3535097,-0.14518708,0.38905618
-0.36378312,-0.3668813,-0.1438045,0.37470642
-0.35676575,-0.39280704,-0.13809365,0.39362898
-0.34060335,-0.37031752,-0.12877235,0.42334932
-0.35978955,-0.37280545,-0.14202216,0.42149615
-0.3578905,-0.38065442,-0.1389912,0.4076658
-0.3465712,-0.34261802,-0.1337461,0.40493774
-0.36858043,-0.32409424,-0.15043555,0.3712677
-0.38016498,-0.36975822,-0.15502246,0.34040147
-0.35353762,-0.42228886,-0.13375823,0.38485417
-0.321974,-0.3706316,-0.11739277,0.45578408
-0.3604225,-0.3344201,-0.1449561,0.43346974
-0.38203308,-0.36607227,-0.15596685,0.36586383
-0.35592866,-0.4010472,-0.13604632,0.37733823
-0.3296696,-0.33611342,-0.1237087,0.42049876
-0.3671004,-0.24669039,-0.15370506,0.3627818
-0.41668558,-0.26191625,-0.18798013,0.24604516
-0.3961987,-0.33750144,-0.16474365,0.22304875
-0.35025582,-0.36647388,-0.13246894,0.30562377
-0.338576,-0.30751646,-0.12907621,0.37069198
-0.38295335,-0.2907398,-0.15962522,0.3306862
-0.3932769,-0.35438138,-0.16059099,0.2882743
-0.3514904,-0.39076668,-0.13047643,0.3416053
-0.33604023,-0.37236354,-0.12410263,0.41833702
-0.354325,-0.3448544,-0.13746892,0.41935775
-0.37092233,-0.34663376,-0.14772846,0.37588164
-0.36741593,-0.38011935,-0.14361551,0.36514044
-0.3494929,-0.41203675,-0.13103858,0.40907896
-0.3335275,-0.39195147,-0.122840285,0.46072263
-0.34887695,-0.3535412,-0.13497075,0.4530716
-0.37652594,-0.3928017,-0.15115376,0.4085875
-0.34975952,-0.4327993,-0.1302613,0.42671198
-0.32838684,-0.4293698,-0.1189529,0.49517003
-0.33655342,-0.40207082,-0.12571819,0.51497394
-0.35607043,-0.40545094,-0.13746196,0.4835039
-0.34891257,-0.4043982,-0.13220914,0.46263275
-0.3465524,-0.39744687,-0.13209966,0.4622595
-0.34987357,-0.38942114,-0.13487191,0.45428926
-0.3518234,-0.3752284,-0.13674724,0.43745133
-0.35819295,-0.37259713,-0.14132287,0.41739014
-0.35728565,-0.37556553,-0.14038776,0.4060354
-0.35392427,-0.37387937,-0.13836473,0.40729403
-0.35446626,-0.36784634,-0.13907929,0.40699908
-0.3532421,-0.32815176,-0.1398523,0.38980156
-0.37943766,-0.35365522,-0.15714979,0.3556616
-0.36091995,-0.38352004,-0.14098014,0.3594547
-0.34316653,-0.37940487,-0.13059324,0.40625322
-0.34834957,-0.34400275,-0.13587472,0.41677675
-0.3746103,-0.3673624,-0.15203525,0.38482863
-0.35445982,-0.37091023,-0.13663305,0.3802321
-0.35290173,-0.3720378,-0.13714936,0.40245944
-0.35513717,-0.37089145,-0.1383281,0.40821338
-0.3564346,-0.371146,-0.1389352,0.4060693
-0.3562686,-0.37381274,-0.13870704,0.40564063
-0.35436133,-0.37240526,-0.13756867,0.40770546
-0.35537505,-0.3701566,-0.13849947,0.40768385
-0.3567614,-0.37107882,-0.13933408,0.4043533
-0.35447162,-0.36205754,-0.13821582,0.40118137
-0.35137612,-0.2879319,-0.13957603,0.37348777
-0.39544597,-0.29021913,-0.1716293,0.30136153
-0.38718837,-0.33960524,-0.15977377,0.26825333
-0.35584208,-0.37337795,-0.13698007,0.32364205
-0.34548268,-0.38423702,-0.13079791,0.3964146
-0.34649637,-0.36743206,-0.13189961,0.42488572
-0.35566804,-0.3251392,-0.1395657,0.4001759
-0.37738484,-0.3150937,-0.15498452,0.343309
-0.3778827,-0.3394446,-0.15329742,0.31222323
-0.36056012,-0.35929975,-0.14063106,0.33496645
-0.352544,-0.36221918,-0.13591203,0.37428516
-0.3536597,-0.3406783,-0.13757272,0.38502437
-0.3726159,-0.3731878,-0.14872544,0.37366065
-0.35284615,-0.39994246,-0.13319798,0.3947174
-0.3381258,-0.38510528,-0.12594952,0.44068927
-0.34948358,-0.34475744,-0.1356133,0.43511018
-0.37145463,-0.32501954,-0.15092666,0.37620005
-0.36179823,-0.20916064,-0.14863056,0.30027032
-0.4314225,-0.24997838,-0.20156814,0.21108489
-0.39551416,-0.31729156,-0.1627796,0.19576293
-0.35951927,-0.37230903,-0.13674156,0.286526
-0.34070763,-0.38245952,-0.12534866,0.38653067
-0.34371802,-0.3426384,-0.12947217,0.41976318
-0.37293693,-0.3407999,-0.14894024,0.38138446
-0.3709262,-0.37331313,-0.1449937,0.35545513
-0.35074103,-0.40176252,-0.13144872,0.393969
-0.33354363,-0.35443193,-0.12392199,0.43426928
-0.36631745,-0.32932517,-0.14754227,0.40155524
-0.38188013,-0.37778324,-0.15424222,0.35429218
-0.34257463,-0.366862,-0.12829979,0.37842956
-0.35043967,-0.32755017,-0.13767947,0.3966656
-0.37846348,-0.3388929,-0.15543252,0.35639787
-0.36883476,-0.37339494,-0.14545545,0.3452357
-0.34540966,-0.36271155,-0.13130225,0.38173875
-0.35530618,-0.3404643,-0.1398714,0.39071047
-0.3669874,-0.32144624,-0.14773299,0.35557172
-0.36277518,-0.22817245,-0.14852563,0.30100286
-0.41481772,-0.22079377,-0.18836343,0.21941067
-0.4133391,-0.289238,-0.17767863,0.18375696
-0.36643636,-0.3035346,-0.14187099,0.2325364
-0.36625093,-0.30033636,-0.14339975,0.2861464
-0.3791631,-0.33228165,-0.14935653,0.29930684
-0.35991403,-0.33088368,-0.13589443,0.3194668
-0.35821036,-0.27686226,-0.13889451,0.3245824
-0.3906719,-0.2548625,-0.16245773,0.27351955
-0.40308008,-0.31331068,-0.16586524,0.23685268
-0.36946478,-0.38842878,-0.13810882,0.28810772
-0.32742128,-0.35899332,-0.11592305,0.3885081
-0.35376906,-0.29924327,-0.13747258,0.39776275
-0.39214063,-0.30341735,-0.1623717,0.31863952
-0.37896505,-0.32728577,-0.15047249,0.2853144
-0.3594747,-0.31749436,-0.13929878,0.31007284
-0.36970252,-0.31039888,-0.14742213,0.3177248
-0.37562403,-0.32171217,-0.1498825,0.30531597
-0.3617755,-0.2890965,-0.141687,0.30141985
-0.37786373,-0.24383554,-0.15559956,0.27319738
-0.40584156,-0.27703303,-0.17221329,0.2281062
-0.37815797,-0.2937682,-0.14866932,0.23274311
-0.377602,-0.35226223,-0.14667664,0.28155962
-0.35441408,-0.40590087,-0.12893216,0.35685998
-0.33036882,-0.3912517,-0.11709466,0.4398342
-0.34198254,-0.31583807,-0.12928025,0.43996775
-0.38885018,-0.3170791,-0.16127907,0.35390207
-0.3808029,-0.37305927,-0.15097237,0.31565753
-0.34453613,-0.39768177,-0.1273988,0.37737525
-0.33581513,-0.36907426,-0.12515238,0.43764353
-0.35822585,-0.3382795,-0.14111483,0.41739374
-0.37716404,-0.36571744,-0.15182087,0.3695576
-0.36202556,-0.4411375,-0.13740645,0.3943984
-0.31979233,-0.44245154,-0.11223369,0.4918373
-0.32644224,-0.38331053,-0.120318934,0.53163654
-0.36056915,-0.31842625,-0.14438438,0.45090213
-0.3937653,-0.35673845,-0.16546242,0.34962788
-0.36100653,-0.4120327,-0.13889584,0.35527793
-0.32989097,-0.41945505,-0.12084619,0.44541904
-0.33055195,-0.3566953,-0.12453241,0.48074478
-0.37408203,-0.3521314,-0.15325536,0.42039254
-0.37162396,-0.3907918,-0.14738713,0.37631896
-0.34266862,-0.3975581,-0.12887716,0.41194907
-0.33866698,-0.34908834,-0.12981048,0.43783686
-0.3698554,-0.3268156,-0.15163775,0.3900934
-0.37907445,-0.35298628,-0.1551874,0.33951312
-0.3611211,-0.39825583,-0.14050138,0.3609138
-0.33427197,-0.378822,-0.12472407,0.420768
-0.35177004,-0.35161594,-0.13811599,0.42903683
-0.3707346,-0.36619392,-0.14886487,0.3916056
-0.35900542,-0.39205444,-0.13892931,0.3904567
-0.33983326,-0.36034164,-0.12876695,0.4179604
-0.3613747,-0.33703727,-0.14500083,0.40037623
-0.3737669,-0.35037255,-0.15152103,0.35825917
-0.36158437,-0.37190217,-0.14179692,0.35974157
-0.34848216,-0.36575016,-0.13412268,0.3908891
-0.35593814,-0.3561535,-0.13981047,0.39891088
-0.36377808,-0.36734545,-0.14384523,0.38728127
-0.35492235,-0.36815462,-0.13751252,0.38981783
-0.3604431,-0.40747544,-0.13999225,0.41090173
-0.34242696,-0.43827823,-0.12621523,0.45904756
-0.32509542,-0.39547652,-0.118149266,0.50391984
-0.35426685,-0.36329222,-0.1388878,0.47374496
-0.36911467,-0.36443,-0.14750046,0.40775323
-0.35981455,-0.371772,-0.14109,0.3859316
-0.35246357,-0.36919138,-0.13735251,0.39728236
-0.3538358,-0.35174292,-0.13924998,0.3984608
-0.36540717,-0.35430273,-0.14671887,0.3803511
-0.36345556,-0.3763595,-0.14357474,0.3752346
-0.3440365,-0.33478385,-0.1326066,0.38672665
-0.37156883,-0.32488978,-0.15291066,0.3621706
-0.3767352,-0.35590434,-0.15291908,0.33225995
-0.3579224,-0.3969102,-0.1379322,0.36471415
-0.33461186,-0.37040022,-0.12485092,0.42121798
-0.3557322,-0.33793014,-0.14078107,0.4160372
-0.37639037,-0.35670885,-0.15262975,0.3685308
-0.35854208,-0.37190208,-0.13900366,0.36593527
-0.35015556,-0.37211728,-0.13484262,0.39762878
-0.35356286,-0.3627762,-0.13754866,0.4077453
-0.36469784,-0.39584276,-0.14308326,0.40650812
-0.3418831,-0.38531595,-0.12797953,0.42633116
-0.3523418,-0.38620082,-0.13625553,0.44082725
-0.3556629,-0.40582082,-0.13661504,0.4395134
-0.309696,-0.088073246,-0.11906399,0.37597415
-0.50353193,-0.03775018,-0.28779662,0.14285964
-0.50869334,-0.20276836,-0.25693446,0.056426976
-0.39229393,-0.25022888,-0.152097,0.10870394
-0.36995316,-0.18850183,-0.14338952,0.19041596
-0.41544384,-0.12855762,-0.17411749,0.16421287
-0.46026635,-0.22647098,-0.19219506,0.12153962
-0.39396757,-0.2921938,-0.13722265,0.15709035
-0.3542942,-0.22905497,-0.1212886,0.23597799
-0.4013808,-0.17317176,-0.15594812,0.21409723
-0.42454365,-0.10522537,-0.17013662,0.14047769
-0.45619354,-0.09864504,-0.1854792,0.09528151
-0.46972817,-0.24928094,-0.17592727,0.09410293
-0.3648989,-0.20481949,-0.113209985,0.15400358
-0.40670362,-0.18561545,-0.14527999,0.18774074
