-0.32240298,0.27284572,0.011431263,0.37383974
-0.30943912,0.27446407,0.014111985,0.3685763
-0.2944132,0.27778396,0.0016332266,0.36582395
-0.32025245,0.2687447,-0.0095919045,0.36737242
-0.3616482,0.25540292,0.013823475,0.37323335
-0.37891778,0.25025162,0.007249597,0.36820048
-0.392281,0.24440202,0.013361137,0.3720563
-0.3907839,0.243367,0.033343274,0.3727625
-0.37184656,0.25029182,0.0063074226,0.3649736
-0.34908608,0.25950614,0.021118037,0.37323365
-0.30039093,0.27862626,0.0138427075,0.3665641
-0.28953996,0.28251392,-0.021837825,0.36263123
-0.325734,0.26814532,0.02672743,0.37554902
-0.33874932,0.26384252,0.0079915775,0.36083913
-0.35756916,0.2548056,0.024786858,0.3678538
-0.35996503,0.2546947,0.009897384,0.36366677
-0.35912395,0.25707954,0.010877476,0.3685208
-0.34897095,0.2643739,-0.012366218,0.36774135
-0.34136266,0.26830223,0.015670575,0.37642533
-0.30054888,0.28397247,-0.008949835,0.36609864
-0.29551813,0.28319138,-0.011875708,0.371234
-0.2959421,0.28189528,0.009725402,0.37319654
-0.27523813,0.28926945,-0.009285481,0.36488286
-0.2828705,0.28488696,-0.0061915135,0.36949694
-0.30865607,0.2773078,-0.01993234,0.36812115
-0.35172006,0.26301888,-0.0057284744,0.3752075
-0.37394643,0.2552845,0.0073839654,0.37504652
-0.35950154,0.258074,0.03551128,0.3742839
-0.31687838,0.2704171,0.015481909,0.36326808
-0.3132504,0.26828027,0.012301769,0.36571497
-0.3274171,0.26617435,-0.016544372,0.36443642
-0.34064543,0.26494056,0.02109168,0.37620333
-0.33627182,0.26871294,-0.0047995993,0.36342233
-0.36850554,0.2540165,0.010255477,0.3720456
-0.38599718,0.24568631,0.024491934,0.37116435
-0.37269557,0.25017408,0.024747204,0.36774373
-0.32710564,0.26804954,0.013801324,0.36646402
-0.26898083,0.28782505,0.02747698,0.367309
-0.24862376,0.2941284,-0.01372776,0.35531583
-0.30972946,0.27100748,0.008681281,0.36713138
-0.35359672,0.25862744,0.0065634083,0.36357537
-0.37263995,0.25492316,-0.0031653685,0.36705717
-0.37701732,0.25488728,0.015626319,0.37392628
-0.35063162,0.26580283,-0.00050515926,0.368559
-0.31641477,0.27772534,-0.002876675,0.37257084
-0.27909824,0.29177636,-0.02508512,0.37052947
-0.25150904,0.30210537,-0.032531403,0.37519088
-0.23092413,0.30924058,-0.022643551,0.37616888
-0.24843188,0.30150905,-0.026650632,0.3705397
-0.2950852,0.28191844,-0.009716399,0.37432986
-0.34210446,0.2638094,-0.008222231,0.37241897
-0.3718039,0.2515509,0.022386512,0.3766931
-0.36587346,0.25393784,-0.0004333965,0.36801225
-0.37248805,0.25009653,0.020662177,0.37569162
-0.37192345,0.25001356,0.010473248,0.3689661
-0.38295558,0.24422143,0.02680685,0.3720048
-0.37034658,0.24857016,0.02955469,0.36759683
-0.3625318,0.25190893,0.0028371438,0.3638778
-0.3760334,0.24716778,0.03150171,0.37296313
-0.3738915,0.24891251,0.01725131,0.3637627
-0.37897176,0.24740371,0.011479095,0.36728755
-0.3786683,0.25003323,0.003145995,0.37011036
-0.37226906,0.2539432,0.022669045,0.37414473
-0.3377898,0.26603365,0.024727764,0.3676968
-0.31498972,0.2732374,-0.015004158,0.36242512
-0.31014922,0.27423152,0.021938115,0.37591672
-0.2895075,0.28250524,0.010006399,0.36209655
-0.2967372,0.27651173,0.022053933,0.3636726
-0.3015335,0.2745431,0.00175836,0.35916546
-0.33985355,0.26165053,0.008655833,0.3655784
-0.38798556,0.2490248,-0.037166275,0.36398283
-0.41433457,0.24474856,0.008117127,0.3864507
-0.3493164,0.2727673,0.008070108,0.376185
-0.28292456,0.2904077,0.015600709,0.37184745
-0.253497,0.2962857,-0.044847798,0.3622909
-0.25997645,0.29286513,-0.021536542,0.3824144
-0.24044327,0.305163,-0.023726456,0.3735919
-0.24618375,0.30127996,-0.006649342,0.37253228
-0.28699854,0.28248367,-0.0050885077,0.367061
-0.3827843,0.24195223,0.0048019486,0.3690042
-0.44872823,0.2140088,0.030672843,0.372171
-0.42589855,0.22792718,0.029281387,0.36981937
-0.3682847,0.25453913,0.0028402316,0.36889476
-0.35104287,0.2606879,0.010142868,0.37432668
-0.36738205,0.25304088,0.011336617,0.37034783
-0.3603146,0.2544877,0.033110324,0.37184528
-0.3213155,0.26869515,0.01123353,0.3632447
-0.31896633,0.26948586,-0.007817017,0.36592564
-0.3522264,0.25861773,0.012691669,0.37246946
-0.36539698,0.25382832,0.034373976,0.36864352
-0.3589818,0.25584757,-0.003596532,0.36054158
-0.37101963,0.2510557,0.023440955,0.37413174
-0.36860818,0.2554139,-0.015026829,0.36510417
-0.36927503,0.25707477,0.013960195,0.3790078
-0.3230284,0.27650762,-0.0046655824,0.36995065
-0.28827724,0.286701,-0.001645456,0.37278134
-0.28184733,0.2860799,-0.0022127754,0.36929682
-0.3093117,0.2753405,-0.019607116,0.36764848
-0.32499963,0.27139765,0.0005298557,0.37662935
-0.31922647,0.27500787,0.0025408412,0.37113902
-0.33259553,0.2666722,0.018989608,0.37025747
-0.34232095,0.2581228,0.03784792,0.36644483
-0.34078294,0.25268552,0.06951965,0.36092433
-0.31657413,0.25752047,0.057808388,0.34799105
-0.32709217,0.2541426,0.015316627,0.3457307
-0.37972572,0.24304155,-0.0029209913,0.3583872
-0.39810413,0.24099098,0.11009298,0.37327442
-0.3457396,0.25784034,0.02028888,0.33429667
-0.34224007,0.25371632,0.07022314,0.36031124
-0.3003425,0.2749006,-0.02186606,0.34241095
-0.30377525,0.28118268,-0.027699254,0.36857873
-0.24049829,0.31402192,-0.03505279,0.37177992
-0.14837168,0.3460437,-0.03712571,0.37045678
-0.11031674,0.3548106,-0.073747754,0.36358026
-0.17038156,0.32804158,-0.04455852,0.3756527
-0.17859037,0.32731122,-0.039177544,0.3709448
-0.11579209,0.3464202,-0.040528275,0.37272754
-0.09649478,0.35098916,-0.06689779,0.36688182
-0.17836054,0.3223464,-0.059519526,0.37313315
-0.3180042,0.27570057,-0.009579949,0.37735334
-0.377981,0.25252137,0.019711822,0.3735572
-0.3538031,0.26033065,0.011383012,0.36916366
-0.32211408,0.26894578,0.026629156,0.37131387
-0.31399232,0.26946026,0.011421913,0.3624631
-0.3284125,0.264229,0.0036881906,0.3652706
-0.3432648,0.2645342,-0.033384603,0.3671391
-0.36274076,0.26083207,0.025077544,0.38357443
-0.35476673,0.26196072,0.018792853,0.36603227
-0.36746952,0.25126854,0.009516971,0.3664534
-0.36281934,0.25297958,0.013165892,0.37180042
-0.33746353,0.26587954,0.0021392237,0.36977106
-0.30979973,0.2785241,-0.008550617,0.37063247
-0.2728532,0.28945962,0.036877647,0.37420946
-0.2105321,0.29778686,0.13164733,0.35959092
-0.22417186,0.27978614,-0.006364824,0.3146229
-0.3597338,0.22640231,0.11532261,0.3596171
-0.3529085,0.24169932,0.05239465,0.3269348
-0.3679539,0.23964036,0.09785597,0.3426859
-0.3603425,0.24321826,0.07042113,0.33067903
-0.37507617,0.23933771,0.061720576,0.33671236
-0.37861866,0.24621154,0.011737368,0.34043616
-0.32122624,0.27762887,0.033225052,0.36018446
-0.12921691,0.3502084,-0.046331633,0.34960794
0.014368051,0.387982,-0.09452948,0.3741064
0.03435109,0.39428675,-0.11794734,0.3794665
0.0109249465,0.38758335,-0.10960337,0.38587126
0.01885117,0.39248523,-0.10210889,0.38515207
0.038990915,0.3965515,-0.0810222,0.38421533
0.039870653,0.39373994,-0.0862969,0.3726861
-0.04032371,0.36213833,-0.06948854,0.37103927
-0.1507425,0.32780483,-0.02186852,0.3685528
-0.18307488,0.3160568,0.04009346,0.3625069
-0.19096014,0.30872247,0.012704245,0.34211847
-0.27891454,0.2736564,0.009446868,0.35031343
-0.36817843,0.24725737,0.022035562,0.35699043
-0.38873866,0.2478451,0.02351132,0.35929468
-0.34023413,0.27099913,0.019875078,0.36157897
-0.2733121,0.2967995,-0.023032162,0.35864973
-0.24846125,0.3039851,-0.013992624,0.3696922
-0.21761416,0.31700188,-0.044309873,0.36405793
-0.16198996,0.33494517,-0.04907184,0.37441576
-0.086298436,0.3602966,-0.073640645,0.3735122
-0.08990334,0.35578763,-0.06918254,0.37600648
-0.1644305,0.33045515,-0.04933757,0.37244493
-0.23436901,0.3051734,-0.017093133,0.37327445
-0.24990605,0.29641366,0.025148524,0.37021393
-0.24824765,0.2922483,0.011139857,0.3562042
-0.28722417,0.2729575,0.034206834,0.36043307
-0.33468434,0.2576799,2.8463095e-05,0.3524323
-0.40383986,0.23733208,-0.0016377122,0.36539382
-0.41801038,0.23834407,0.03844833,0.37457594
-0.37846172,0.2547099,0.01677136,0.3630132
-0.3497882,0.26261386,0.014290611,0.36771953
-0.31188184,0.2762248,0.0026639488,0.36733693
-0.25876743,0.29757014,-0.026765585,0.36717007
-0.20260477,0.31785452,-0.026798002,0.3736487
-0.17072459,0.32929784,-0.03922487,0.36818758
-0.20991303,0.3140541,-0.041466977,0.36917087
-0.29930136,0.2801929,0.009426917,0.3749558
-0.3336457,0.26635474,0.011981255,0.3651833
-0.3280867,0.26785183,0.0015171164,0.3666372
-0.3271048,0.26983944,-0.0076301163,0.36967984
-0.3384059,0.26819724,-0.0059664333,0.37259158
-0.34675077,0.26592302,0.002885275,0.37357834
-0.34270284,0.2666466,0.0017751586,0.37180337
-0.33231133,0.26980177,-0.007747606,0.37207907
-0.33257237,0.26882863,0.0037473475,0.37535912
-0.32503402,0.2718282,-0.004154435,0.37118188
-0.30939966,0.27671355,0.0055486215,0.37365556
-0.30579048,0.27677268,-0.0014426135,0.36868066
-0.34445673,0.26146546,-0.011134953,0.36951405
-0.39022186,0.24551146,-0.0021215319,0.37598875
-0.40987596,0.24171992,-0.021003028,0.3764656
-0.41465834,0.24309431,-0.0151941115,0.38610417
-0.39252836,0.2517567,0.0062395292,0.38787442
-0.34921205,0.26383904,0.014696937,0.38041386
-0.31246573,0.27152035,0.005472614,0.3736934
-0.3063356,0.27043876,-0.0006994462,0.37273118
-0.32640576,0.2636538,0.0030659484,0.37272495
-0.37342063,0.24638368,0.0130750835,0.37118787
-0.41566232,0.22437426,0.07787356,0.3716013
-0.4365395,0.20600079,0.03960451,0.34789202
-0.48274976,0.18207696,0.053469293,0.35461417
-0.48843443,0.1878222,0.02537196,0.35468626
-0.45830014,0.21354485,0.04596871,0.3695153
-0.39339954,0.2467354,0.006392483,0.36325943
-0.3605695,0.26005933,0.014667865,0.37263855
-0.32733068,0.2713107,0.019825432,0.3688966
-0.30279925,0.2794348,-0.013754946,0.3629017
-0.26912627,0.2915273,-0.0008151336,0.37344816
-0.21152914,0.31352457,-0.020738024,0.36560658
-0.16629542,0.31461293,0.14561108,0.37432003
-0.117683545,0.3211961,0.008156415,0.3089385
-0.25640756,0.25690314,0.08854794,0.34905958
-0.3370127,0.24049424,0.057886492,0.32668984
-0.42846057,0.21871066,-0.01293454,0.33224913
-0.46716708,0.21876304,0.081168875,0.3707556
-0.39497343,0.25343817,0.025575718,0.34607264
-0.35295036,0.26840165,0.0011054373,0.35712528
-0.26369283,0.30190396,-0.010146325,0.36605462
-0.09307077,0.36176342,-0.0815499,0.3654657
0.06920163,0.40515423,-0.134668,0.39647996
0.12920968,0.42135775,-0.13895789,0.4097396
0.08536891,0.40898132,-0.12308188,0.39332342
-0.032945488,0.37018287,-0.0894239,0.3796832
-0.18951395,0.3196346,-0.02950426,0.37439486
-0.23841725,0.30460683,-0.032356028,0.36767825
-0.2725573,0.29066253,-0.0042576413,0.37458432
-0.30565572,0.27849194,-0.0067372723,0.3673884
-0.33648834,0.26477766,0.015668893,0.3717359
-0.32464948,0.2620845,0.10437802,0.37037262
-0.27974564,0.27200225,0.01673266,0.33485416
-0.32570702,0.25211346,0.03299202,0.3580493
-0.3690841,0.24568292,0.014360664,0.35431805
-0.3781974,0.24550107,0.10766901,0.36545965
-0.31820863,0.26431555,0.042221338,0.3336836
-0.302364,0.2600076,0.12889884,0.3522061
-0.25379604,0.27519682,0.038211588,0.31989646
-0.29445577,0.26430193,0.011845259,0.34088477
-0.24771656,0.292579,0.05371699,0.35709378
-0.15831786,0.33575264,-0.08638971,0.33293346
-0.22532995,0.31314263,-0.045729686,0.3779234
-0.23845455,0.31997997,-0.0225356,0.36644885
-0.155813,0.34307885,-0.0016586494,0.36381304
-0.0050338963,0.38434508,-0.05131162,0.35697365
0.09096389,0.40157354,-0.09013128,0.37465417
0.11583273,0.40445122,-0.1300321,0.38579786
0.035240594,0.38030282,-0.09417743,0.39162946
-0.09821187,0.35375416,-0.06731858,0.36648333
-0.20458308,0.31924933,-0.034667056,0.3688961
-0.31698343,0.27724597,0.00080475997,0.36840788
-0.3389178,0.26857054,0.00083969225,0.36749065
-0.26608148,0.29692692,-0.013104095,0.37014562
-0.17007358,0.33025858,-0.03955522,0.3693886
-0.13714217,0.33898184,-0.04985081,0.37076867
-0.19550899,0.31946597,-0.05885639,0.36941868
-0.2976227,0.28640294,-0.046868116,0.37764272
-0.33992478,0.2735916,-0.003572098,0.38490954
-0.32894775,0.27652478,-0.011960382,0.3746827
-0.30387855,0.2771369,0.052048717,0.3803266
-0.2595263,0.28643185,0.008719036,0.3550818
-0.25851458,0.2749236,0.108283475,0.36811024
-0.2011717,0.28594437,0.1160209,0.33280703
-0.13962916,0.28021768,0.27537322,0.32605723
-0.12298589,0.2587298,0.14616467,0.25618827
-0.3444622,0.16095752,0.20079927,0.25151005
-0.47093982,0.11488749,0.17871791,0.22559035
-0.52720517,0.11234688,0.12624171,0.23880556
-0.5531362,0.14356326,0.0790994,0.28365558
-0.5054177,0.20450301,0.11687102,0.3292653
-0.3031047,0.29584414,0.03752175,0.32026467
-0.06455925,0.3705352,-0.053986534,0.33911395
0.16136035,0.42890128,-0.12323604,0.39441684
0.29021525,0.47599152,-0.15267715,0.4220377
0.3432886,0.49147657,-0.16972212,0.34517938
0.35063058,0.48352954,-0.16883478,0.3187994
0.33186087,0.47357675,-0.17040399,0.36354294
0.2660939,0.44740155,-0.1746491,0.42048144
0.09184725,0.40567505,-0.14907196,0.39854166
-0.0350989,0.37705877,-0.10692898,0.38719794
-0.05199526,0.37369564,-0.047804996,0.3816129
-0.051679634,0.3713537,-0.067947224,0.36037064
-0.08035404,0.35153997,-0.061392944,0.37216282
-0.10493339,0.3449618,-0.0567339,0.37123168
-0.14454263,0.33459428,-0.049401224,0.3703032
-0.1999457,0.3179398,-0.034778953,0.3697618
-0.2744022,0.2899674,0.012234913,0.37064198
-0.3199217,0.26614955,0.061473895,0.3629998
-0.25072026,0.26843086,0.2540496,0.3577252
-0.10275196,0.30383974,0.036238153,0.28096545
-0.17376858,0.26103002,0.14092106,0.3377856
-0.27133244,0.24921493,0.046274573,0.2982589
-0.44411242,0.20442998,0.012289998,0.32109407
-0.53144145,0.19134314,0.03247877,0.35256746
-0.50491333,0.21738479,0.05008711,0.36204013
-0.38684174,0.27044547,-0.0037175852,0.3554704
-0.20795451,0.33248726,-0.046316825,0.36588797
0.03395256,0.40450507,-0.119767815,0.38527432
0.21677074,0.45719814,-0.18131232,0.4309772
0.28431284,0.47262236,-0.18204252,0.43916643
0.25898623,0.45939672,-0.17197955,0.42784178
0.13019162,0.40795398,-0.13966075,0.40805423
-0.17861098,0.32200828,-0.052616347,0.37533626
-0.34714916,0.26321825,0.01799008,0.37585983
-0.36719018,0.25467035,-0.005858117,0.36617664
-0.37858692,0.24794358,0.03385365,0.37757275
-0.3563494,0.2560764,0.014260589,0.3650533
-0.35505944,0.25641927,-0.0021263852,0.36806527
-0.3541847,0.26039913,-0.008644006,0.37373117
-0.35229272,0.2651652,-0.0144393,0.3758575
-0.36677662,0.2604679,-0.010571524,0.37837052
-0.3818364,0.25469276,-0.024941772,0.3788304
-0.38286468,0.25462398,-0.011274758,0.38706303
-0.36201873,0.2634303,-0.025638375,0.3834755
-0.3435345,0.26854047,-0.008124914,0.3882013
-0.30510736,0.2800785,-0.0044500744,0.38164353
-0.30288783,0.2741641,0.011644235,0.3774426
-0.35071003,0.25087693,0.001258628,0.36925
-0.42004198,0.22144987,0.022034846,0.37350872
-0.45967752,0.20459618,0.029504262,0.36928988
-0.48113486,0.19228354,0.04506084,0.36715803
-0.48694432,0.18641423,0.038703974,0.36149117
-0.48067594,0.18913756,0.064176366,0.36438188
-0.45145723,0.20424394,0.04219138,0.35695225
-0.430325,0.22056179,0.003042904,0.36197844
-0.40385583,0.23943213,0.03202487,0.3774377
-0.35472554,0.26059398,0.029255113,0.36685428
-0.34382415,0.26112956,0.008670658,0.36217263
-0.3455781,0.25693116,0.048304845,0.3701808
-0.3299571,0.2644225,-0.01224976,0.35419816
-0.3591369,0.25804618,-0.025743654,0.3717018
-0.32857156,0.2715985,0.08672336,0.38474455
-0.19088525,0.30921453,0.11314347,0.34596246
-0.16154192,0.30004674,0.029956864,0.32081586
-0.2764549,0.25239876,0.07426372,0.343741
-0.33303425,0.24740796,0.037115287,0.33182633
-0.38253844,0.24390405,0.005103875,0.34341514
-0.39725983,0.24965823,0.043947477,0.36230725
-0.34987006,0.26926547,0.048420392,0.3531296
-0.3189232,0.27425995,0.03379113,0.3480779
-0.23842588,0.3025689,-0.017454002,0.35115793
-0.06670103,0.36035746,-0.075342886,0.3691104
0.07592164,0.40385446,-0.13466272,0.39211333
0.0841273,0.40655428,-0.13946296,0.4015535
0.019534683,0.3911277,-0.07934129,0.38906035
-0.06251363,0.36653596,-0.07525131,0.36336806
-0.16922125,0.32491717,-0.03978904,0.37244534
-0.1930757,0.32172942,-0.06526722,0.3681164
-0.19309175,0.32357812,-0.04982452,0.38108394
-0.20322257,0.32295188,-0.041409545,0.3746028
-0.25342292,0.30129552,-0.016316857,0.37410924
-0.29267874,0.280192,0.028608978,0.37279627
-0.30873033,0.26936558,0.0112486575,0.3597942
-0.31870472,0.26557085,0.005954289,0.3655519
-0.3276183,0.2688112,-0.031019904,0.366031
-0.36581674,0.25732943,0.03647825,0.3813501
-0.36916772,0.25360245,0.021303855,0.36160922
-0.40153506,0.23637228,-0.0032469335,0.3645629
-0.41933912,0.23351628,-0.003523877,0.37692112
-0.38648295,0.25255984,0.018740883,0.38107798
-0.30070883,0.28555238,0.005731029,0.37095523
-0.22658734,0.30566937,0.0049584014,0.368938
-0.22468357,0.30037892,-0.0074491263,0.36240467
-0.3051195,0.26915184,0.0077787773,0.3649763
-0.36471844,0.2512828,-0.0021680752,0.36399683
-0.37119606,0.25397027,0.021104267,0.37294993
-0.37965953,0.25173143,-0.0033422539,0.36526656
-0.42056486,0.23150711,0.03918503,0.37546813
-0.39587307,0.24010865,0.032766566,0.36594737
-0.3432443,0.26218587,-0.0013988164,0.3647467
-0.29267788,0.2834704,-0.010840272,0.37258586
-0.2513027,0.2999947,-0.0042049135,0.3718005
-0.24755709,0.29997087,-0.012092736,0.36499467
-0.29507753,0.28013265,-0.008275884,0.36726326
-0.34821618,0.26119193,-0.005436699,0.36981687
-0.3685485,0.25473523,0.024504904,0.3744661
-0.35264233,0.26167068,-0.002193547,0.36529958
-0.33560133,0.2681021,0.0014466954,0.37350306
-0.32585603,0.27293155,-0.013491709,0.3710736
-0.33623704,0.26762173,0.021116018,0.37665737
-0.3109693,0.2763721,-0.00197855,0.36515257
-0.3082529,0.27694222,-0.026764302,0.3697011
-0.34171376,0.26783195,-0.028659953,0.3781161
-0.37361047,0.2584749,-0.00037326524,0.382995
-0.3518003,0.26398933,0.033704046,0.3785467
-0.3144144,0.27268228,-0.0056233513,0.36405823
-0.33506003,0.2599539,0.014449755,0.37462902
-0.33410713,0.2581587,0.0703677,0.37088674
-0.3031562,0.26640064,0.03209749,0.34823245
-0.32153296,0.25650388,0.036476146,0.35618713
-0.38280946,0.23522568,0.036057245,0.35363278
-0.42779157,0.21419792,0.13464709,0.35787603
-0.39157394,0.22249901,0.0691232,0.32567704
-0.38201395,0.2292676,0.055017367,0.341529
-0.36375025,0.24638903,0.04091888,0.34847793
-0.36546358,0.2578769,-0.02504974,0.3480374
-0.33820122,0.2781523,-0.003737679,0.37295812
-0.21300745,0.32595012,-0.0005802147,0.36593902
-0.11488747,0.35250637,-0.029858807,0.35557422
-0.07896714,0.35411182,-0.042500366,0.36105946
-0.046136867,0.36265162,-0.079167806,0.36505142
-0.0140183875,0.37251866,-0.10091883,0.38071704
-0.04346621,0.36919847,-0.09556628,0.38142318
-0.14084898,0.34395176,-0.072680965,0.37484184
-0.24335866,0.30809397,-0.019999318,0.37655157
-0.30741796,0.28145114,-0.012293629,0.36942866
-0.29342946,0.28510526,-0.012175854,0.37388417
-0.22632249,0.31042635,-0.038286638,0.37275353
-0.19390759,0.31982622,-0.022524092,0.37704226
-0.21355608,0.31163993,-0.026550021,0.3674203
-0.28754628,0.27977484,0.021467432,0.37196603
-0.34226334,0.25663638,0.015173033,0.36042413
-0.39430878,0.2359445,0.016651358,0.36476168
-0.4143672,0.23238696,0.016006904,0.3683221
-0.408199,0.23936297,0.012816298,0.370688
-0.3914644,0.24645358,0.028328927,0.37304306
-0.35197905,0.2574968,0.056209404,0.36858675
-0.3042583,0.27136275,0.0121447295,0.3540136
-0.28957647,0.27434608,0.028699024,0.36500338
-0.27154535,0.28462374,0.0011580952,0.3561342
-0.28691062,0.28181762,0.00064045994,0.3621822
-0.30930918,0.27364063,0.052291352,0.3651628
-0.31948128,0.26638728,0.03228062,0.3480373
-0.35686886,0.2505072,0.010803668,0.35334376
-0.33231634,0.2588915,0.13219446,0.36958075
-0.1947124,0.30654407,0.027886352,0.3235402
-0.1755045,0.30468577,-0.002074858,0.34544933
-0.21340919,0.29943097,0.004298605,0.35349232
-0.2538894,0.29581332,0.007874556,0.35033256
-0.27773088,0.29262206,-0.010886172,0.35079074
-0.25709546,0.30161616,0.0041485867,0.36157745
-0.19771387,0.32646537,-0.069180705,0.35359514
-0.18844803,0.3273829,-0.03512056,0.3784569
-0.10909939,0.3585803,-0.06214098,0.3659421
-0.009308095,0.3849001,-0.11609909,0.37773052
0.023351878,0.38779444,-0.078448266,0.3944482
-0.018241161,0.3782684,-0.07161855,0.36708525
-0.093554564,0.34651968,-0.048824195,0.37003496
-0.16143408,0.32379872,-0.017005984,0.3670506
-0.23418093,0.3002211,-0.016301116,0.35993227
-0.30372432,0.27352178,0.04299348,0.367312
-0.33327317,0.2603625,0.03380139,0.35174298
-0.34754416,0.25363812,0.03317757,0.35576242
-0.3639221,0.2510737,0.004160865,0.35603428
-0.36067897,0.25700748,0.048191626,0.36878204
-0.27788937,0.28935406,0.024388744,0.35375655
-0.23129201,0.301297,0.008709605,0.35427472
-0.23042125,0.30185515,-0.03125908,0.35469636
-0.2512505,0.29742107,0.0018087864,0.36954913
-0.2088814,0.31402123,0.031410243,0.3604654
-0.13897581,0.33337706,-0.0059438725,0.346129
-0.06952977,0.33521083,0.17351983,0.3629884
0.01695741,0.35370052,0.06505943,0.2937715
-0.06247066,0.29862553,0.12575582,0.31909096
-0.13354176,0.28512356,0.0611,0.29820317
-0.30563995,0.24822958,-0.027704578,0.31164372
-0.47643992,0.21671335,0.038350213,0.35589337
-0.469096,0.23662287,0.052013204,0.3523779
-0.3326958,0.29202086,0.00972953,0.34635824
-0.13634579,0.35254598,-0.034341715,0.35490778
0.07626955,0.4104848,-0.08630613,0.37648326
0.23417637,0.45758343,-0.15262252,0.41067597
0.30116874,0.4712261,-0.185299,0.41191813
0.30085143,0.45773426,-0.19248681,0.4154589
0.20427327,0.43017444,-0.16233926,0.42800298
-0.08626814,0.35816014,-0.08106176,0.37543246
-0.2577462,0.3031275,-0.042642035,0.37285915
-0.25937614,0.3019813,-0.015485121,0.37875345
-0.2074784,0.31944364,-0.032433685,0.37003466
-0.1802546,0.3263056,-0.0651008,0.37143737
-0.19546476,0.31939816,-0.039056893,0.38227957
-0.24709775,0.30257472,-0.02584843,0.3733645
-0.3133082,0.27454296,0.0072584744,0.37470132
-0.3588397,0.25700608,-0.03881175,0.3671123
-0.40686515,0.2390896,0.023164455,0.38892695
-0.35624442,0.250184,0.15269494,0.37857774
-0.26197457,0.27080855,0.036664143,0.3244045
-0.3138412,0.24241088,0.052769512,0.3508863
-0.3865261,0.22484247,0.05938897,0.34588265
-0.45634514,0.20768836,-0.010364911,0.3404623
-0.49262863,0.2050353,0.04980625,0.37338573
-0.43185243,0.2332849,0.076673396,0.36485156
-0.3735828,0.24957307,0.029823422,0.34934664
-0.34211114,0.25873473,0.02733415,0.36138484
-0.19343069,0.31764853,-0.017810544,0.36065093
-0.026201965,0.3723087,-0.08274768,0.36978713
0.007804229,0.37998614,-0.07985433,0.38123465
-0.05353701,0.36310503,-0.033947874,0.3684727
-0.15458651,0.32753852,-0.023197409,0.35407305
-0.27964446,0.28030974,0.021896612,0.36062515
-0.28452224,0.28363615,-0.010083119,0.35449034
-0.22618572,0.30264696,0.0647334,0.36941555
-0.10380747,0.33235124,0.14237922,0.34289005
-0.068167016,0.33174515,-0.02368693,0.30024257
-0.22600415,0.26895118,0.052623164,0.35558367
-0.31001577,0.2649762,0.02883345,0.33379278
-0.3470203,0.26714376,-0.03205375,0.34133273
-0.33383694,0.28038734,0.03042952,0.37152186
-0.20741059,0.31934997,0.112915635,0.3547602
-0.074141905,0.3526987,-0.009102546,0.31525984
-0.01910405,0.3487689,0.0014497178,0.3560176
0.09471207,0.3938967,-0.107351534,0.35563192
0.15063365,0.40026757,-0.16724643,0.40570828
0.054709904,0.39150894,-0.105406314,0.40473512
-0.07756036,0.37228948,-0.07850966,0.36247647
-0.16350785,0.33798334,-0.045843977,0.36783317
-0.1827006,0.32721674,-0.016387986,0.36758825
-0.06587605,0.36460692,-0.0695268,0.36382738
0.072144106,0.39922306,-0.10050947,0.3896245
0.10561003,0.40816587,-0.10565915,0.3895468
0.008933511,0.37654206,-0.064918645,0.37553784
-0.18743347,0.3139467,-0.014820756,0.35975507
-0.33094174,0.26320335,0.01563087,0.3599175
-0.360944,0.25629658,-0.0017020698,0.36104846
-0.3624336,0.26014748,0.013300262,0.37052262
-0.32419154,0.27759814,-0.0017725487,0.36604592
-0.27949655,0.29225075,0.0015495096,0.3690019
-0.25021055,0.30217785,-0.037938852,0.3634639
-0.24092782,0.3040851,-0.015945671,0.37656748
-0.20906492,0.31766436,-0.037153132,0.36729887
-0.2044384,0.31669334,-0.026437568,0.37289584
-0.21390551,0.31108108,-0.005419443,0.36944664
-0.25176492,0.29357854,0.006468876,0.3630139
-0.2961335,0.2731226,0.034197535,0.36248267
-0.30495334,0.26761258,0.04686866,0.35610855
-0.3135389,0.26451302,0.015920576,0.34949544
-0.3556926,0.25140032,0.029253948,0.35947177
-0.38584754,0.24520938,0.015140458,0.35728848
-0.38836133,0.24811897,0.030944824,0.36523908
-0.33630183,0.26688483,0.062837794,0.3633113
-0.24179049,0.29550576,0.045294587,0.34827602
-0.16708441,0.31344646,0.029658325,0.34666055
-0.12372424,0.32405788,0.02380814,0.34602448
-0.109760076,0.32940826,0.0034928743,0.3422828
-0.14311168,0.32024634,0.014482487,0.3460379
-0.2006052,0.30382064,0.051018514,0.34265703
-0.23696125,0.29042134,0.060127772,0.3333776
-0.25141314,0.2837802,0.05040811,0.33240482
-0.217472,0.2989662,0.020482859,0.33682474
-0.14890607,0.32829064,-0.030842971,0.34463325
-0.08996921,0.35157555,-0.039030164,0.3601136
-0.038637422,0.37342656,-0.06694879,0.35880643
-0.012481598,0.38000005,-0.07938996,0.36803195
9.742742e-06,0.3844153,-0.08922951,0.37133756
0.010825063,0.38798168,-0.11281355,0.37647337
0.03882213,0.39439887,-0.09861774,0.39104483
0.07706999,0.40798202,-0.08311699,0.38445875
0.07174298,0.40193993,-0.09197714,0.3727996
-0.014393169,0.37001723,-0.102400534,0.37076125
-0.15515047,0.33154532,-0.08569427,0.37642083
-0.23168541,0.31388062,-0.014474162,0.38239542
-0.23340002,0.3160253,-0.0505157,0.36265177
-0.2654425,0.29858777,-0.03154256,0.3788326
-0.28834513,0.29050875,-0.033755545,0.37634808
-0.29717267,0.28710622,-0.020072795,0.38044146
-0.24639621,0.30605888,-0.03351713,0.37677377
-0.20407501,0.31757456,-0.031260755,0.3781891
-0.24478514,0.29968628,-0.028255211,0.37333408
-0.35880694,0.2543329,-0.010757127,0.37536746
-0.41243944,0.233254,0.021646468,0.3792914
-0.39932504,0.23825192,0.029996254,0.37330014
-0.40287393,0.23290813,0.019073177,0.3679106
-0.4266927,0.22161934,0.019374952,0.37039483
-0.43168223,0.22054298,0.04571878,0.37281817
-0.41086224,0.23035014,0.020037217,0.3635003
-0.40425396,0.23519969,0.011310603,0.36984277
-0.3969645,0.240353,0.029020509,0.37407002
-0.39541766,0.2408867,0.011260221,0.3666388
-0.39567888,0.23964506,0.037593253,0.37315956
-0.35544693,0.25555652,0.02396288,0.36480802
-0.33689532,0.26217914,0.0054240776,0.36468035
-0.3575381,0.25670773,-0.010990564,0.36837494
-0.36988273,0.25600597,0.012193842,0.37659737
-0.34899122,0.26621193,-0.004183227,0.3697826
-0.3541668,0.26234856,-0.0015649362,0.3741046
-0.35460106,0.2616503,-0.0022682874,0.3747088
-0.33915013,0.26709738,0.007163954,0.37587047
-0.3069181,0.27744436,0.012691966,0.37184143
-0.27164987,0.28738958,0.0066487575,0.36685196
-0.284922,0.2808505,-0.016160106,0.36424515
-0.35266942,0.25581655,0.017549923,0.37293416
-0.3856236,0.2439054,0.028645555,0.36652556
-0.3902459,0.24138322,0.022903593,0.3644496
-0.39924657,0.23813067,0.010897405,0.3664335
-0.4047522,0.23784423,0.027141558,0.37223133
-0.3753457,0.25119677,0.022972291,0.36789915
-0.3277805,0.26949474,0.012289767,0.3667711
-0.2906489,0.28344887,-0.013231082,0.36592406
-0.2931035,0.28181714,0.011721043,0.37242293
-0.30497396,0.27839085,-0.010482624,0.36257005
-0.3268405,0.27149615,-0.018015198,0.37057096
-0.33076364,0.27189583,0.011890415,0.37700906
-0.31953493,0.27428964,0.019113202,0.36764556
-0.31900603,0.27079263,-0.0016290601,0.36323392
-0.31344697,0.27077195,0.030804731,0.371933
-0.28108886,0.28188583,0.027216498,0.35991234
-0.2819622,0.2785543,0.01889612,0.35642728
-0.30648485,0.26962653,0.016561894,0.35817975
-0.33755463,0.2612855,0.016180627,0.35966948
-0.38764846,0.24642836,-0.010244456,0.36012888
-0.40476453,0.24332137,0.04469307,0.37624273
-0.33754313,0.2722661,-0.007565355,0.35921496
-0.30454385,0.28305775,-0.016013209,0.37143096
-0.26908624,0.29736477,-0.021996742,0.37291205
-0.20684864,0.31805435,-0.007975546,0.37332568
-0.152242,0.33478308,-0.049483836,0.36230806
-0.16458626,0.32344517,-0.00470816,0.37481144
-0.19861549,0.31252417,-0.02310629,0.3572575
-0.28835246,0.27739775,0.020802274,0.36706272
-0.33028054,0.26248074,0.03340611,0.35892522
-0.3400485,0.25868115,0.026653605,0.35649842
-0.37142485,0.24790463,0.009643714,0.35818052
-0.40238753,0.24092312,0.0063791485,0.3661923
-0.3763552,0.25674716,0.021609567,0.3720214
-0.30974364,0.28315666,-0.0006516083,0.3650048
-0.25844303,0.29876485,-0.009298118,0.3676454
-0.21818346,0.3117098,-0.031180898,0.36659685
-0.21012507,0.3132813,-0.021371784,0.37148333
-0.20114672,0.31798682,-0.038706377,0.36633247
-0.2227302,0.31137303,-0.054728884,0.37105998
-0.2869479,0.29171583,-0.043179344,0.3787031
-0.3438734,0.2713301,0.00052413286,0.38271624
-0.33332556,0.27114773,0.021229068,0.37496203
-0.28873688,0.28136128,0.013459214,0.36740103
-0.26745704,0.28367287,0.014437483,0.36624262
-0.28931865,0.27622613,-0.0137575,0.36122227
-0.2944447,0.26834375,0.1519289,0.3776377
-0.21870944,0.28536862,0.068086796,0.31832907
-0.30815446,0.237283,0.104998566,0.3317876
-0.4113646,0.19850042,0.091470316,0.31824717
-0.47999728,0.18204394,0.038828555,0.32065794
-0.49568373,0.1982918,0.041904557,0.3494901
-0.42363167,0.2420162,0.074929975,0.359949
-0.2973267,0.29002756,0.020626942,0.34295577
-0.21609455,0.31341505,-0.017949576,0.3515442
-0.1113536,0.34927866,-0.077907026,0.36205178
0.028686898,0.39131698,-0.12261309,0.3906006
0.12145786,0.42047334,-0.14258191,0.4090494
0.12452151,0.42213118,-0.11618037,0.40310833
0.06532931,0.40222993,-0.095393054,0.3781391
-0.0783289,0.35088864,-0.058468327,0.36877826
-0.18121313,0.31961563,-0.03674178,0.36714667
-0.18979041,0.3203727,-0.030971004,0.3689552
-0.2048048,0.3163082,-0.021691432,0.36713925
-0.26709282,0.29176944,0.0072671887,0.36564612
-0.3183818,0.26756433,0.045876827,0.36264592
-0.32500678,0.26312038,0.011348597,0.35198465
-0.31860247,0.26861268,0.004709585,0.36352217
-0.2944077,0.28482014,-0.021196853,0.36442724
-0.29974586,0.2870229,-0.015398355,0.37099832
-0.30415493,0.28572118,0.0014464164,0.37090763
-0.296351,0.2864616,-0.015114769,0.36608192
-0.288618,0.28785384,-0.021735586,0.37213385
-0.2552514,0.29992092,-0.004932643,0.37537414
-0.19836491,0.31969553,-0.030192677,0.3660224
-0.1909702,0.3194263,-0.04761771,0.3697845
-0.25507563,0.2977667,-0.03355499,0.37487644
-0.31844324,0.27431777,0.027219981,0.37741044
-0.3292379,0.2662342,0.019940421,0.3617755
-0.34284878,0.25808802,-0.00033635247,0.36354238
-0.3643137,0.25239667,0.0077823736,0.37186047
-0.3799649,0.2499818,0.011575164,0.37048084
-0.37079287,0.25523108,0.010110017,0.3704609
-0.34513405,0.2654283,-0.0005375311,0.37079808
-0.34725648,0.263756,-0.0026947171,0.3728041
-0.36253402,0.25756285,0.0036465276,0.3741929
-0.33956334,0.26744932,0.003314019,0.37374386
-0.2923475,0.28565678,-0.016077848,0.37164015
-0.28909937,0.28469095,-0.0028009885,0.37501508
-0.3238779,0.2708924,-0.0137798395,0.36924955
-0.3601725,0.25623384,0.01187944,0.37656608
-0.37543184,0.25317818,-0.034398127,0.36918285
-0.40957254,0.24284962,-0.014816186,0.38720578
-0.4094322,0.2459797,-0.014804157,0.38572443
-0.3869112,0.2518545,0.021491712,0.3885677
-0.3384783,0.26499617,0.005625903,0.37501645
-0.3265576,0.2639405,0.00028037772,0.37554926
-0.3315595,0.26011828,0.025723115,0.37634623
-0.31977263,0.25928774,0.08911266,0.36851144
-0.32906705,0.24850269,0.021762406,0.33975855
-0.42923567,0.2038649,0.08061333,0.35631117
-0.48840714,0.17500709,0.06797979,0.33700103
-0.4954226,0.17206734,0.13079476,0.3414439
-0.44639593,0.19690393,0.05708422,0.32502297
-0.43035397,0.21414407,0.057902906,0.34775412
-0.4086615,0.23532508,0.012651138,0.3498654
-0.3791226,0.2582835,0.0032145393,0.3636252
-0.26843804,0.30571613,-0.018182535,0.36600018
-0.14185809,0.3469986,-0.0395714,0.3664643
-0.09028662,0.35969824,-0.07569314,0.3645828
-0.0802144,0.35725984,-0.05991194,0.3770623
-0.04266391,0.37072396,-0.07694278,0.37161
-0.01789426,0.37387386,-0.06659665,0.37858185
-0.05928816,0.36043358,-0.060744576,0.36728868
-0.18070854,0.31829637,-0.024528347,0.36681446
-0.3036563,0.27747652,-0.021469507,0.36304832
-0.36915278,0.25566053,0.012619585,0.3737402
-0.35145387,0.2659295,-0.0021924525,0.3681787
-0.3250423,0.27435532,0.015269868,0.3731113
-0.2794434,0.28533882,0.05016379,0.3675055
-0.23800156,0.29564643,-0.010991757,0.34911475
-0.26904884,0.28417006,-0.03334204,0.3651133
-0.2976301,0.28234684,-0.0012872125,0.37559345
-0.30630064,0.28516805,-0.020533068,0.3648683
-0.33454618,0.27180737,0.012354279,0.3742095
-0.3423146,0.26548743,0.007480201,0.3669684
-0.34123623,0.26351786,0.010520697,0.36965966
-0.31434062,0.27579007,-0.016152482,0.3679374
-0.251564,0.29943535,0.00705472,0.3761912
-0.115932964,0.3315895,0.16077411,0.37033057
-0.047115594,0.33911625,0.023111355,0.30232167
-0.22361867,0.25514936,0.10730198,0.33863544
-0.3394236,0.22685651,0.09303479,0.3147182
-0.4300046,0.20499179,0.03835105,0.31566253
-0.48029506,0.20130126,0.08406053,0.34518272
-0.45007122,0.2233474,0.063048325,0.3404005
-0.3892985,0.24827525,0.087740704,0.3473242
-0.2555691,0.29707083,0.01755751,0.33522797
-0.054433398,0.35995907,-0.03873246,0.35526958
0.14938839,0.41961697,-0.10789087,0.3867506
0.24222215,0.44354066,-0.07710284,0.41052926
0.23520209,0.44935,-0.08595429,0.37319332
0.16388045,0.40563932,-0.087851904,0.37634784
-0.012217678,0.36256415,-0.07198807,0.35663423
-0.16266172,0.32831055,-0.048222397,0.35972515
-0.1714505,0.3343028,-0.022601271,0.3634865
-0.1122905,0.35593125,-0.05354485,0.35595438
-0.0894981,0.3578007,-0.059781104,0.36547616
-0.0732133,0.3617747,-0.060179472,0.36758387
-0.021612983,0.37680957,-0.07852373,0.37129876
0.046091635,0.39468524,-0.1020968,0.38211712
0.042679,0.39190352,-0.103331685,0.3835179
-0.05710472,0.36293495,-0.07712047,0.37416333
-0.18634129,0.32343137,-0.045573317,0.3697041
-0.25669074,0.3003965,-0.018352753,0.37132448
-0.2525717,0.30122185,-0.0063090734,0.3695694
-0.24460109,0.30200452,-0.020671492,0.36511353
-0.25630128,0.2958899,-0.011384336,0.3702153
-0.26777333,0.2936861,-0.030014973,0.36707416
-0.29194218,0.2858751,-0.008626742,0.37525472
-0.29351965,0.285246,0.0069428817,0.3707807
-0.30648798,0.27897722,-0.025388494,0.36430442
-0.34004694,0.26439822,0.020503135,0.37879416
-0.32939008,0.26861688,0.013793764,0.3659944
-0.31450066,0.27201855,0.01212791,0.366493
-0.30485648,0.274974,0.0037036245,0.36565444
-0.3262571,0.26817518,-0.0033591073,0.36655483
-0.3554589,0.25810823,0.022734867,0.37118882
-0.361086,0.2562379,0.011478896,0.36424458
-0.35602364,0.2586497,0.005745187,0.36830962
-0.3524969,0.26114607,0.00501958,0.370592
-0.34781697,0.26344585,0.013676831,0.3710266
-0.3103332,0.27740282,0.008121741,0.36789218
-0.28295374,0.28668302,-0.015747005,0.36591735
-0.2852174,0.28417006,0.01599538,0.3731319
-0.29030323,0.28231433,-0.0051179514,0.36102015
-0.30378416,0.2733161,0.050038125,0.37024075
-0.27759686,0.2802306,0.029845187,0.35168636
-0.2917481,0.2689429,0.062762074,0.3554893
-0.2881371,0.26515827,0.099290155,0.34558043
-0.28617114,0.26279157,0.047018647,0.32781893
-0.33398986,0.24864969,0.043181065,0.34193513
-0.37251562,0.24512959,0.038216773,0.3461788
-0.3936551,0.24884564,-0.020625807,0.34788093
-0.38238972,0.26180425,0.022934308,0.37370005
-0.2729507,0.3051338,0.0028430657,0.3599761
-0.15265486,0.3417352,-0.047155753,0.35830688
-0.058458705,0.36537525,-0.067921765,0.37230644
0.022236345,0.3892424,-0.098643005,0.3784738
0.07037738,0.3993563,-0.09628993,0.39036268
0.038674112,0.3908033,-0.092642866,0.37652388
-0.079058155,0.35188544,-0.05712402,0.371174
-0.22481285,0.3057537,-0.022638386,0.36524442
-0.33285454,0.26785052,0.005760435,0.36664855
-0.33184105,0.27041444,0.008547342,0.36700037
-0.29692617,0.2839268,-0.0027468503,0.3662576
-0.2835442,0.28739813,0.003621668,0.36782014
-0.26796877,0.2909989,0.0125276,0.36513102
-0.2472419,0.29630253,0.0021228753,0.36031064
-0.24630116,0.29644382,-0.019560907,0.36100683
-0.2729317,0.288412,0.0048244614,0.36872858
-0.29019868,0.28444484,0.0018604919,0.3615933
-0.30802655,0.27637103,0.017432464,0.36446106
-0.3132009,0.2746204,-0.004345594,0.3601989
-0.32090643,0.27249625,0.010505084,0.36875156
-0.30390656,0.28195518,-0.014301375,0.36368126
-0.28028804,0.2913358,-0.005442359,0.37143525
-0.24170218,0.3056347,-0.01857087,0.36660197
-0.24443232,0.30283898,-0.025262441,0.3678562
-0.22865675,0.29986152,0.097410075,0.37608254
-0.16053289,0.31862926,-0.009116202,0.32906199
-0.22461657,0.28644034,0.008234701,0.3593834
-0.29103982,0.27396786,0.014014587,0.3554279
-0.37059575,0.255859,-0.044696912,0.35252422
-0.42391852,0.24223356,0.031128088,0.3836562
-0.37851143,0.2624874,0.0031242948,0.3653318
-0.32908195,0.2767747,0.0067034774,0.37187627
-0.2539958,0.3010535,-0.0146677,0.36829746
-0.14628412,0.33625847,-0.042711936,0.37043172
-0.032205913,0.3700429,-0.062132914,0.37632924
-0.03446364,0.3666567,-0.07017343,0.3705754
-0.13061404,0.3299552,0.027542103,0.37211224
-0.2360681,0.29099756,0.007807689,0.34198093
-0.3763877,0.23344074,0.058541097,0.35554007
-0.41328692,0.2261099,0.008607147,0.3472225
-0.42957297,0.22942746,0.033454124,0.36707893
-0.39064315,0.25135243,0.022157272,0.36304817
-0.34389532,0.27026078,0.0014162534,0.3636455
-0.28905413,0.2891318,0.0043377453,0.36897606
-0.22566006,0.31178623,-0.034259368,0.3630108
-0.16634096,0.33004358,-0.035632927,0.3729042
-0.095928706,0.35388473,-0.058297243,0.36944908
-0.09270561,0.34990072,-0.028245173,0.372546
-0.15057027,0.32947105,-0.03426474,0.35796875
-0.26668465,0.2866876,-0.00700271,0.36545557
-0.332639,0.26735467,-0.008267594,0.36489618
-0.34743348,0.2636034,0.039181404,0.3725843
-0.31810188,0.27427188,0.0029652184,0.35688853
-0.2941839,0.275265,0.086073175,0.37024608
-0.21845208,0.2935622,0.08035578,0.34068826
-0.19354777,0.29210392,0.049011145,0.33254462
-0.214243,0.28454205,0.039152376,0.33908963
-0.27277467,0.27627462,-0.01100323,0.33814168
-0.3576314,0.25663134,0.059656978,0.35959527
-0.3607517,0.26007992,0.035688333,0.34254256
-0.34258768,0.26680785,0.019063711,0.35027742
-0.2852472,0.29153165,-0.021120239,0.35621774
-0.19018425,0.32756236,-0.030817358,0.36742577
-0.034221612,0.37849653,-0.06375732,0.3697971
0.08017978,0.40877414,-0.1156742,0.38067025
0.088359654,0.4037983,-0.11594421,0.39215642
0.012880917,0.38290238,-0.08404819,0.37920037
-0.092830546,0.35188466,-0.05911333,0.36757326
-0.1469315,0.33534637,-0.053071424,0.36790428
-0.1899758,0.3218208,-0.03553198,0.37072933
-0.24562676,0.30247813,-0.005531872,0.3687034
-0.27424526,0.29016402,-0.00024870646,0.3637846
-0.27063262,0.29077846,-0.017574653,0.36440355
-0.26686534,0.29266453,-0.0054685716,0.37093398
-0.2667827,0.29324597,0.0039798175,0.36631843
-0.26781854,0.2916677,-0.008169028,0.36233902
-0.24734463,0.29076794,0.0988773,0.37147278
-0.16691141,0.30552706,0.113872886,0.33422264
-0.17903773,0.28660923,0.038203187,0.31587
-0.27381957,0.25320736,0.094982505,0.3397979
-0.32790795,0.24893714,0.039324995,0.32175785
-0.4027669,0.23244004,0.049285535,0.3397335
-0.4115534,0.23720936,0.07861542,0.34714624
-0.34563488,0.2646476,0.0540854,0.33900553
-0.2505596,0.29618144,0.047463633,0.34335044
-0.100521326,0.3452796,-0.0121850185,0.34078974
0.06319984,0.3911828,-0.07424974,0.36428222
0.16004743,0.41808823,-0.13733722,0.3904155
0.13631989,0.41060856,-0.1367979,0.4048858
0.05405081,0.39985874,-0.11249471,0.38566002
-0.023113996,0.37942967,-0.07116209,0.37508643
-0.055509686,0.36919808,-0.061788496,0.3642151
-0.04066458,0.3690734,-0.07129379,0.368577
-0.017570615,0.37422484,-0.07819627,0.37411347
-0.0103702275,0.37606063,-0.07020827,0.37542865
-0.04465395,0.36618412,-0.07298073,0.36783722
-0.1429061,0.33395198,-0.044619653,0.36891434
-0.24990053,0.30001077,-0.019036341,0.36606213
-0.2924085,0.28427103,0.019800277,0.3685331
-0.26655793,0.29244033,0.0025365371,0.35887006
-0.24770415,0.29725742,-0.01299183,0.3623818
-0.25672016,0.29602972,-0.025182078,0.36562446
-0.2776058,0.2914478,-0.00667436,0.37076592
-0.27028105,0.29578218,-0.012477904,0.36596665
-0.2538755,0.2975519,0.022604164,0.36955217
-0.23644312,0.2991929,0.010144221,0.35605535
-0.25842756,0.28738302,0.0023433592,0.35798207
-0.28602287,0.28196728,-0.028628962,0.3604843
-0.29911426,0.28299105,0.008753556,0.37434238
-0.28729796,0.29071805,-0.009115184,0.36156192
-0.312637,0.2784391,-0.00403584,0.36723676
-0.3250643,0.27281514,0.0023882028,0.36941183
-0.31036445,0.27953517,-0.011431261,0.36823773
-0.26700172,0.29608905,-0.009433665,0.37242907
-0.20727588,0.31813005,-0.042814706,0.36745602
-0.20566382,0.3162909,-0.032599915,0.37490612
-0.25731692,0.29848146,-0.028522843,0.37043628
-0.31427523,0.2764581,-0.0015542634,0.37478563
-0.31412807,0.27610055,0.0032357834,0.37117285
-0.31086892,0.27461836,0.012082183,0.36989954
-0.3192556,0.26943058,0.006548297,0.3660321
-0.3411578,0.2607838,0.008183092,0.36788523
-0.35765943,0.25610727,0.011793315,0.36872447
-0.36336255,0.2550014,0.016665895,0.36874095
-0.3505378,0.25648662,0.06658377,0.36962762
-0.323829,0.26235497,0.018738816,0.34942085
-0.35022745,0.25069192,0.025341207,0.36165398
-0.34817138,0.25563237,0.04577499,0.36241493
-0.32193896,0.2682735,0.018375542,0.35303956
-0.31965694,0.26980957,0.013868203,0.35954633
-0.32860544,0.26860964,0.013579937,0.3612825
-0.33311892,0.2684351,0.018659126,0.36217636
-0.31573147,0.27689365,-0.0064913644,0.36027125
-0.27029672,0.2954969,-0.013678543,0.36816844
-0.20623872,0.31963983,-0.031829268,0.36729798
-0.20054215,0.32160583,-0.053176917,0.36745945
-0.21190499,0.31664217,-0.023696411,0.37645808
-0.19196117,0.32458517,-0.045162622,0.36671677
-0.20970131,0.3147261,-0.028030893,0.37416682
-0.22622067,0.30778906,-0.011099883,0.37028497
-0.24344377,0.29993778,-0.01836522,0.365529
-0.27807793,0.28575566,-0.00018158162,0.37006766
-0.30588743,0.27457294,0.025312942,0.36710566
-0.31996667,0.26762468,0.015527164,0.3594281
-0.3433513,0.25623086,0.043068577,0.3640262
-0.34403786,0.2547817,0.046653625,0.3560861
-0.3399053,0.25584418,0.033827472,0.35292238
-0.35017374,0.2542829,0.019929018,0.35562772
-0.361288,0.25709933,-0.012210405,0.3596506
-0.36669952,0.26226282,-0.0033797394,0.3725239
-0.33433256,0.27737758,0.010905633,0.37208304
-0.27092502,0.29893494,-0.017485462,0.36455175
-0.22513416,0.31160057,-0.038688973,0.3700454
-0.19669302,0.32066104,-0.037739106,0.3748781
-0.16272224,0.33256504,-0.041291945,0.37245932
-0.13188156,0.33753365,0.0032393213,0.37323505
-0.13847494,0.33072287,-0.021362662,0.35281128
-0.25720668,0.28354746,-0.004149199,0.3612405
-0.3736465,0.2445145,0.022784209,0.3631959
-0.39518297,0.23969084,0.057392385,0.36371356
-0.36344007,0.2527886,0.01979675,0.3528674
-0.36494473,0.2503037,0.045900736,0.36390057
-0.35796377,0.25475982,0.008029064,0.354512
-0.3441264,0.26269323,0.02983373,0.36711693
-0.26823708,0.29557833,-0.02012469,0.357768
-0.20315291,0.31663397,-0.004996393,0.37016988
-0.18833023,0.32387364,-0.05675202,0.35690805
-0.24708717,0.3011508,-0.01052376,0.37609416
-0.24689019,0.30659238,-0.04705636,0.36327583
-0.24772274,0.30576253,-0.032039426,0.3777938
-0.23665963,0.3120905,-0.047056124,0.37252474
-0.23991294,0.30806154,-0.01813862,0.3791995
-0.2302542,0.30810392,-0.010176642,0.37056518
-0.23920113,0.30106136,-0.03122236,0.3666572
-0.28046295,0.2867888,-0.03863257,0.3743822
-0.32266036,0.2750666,-0.0072752177,0.38114184
-0.35094956,0.26518628,-0.008302512,0.37379527
-0.37105346,0.25331774,0.019248668,0.37806246
-0.37927264,0.24550769,0.017894749,0.37080535
-0.39217192,0.2385908,0.010391218,0.37042534
-0.39739552,0.24065779,-0.015316133,0.3728446
-0.37325636,0.25362748,0.03998748,0.38505182
-0.32654473,0.2695705,0.010005592,0.363764
-0.3511463,0.25059128,0.057431262,0.37011588
-0.36607358,0.23951253,0.041542303,0.35408747
-0.38935798,0.2303807,0.043394025,0.35683376
-0.40189818,0.2314876,0.017320978,0.3563295
-0.41874024,0.23344314,-0.002758407,0.36503115
-0.437576,0.2327946,-0.0055798455,0.37484795
-0.43532106,0.23425104,0.035634805,0.38164714
-0.37120092,0.2578757,0.012080496,0.3690489
-0.2869916,0.28683868,-0.008351054,0.3717641
-0.20407312,0.31386986,-0.01462923,0.3728827
-0.15265141,0.3308321,-0.043749433,0.3668053
-0.17289898,0.32178113,-0.03181919,0.37221175
-0.24954282,0.29698655,-0.022436803,0.36752105
-0.3427737,0.25784552,0.07246606,0.3734307
-0.38081416,0.23532651,0.030254459,0.34572378
-0.41428936,0.22066796,0.05362264,0.35979006
-0.39080533,0.2369548,0.033829696,0.35611925
-0.38464847,0.2468082,-0.012210217,0.35814846
-0.3740203,0.255724,0.045243125,0.3769941
-0.31122348,0.28069857,0.0029817338,0.3565514
-0.30039212,0.2807859,-0.004092933,0.36523962
-0.27552015,0.28777075,0.033559177,0.36981806
-0.19526379,0.31414992,0.015791416,0.35425115
-0.1361762,0.32933286,-0.022122165,0.35301512
-0.16629088,0.31796098,-0.021595675,0.36026764
-0.24549651,0.29774785,-0.026140109,0.35893616
-0.33842027,0.27067655,-0.0203006,0.36590996
-0.3770991,0.2610405,-0.0075040674,0.37341908
-0.33154586,0.27998275,0.001794334,0.37498388
-0.25763354,0.30148774,0.017659009,0.3704593
-0.17599373,0.32351512,-0.014606262,0.35901755
-0.11324969,0.33841935,-0.040221788,0.36499053
-0.103259265,0.34112477,-0.042268675,0.3683809
-0.16195706,0.32402822,-0.015448559,0.36503717
-0.2503806,0.2943846,0.0019017117,0.35856315
-0.35585782,0.25471205,0.0032740058,0.35895625
-0.42276448,0.22904362,0.038416475,0.3679193
-0.40632337,0.23992799,0.013166138,0.3620066
-0.34331027,0.268546,0.008586574,0.37008902
-0.24758328,0.30372062,-0.000101203754,0.36788347
-0.19248047,0.31938773,-0.015304169,0.36265397
-0.18441752,0.31714058,-0.0016491652,0.36409482
-0.18345375,0.31608558,-0.01270093,0.35780063
-0.21287762,0.3064361,-0.02535906,0.3601425
-0.2769476,0.28756255,-0.007906891,0.36612177
-0.33423835,0.27128237,-0.014562471,0.36430496
-0.3628187,0.26263064,-0.00046037041,0.37276095
-0.35143524,0.26812786,-0.0037574146,0.3720506
-0.30777875,0.2838792,-0.0049924976,0.37342912
-0.22973076,0.30773482,0.015216542,0.37240908
-0.16203196,0.32771644,-0.03765725,0.35742864
-0.17196365,0.31923607,-0.035762854,0.37092108
-0.19870444,0.30904678,0.052066743,0.37218055
-0.21745174,0.29868373,0.02688604,0.3410179
-0.30090353,0.26066738,0.044948176,0.34908533
-0.38145894,0.23297375,0.04074886,0.34670687
-0.42212373,0.22301278,0.06400438,0.3523722
-0.4006172,0.23720162,0.042732097,0.3484407
-0.3528649,0.26112187,0.012524065,0.3540095
-0.30204472,0.2839275,0.000749318,0.36187276
-0.26704398,0.2988688,-0.008870234,0.36188832
-0.1938943,0.3246217,-0.025588721,0.36314628
-0.086306125,0.3584279,-0.062415767,0.36637753
-0.04424688,0.3686136,-0.08031384,0.37305447
-0.07654982,0.3580971,-0.06536613,0.37370893
-0.121040545,0.34456685,-0.046440877,0.3694204
-0.15326251,0.33324677,-0.041204788,0.36651084
-0.20780537,0.31476927,-0.047311563,0.36687747
-0.26752135,0.29375517,0.0053229523,0.3757769
-0.26518208,0.2938359,0.012135457,0.36306798
-0.25553653,0.2924985,0.0072179516,0.3604776
-0.25775912,0.28852335,0.018130543,0.36187842
-0.27914232,0.28146684,0.0040962733,0.35640422
-0.3165756,0.27018854,0.007945554,0.36167753
-0.33355692,0.26875225,-0.0039213006,0.36270458
-0.33634472,0.26967436,0.022624128,0.36949468
-0.31994465,0.27412635,0.022848088,0.36155087
-0.30374148,0.2777734,0.00044193538,0.35945094
-0.27008545,0.29105684,-0.01167338,0.36625925
-0.23487495,0.30714285,-0.033274595,0.36694935
-0.21866658,0.31404623,-0.021979509,0.37184158
-0.20764947,0.31803262,-0.030341929,0.3662119
-0.23643184,0.30519968,-0.02353489,0.3689678
-0.28176606,0.2891868,-0.027131995,0.36920592
-0.30273092,0.28216773,0.0021286006,0.37594745
-0.27123594,0.29519564,-0.023030521,0.36708325
-0.269773,0.29423746,-0.027944652,0.3733147
-0.29922083,0.28396112,-0.019955542,0.37551618
-0.32167575,0.2740172,0.017176403,0.37706074
-0.30888036,0.2754668,0.012045014,0.3663431
-0.30365288,0.27372235,0.006833289,0.3664575
-0.32487875,0.26598307,-0.0019345058,0.36675116
-0.36761913,0.25222957,0.0062211803,0.37041232
-0.38586843,0.24743158,0.016857387,0.37131253
-0.37403977,0.25145444,0.02904025,0.37020934
-0.37199688,0.24999496,0.0053225355,0.3643478
-0.38528055,0.2439592,0.027582906,0.37281978
-0.36071736,0.2571187,-0.0054659103,0.36573806
-0.32916054,0.27134594,0.005776544,0.37541512
-0.30449358,0.28342092,-0.036791503,0.36780834
-0.3332666,0.27251247,-0.010971538,0.3816709
-0.34024364,0.2691485,0.010888391,0.377206
-0.3323347,0.2693878,-0.009702496,0.36974114
-0.32512268,0.2701089,-0.00039059753,0.37697843
-0.32142553,0.27294272,-0.020668173,0.37246972
-0.33951014,0.26538783,0.0164375,0.38006136
-0.34216768,0.26380953,-0.006659725,0.3679596
-0.37478575,0.24893852,0.0068086246,0.3757074
-0.38760087,0.24102396,0.05623268,0.37587228
-0.36521718,0.24181579,0.08437065,0.3599541
-0.33737707,0.24635226,0.043138642,0.34453058
-0.35655662,0.23860942,0.0589797,0.3540335
-0.36307666,0.23687063,0.12125177,0.35040152
-0.35130912,0.23780233,0.06682177,0.32469243
-0.37997556,0.225838,0.099678986,0.33884826
-0.38009292,0.23046157,0.073515095,0.3304442
-0.40854034,0.22794233,0.013855162,0.3341755
-0.40827057,0.24352345,0.015210628,0.3594751
-0.2995248,0.29654935,-0.015609381,0.36098567
-0.17702195,0.3405356,-0.054226328,0.3632023
-0.10357892,0.3614839,-0.08242706,0.37006897
-0.03433399,0.37978932,-0.099556856,0.38087797
0.054840177,0.40285528,-0.0969054,0.39273956
0.12221178,0.418016,-0.050928943,0.3902068
0.1345536,0.4167978,-0.08013322,0.36167398
0.037293367,0.36587512,-0.023413548,0.3704873
-0.18468316,0.30402187,-0.026548497,0.3404021
-0.386925,0.23992214,0.01785702,0.35860324
-0.4387839,0.22778185,0.039087795,0.36151564
-0.42026308,0.23579863,0.06040894,0.3609269
-0.35958344,0.25549522,0.054562774,0.35419154
-0.27305597,0.28565308,0.014039137,0.3509014
-0.15206674,0.32709703,-0.013554481,0.35923475
-0.047946647,0.36320484,-0.07331028,0.36103362
-0.03221312,0.3658423,-0.050012026,0.37604254
-0.059737593,0.3625463,-0.04781322,0.35916647
-0.16254547,0.32523534,-0.015200535,0.35918102
-0.24466954,0.2978767,-0.006566626,0.35610455
-0.2386458,0.29973802,0.0327377,0.36246923
-0.17249273,0.32500416,-0.036541272,0.34643093
-0.15863602,0.32489222,-0.002963011,0.36794734
-0.15503111,0.33144578,-0.03831215,0.3515085
-0.19441155,0.31525013,0.006013344,0.36524817
-0.19560404,0.3173316,-0.015470224,0.3515549
-0.19307548,0.31627035,-0.013596042,0.36008936
-0.18893749,0.3204751,-0.037213538,0.3584389
-0.20889603,0.3156852,-0.027109955,0.36651474
-0.19491735,0.3227438,-0.019741157,0.36508238
-0.1715848,0.3304231,-0.045770757,0.36125115
-0.19055812,0.32283393,-0.051607974,0.36916256
-0.20550646,0.3203734,-0.045902602,0.37334126
-0.20142238,0.32272357,-0.03237154,0.3736043
-0.1710989,0.32996893,-0.016751712,0.37027943
-0.16601825,0.32789445,-0.0479525,0.3617505
-0.22679767,0.30403346,-0.029760431,0.3733219
-0.26056054,0.29151967,0.051180497,0.37426892
-0.23543307,0.2969964,0.015711203,0.34732264
-0.2628847,0.2794038,0.03353106,0.3569075
-0.30314618,0.26196647,0.08810331,0.35335615
-0.3264963,0.2501257,0.06806515,0.33349863
-0.34523308,0.24210481,0.084657684,0.3393425
-0.32056296,0.25470915,0.07942619,0.33569694
-0.30922735,0.26179564,0.05839,0.3329325
-0.33004677,0.25821105,0.04897712,0.33759
-0.31354955,0.27442342,-0.015151438,0.34069377
-0.2528644,0.3038185,-0.0007491233,0.36387518
-0.16074349,0.3418052,-0.042833447,0.35345706
-0.076254845,0.36317456,-0.02784135,0.36643055
0.034918886,0.39576566,-0.06910751,0.36108342
0.0837381,0.40022615,-0.092963666,0.3755903
0.08296397,0.3979762,-0.10188146,0.38070878
0.056516547,0.3912705,-0.08952376,0.38180566
-0.003622067,0.37785068,-0.078165084,0.37033877
-0.11502497,0.3451041,-0.060699508,0.364742
-0.22921748,0.30935094,-0.022823077,0.36735612
-0.24573518,0.30455092,0.0011702288,0.3658975
-0.19444567,0.32088548,-0.019728264,0.35971954
-0.1491457,0.33398575,-0.054197617,0.36346525
-0.14927961,0.3333458,-0.041323792,0.37291372
-0.1859092,0.32604206,-0.06480506,0.36508322
-0.23153782,0.3096546,-0.012639977,0.37920654
-0.22610772,0.3127524,-0.02746428,0.36436322
-0.25028327,0.29889002,-0.008711979,0.37089732
-0.2731523,0.28995442,-0.017757887,0.3664776
-0.28320423,0.28682193,-0.008204255,0.3719092
-0.25924572,0.29527515,0.013810459,0.37046236
-0.25389576,0.29426566,0.0006059481,0.35980195
-0.2994866,0.27426347,0.006735563,0.3633733
-0.35288057,0.25614583,0.0017120617,0.363911
-0.37181666,0.24999933,0.061327312,0.37167907
-0.32895917,0.26726303,-0.00025410048,0.35107464
-0.3310907,0.26454568,0.026176596,0.3688604
-0.32577392,0.26963353,-0.0016093709,0.3597072
-0.34449437,0.2652821,-0.0063198823,0.36745098
-0.31603584,0.278586,0.018281313,0.37280473
-0.25522864,0.30160353,-0.025527341,0.3607909
-0.25255874,0.2990102,-0.01498285,0.3719071
-0.25415143,0.29673767,0.018330809,0.36962542
-0.22226582,0.304278,0.018047573,0.35822865
-0.19486968,0.30859295,0.0050436812,0.35528898
-0.23231496,0.294617,-0.005098349,0.355597
-0.30707783,0.2732179,-0.008333462,0.35965335
-0.3669822,0.25597998,0.025152318,0.3671348
-0.36972877,0.2585156,-0.0046279877,0.36025256
-0.35825622,0.26429304,0.0013826664,0.37207818
-0.3264101,0.27742904,-0.0034639153,0.37095398
-0.27044863,0.29837474,-0.026707375,0.36979255
-0.19712348,0.32355312,-0.050284717,0.37397566
-0.14151973,0.33984983,-0.037455067,0.3782171
-0.13214986,0.3406633,-0.042468484,0.36802837
-0.19687305,0.31359822,-0.02614492,0.3690738
-0.2803025,0.2846222,-0.020954764,0.36810333
-0.3355691,0.26419458,0.036886193,0.37498593
-0.35004222,0.25668964,0.020725418,0.3586672
-0.3751306,0.24475047,0.019126246,0.36366984
-0.39523333,0.23965098,0.0070791002,0.36604193
-0.3926447,0.24155265,0.074128054,0.37430012
-0.33011493,0.2644944,0.018842136,0.3499989
-0.30854055,0.270424,0.00944433,0.3622697
-0.30557048,0.27439052,0.013020627,0.3643859
-0.31131923,0.27332872,0.037933905,0.3623845
-0.2949358,0.27971205,-0.0013598741,0.35239476
-0.27901128,0.28409734,0.0288535,0.3661136
-0.26399678,0.29029346,0.010935485,0.3536215
-0.29942396,0.27724326,-0.0034790332,0.3564657
-0.30767584,0.27965125,-0.020950323,0.3642123
-0.2662611,0.29914755,-0.0018819765,0.3724475
-0.23423128,0.31213322,-0.034615725,0.36111617
-0.23567843,0.30653608,0.0022050836,0.37255904
-0.19159362,0.3205992,-0.021340288,0.36023647
-0.18321578,0.32034168,-0.042858284,0.3647501
-0.19460817,0.31593972,-0.0031215842,0.37295526
-0.17871797,0.3232478,-0.02137727,0.3582819
-0.2195483,0.3058887,-0.019763667,0.36297527
-0.30810964,0.27649048,-0.021605242,0.36469728
-0.35547748,0.260549,0.041352022,0.37519464
-0.28449476,0.28046477,0.10602209,0.36145714
-0.2019271,0.3004449,0.012473995,0.32979253
-0.22288962,0.2850105,0.036269166,0.3551624
-0.2730355,0.27813685,-0.007058182,0.34363016
-0.34374127,0.26342198,0.0023388935,0.35903203
-0.3155086,0.27843627,0.074194215,0.36591673
-0.252078,0.29845148,0.0028458552,0.33721516
-0.2755104,0.28124222,0.043373823,0.35832557
-0.23508266,0.29725716,0.02269793,0.34709874
-0.12825046,0.33441997,-0.019920856,0.35077053
-0.02453908,0.36686268,-0.05631876,0.36246392
-0.046085604,0.36488605,-0.11151082,0.36187667
-0.16942549,0.3315458,-0.06312098,0.3805652
-0.23462877,0.3184406,-0.023188006,0.37034237
-0.20339555,0.32742515,-0.04340158,0.3641734
-0.1206134,0.3487283,-0.052837428,0.37381405
-0.06783546,0.36274812,-0.066593155,0.37238452
-0.05979774,0.36214888,-0.07315112,0.37394598
-0.08150407,0.3544305,-0.07085233,0.37477818
-0.14946978,0.33369637,-0.055056628,0.3732596
-0.25968853,0.2959165,-0.009087462,0.3733934
-0.35123357,0.25794435,0.030608557,0.36838225
-0.36154017,0.2505354,0.03025957,0.36244556
-0.34538156,0.25623164,0.024052368,0.36292672
-0.33687484,0.2610855,0.019962193,0.3630069
-0.32810903,0.2665709,0.017771764,0.36289018
-0.31659284,0.27009693,0.043411728,0.36358324
-0.31123987,0.27017233,0.017967165,0.35239345
-0.3370002,0.25908586,0.031630203,0.36002812
-0.337977,0.26171467,0.021900743,0.35710087
-0.31154674,0.27397987,0.02832994,0.36028266
-0.2701448,0.29088607,-0.0036727102,0.354993
-0.26693472,0.29306102,-0.015105155,0.36207968
-0.26872718,0.29475495,-0.0014879132,0.3665872
-0.24970904,0.30279574,-0.010960999,0.36183605
-0.22075339,0.3123838,-0.030412812,0.36371553
-0.1925418,0.32144362,-0.029295055,0.36945778
-0.1886734,0.32380322,-0.042956084,0.36598557
-0.20511429,0.31716666,-0.026459027,0.37145963
-0.1993593,0.3183256,-0.012960954,0.36788177
-0.19671175,0.31607497,-0.0135331005,0.36302486
-0.24073276,0.2993483,-0.034489628,0.36181477
-0.30071542,0.28009567,-0.0063512134,0.37357405
-0.3072463,0.28155625,-0.00087130495,0.36895135
-0.3046036,0.28110355,0.00520819,0.36799154
-0.30985248,0.27753732,-0.013240007,0.36563903
-0.32322696,0.27175614,0.0092639895,0.37378567
-0.30825606,0.27750397,0.012968063,0.36756468
-0.28128773,0.28677708,-0.009815344,0.36382672
-0.26679695,0.2911566,-0.0043676253,0.36995342
-0.28631017,0.28500766,-0.010328265,0.36597976
-0.33207342,0.26703143,0.018762516,0.37009123
-0.33825752,0.26523685,0.0012399687,0.36345676
-0.33641043,0.26594496,0.013129388,0.37043658
-0.3287801,0.2693877,0.007537268,0.366413
-0.3310634,0.26827082,0.005831515,0.36724183
-0.315757,0.27491865,0.0014031708,0.3682238
-0.30600837,0.2797874,-0.013577261,0.36796945
-0.3164726,0.27671924,-0.005667998,0.37269023
-0.31213996,0.2781528,0.009098469,0.371889
-0.30253425,0.28092915,-0.016605746,0.36564258
-0.3088557,0.2768537,0.007263596,0.37500232
-0.3048809,0.27868533,-0.0023290694,0.36705932
-0.30877492,0.27595505,0.0054874467,0.36984476
-0.30884784,0.27530056,0.006986981,0.36761683
-0.31940594,0.2703026,0.012318781,0.36676675
-0.33914888,0.26241392,0.008543358,0.36511195
-0.36436194,0.25390592,0.0050368565,0.36731133
-0.32350543,0.26291272,0.14825846,0.37690723
-0.22304653,0.2903524,0.023607282,0.32080922
-0.28298196,0.25816318,0.06308552,0.35135865
-0.33124435,0.251735,0.01260061,0.3391383
-0.398041,0.2397248,0.009485988,0.3548929
-0.40277603,0.2477676,0.04072446,0.36504182
-0.35226095,0.26928324,0.012755841,0.35578266
-0.31448123,0.28062245,0.0025849126,0.36227196
-0.26568323,0.2979154,-0.013971095,0.36427653
-0.15156144,0.33861762,-0.052301552,0.36715195
-0.015179563,0.38095334,-0.10908959,0.37926167
0.0136852125,0.38727078,-0.124335736,0.39119226
-0.0674748,0.36544684,-0.08984396,0.38503188
-0.17211899,0.33067065,-0.02718743,0.37766242
-0.22777896,0.30705464,-0.014675687,0.3667058
-0.24708188,0.29580322,-0.015823333,0.36858281
-0.28061873,0.28509903,-0.027501898,0.36958584
-0.330827,0.27042,-0.012908843,0.37592685
-0.363278,0.2612138,-0.01558613,0.37502077
-0.3929123,0.24873039,-0.00012951712,0.380079
-0.41128278,0.23941937,-0.008551135,0.37824392
-0.41736108,0.23756069,-0.01691502,0.3831749
-0.38019222,0.2549047,0.0029926493,0.3892415
-0.30402288,0.28228834,0.0056819376,0.3805519
-0.26985052,0.28847405,-0.009878538,0.37244987
-0.31858563,0.26577938,-0.012131356,0.37363458
-0.3910761,0.23674871,0.030381696,0.37747654
-0.42169493,0.22185476,0.04282421,0.36679652
-0.44103405,0.20935293,0.041569132,0.36147982
-0.46548685,0.19653647,0.038890257,0.3603221
-0.48742485,0.18702501,0.044991195,0.3607493
-0.4799471,0.19559345,0.033901483,0.36138135
-0.42782053,0.22421736,0.06943811,0.3700382
-0.3392139,0.25807205,0.05413372,0.35615036
-0.31147808,0.26345176,0.03614722,0.3520942
-0.32489046,0.2586869,0.030023525,0.35441858
-0.3096132,0.2671002,0.06703819,0.35792807
-0.2751657,0.28112996,0.019590978,0.34124967
-0.3087411,0.2693032,0.014420391,0.35270792
-0.34494215,0.2616694,0.01740682,0.35740244
-0.3491152,0.26496518,0.021302637,0.35927752
-0.30170712,0.28577363,-0.0057776244,0.35824558
-0.22128108,0.3154909,-0.03267304,0.36452192
-0.1513703,0.3389096,-0.04515182,0.36904913
-0.11386708,0.3491089,-0.034345787,0.36899385
-0.08032287,0.35738176,-0.051658597,0.3628336
-0.06608647,0.3569983,-0.058078963,0.36860526
-0.11406666,0.34190652,-0.053750575,0.3669683
-0.20257963,0.31449127,-0.020072157,0.3679965
-0.23779541,0.3011796,0.03315535,0.36530918
-0.24544472,0.29588318,-0.011443442,0.34824303
-0.30310166,0.27249867,0.013595351,0.3648807
-0.32146612,0.27071717,0.012531546,0.36070204
-0.29855254,0.28143066,0.019948525,0.3621655
-0.25743216,0.29733518,-0.01686016,0.35687548
-0.25933826,0.2960145,-0.008812978,0.36688626
-0.2611099,0.29621896,0.007100143,0.36499527
-0.24653403,0.30018154,3.1302636e-05,0.35945156
-0.21212868,0.31120786,-0.023622902,0.36067256
-0.1950108,0.31805798,-0.039743554,0.36609152
-0.23135467,0.30845985,-0.030168144,0.36942706
-0.2626601,0.30036864,-0.02891119,0.36887425
-0.26081428,0.30046725,-0.011106019,0.37296993
-0.24905078,0.30393213,-0.033116527,0.3667403
-0.26346034,0.29543144,-0.0038235134,0.375501
-0.2447336,0.30200616,-0.015538833,0.36649612
-0.23237054,0.3043563,-0.02175851,0.36895537
-0.24542736,0.29886734,-0.008204013,0.3703504
-0.29014787,0.2830615,-0.014442288,0.36552158
-0.3416245,0.26287547,0.020029932,0.37236485
-0.358372,0.2565897,0.006953762,0.36441928
-0.3681327,0.25258395,0.018091813,0.3702545
-0.35950026,0.25734845,0.004830745,0.36743832
-0.34837034,0.26166523,0.024338432,0.37199327
-0.31786293,0.27383634,-0.005193108,0.3636683
-0.31921843,0.27303916,-0.005021687,0.37102094
-0.31897163,0.2745154,0.004314962,0.37176386
-0.3167403,0.2756561,-0.0049679815,0.3680037
-0.32380286,0.27232182,-0.0016521203,0.37128597
-0.32200426,0.27306563,0.0015446144,0.37131277
-0.31477737,0.27321592,0.03150236,0.37133768
-0.30436805,0.27493528,-0.0024021259,0.35883066
-0.32313052,0.26698726,0.0080598155,0.36922896
-0.3324005,0.26707175,-0.0003208855,0.36664397
-0.35358173,0.2602074,0.0159608,0.370041
-0.35766113,0.25959066,-0.002064022,0.36591262
-0.35625377,0.25948352,0.023295172,0.37389693
-0.33961448,0.26560345,0.0025780606,0.36506948
-0.32909012,0.26797888,0.021011505,0.3712381
-0.2876231,0.28402364,-0.0025398596,0.3636211
-0.27157277,0.28921857,-0.0076969485,0.36761856
-0.29890066,0.28117314,-0.022603432,0.3668637
-0.33756036,0.2681787,0.009979087,0.37529784
-0.34166285,0.26804692,-0.010952765,0.3670778
-0.3464402,0.2641898,0.019853065,0.37621492
-0.32661524,0.27120528,-0.0056319167,0.36604807
-0.31421587,0.2736193,0.018489864,0.3739212
-0.27719003,0.28497925,0.028874911,0.3653385
-0.26106456,0.28808397,-0.004613564,0.35626322
-0.30266404,0.27238947,0.003319084,0.36560065
-0.35750818,0.25637507,0.002524689,0.3648307
-0.39353126,0.24536489,0.017405676,0.36943594
-0.38525528,0.24938388,0.024113854,0.36885145
-0.35804105,0.25877437,0.016873792,0.36655775
-0.3324196,0.26852313,-0.0063324124,0.3665055
-0.25002486,0.28711227,0.17533322,0.38073957
-0.060847443,0.34184122,0.051105868,0.3104475
-0.053428665,0.3151267,0.09564589,0.3366142
-0.15852752,0.2838542,0.046654146,0.31060553
-0.38533387,0.21947323,-0.010004553,0.31903535
-0.51864004,0.1896867,0.07450867,0.35680965
-0.48880896,0.21481803,0.05257258,0.34723905
-0.41841406,0.24777411,0.019093586,0.35261884
-0.31445274,0.28801134,-0.0026630652,0.3621308
-0.12420432,0.35459512,-0.070535146,0.36409372
0.09610846,0.41526783,-0.1239901,0.39924935
0.22373596,0.45491874,-0.15882441,0.42408898
0.24219877,0.45395273,-0.16505556,0.42461705
0.15782297,0.418907,-0.13838439,0.4080832
-0.09358419,0.34890032,-0.06905543,0.373885
-0.24870172,0.30194443,-0.031335842,0.37085196
-0.29188776,0.28693503,-0.0009327674,0.37354004
-0.30565286,0.27980298,0.0056775985,0.36767843
-0.31290838,0.2736154,0.009995698,0.3671157
-0.31650662,0.2728456,-0.01840973,0.36517945
-0.31052956,0.27635148,0.019334702,0.3767742
-0.27995366,0.2884606,9.919435e-05,0.36244398
-0.295757,0.27993044,-0.007030565,0.36547723
-0.33486027,0.2664174,-0.011058772,0.36918056
-0.36946952,0.2553968,0.01221631,0.37450737
-0.36190203,0.26007974,8.973974e-05,0.36950257
-0.33481392,0.27019525,0.0032217526,0.3738188
-0.30806756,0.28001818,-0.015420818,0.37069184
-0.3129525,0.27599669,0.009744341,0.3760078
-0.30442992,0.2782676,-0.00066390395,0.36740845
-0.28918093,0.2821662,0.003195341,0.3701917
-0.29525036,0.2793476,-0.0031042462,0.36702126
-0.3456809,0.2604655,-0.00064456026,0.3685052
-0.3913803,0.24525939,-0.009387295,0.37096605
-0.40148246,0.2430846,0.031454068,0.38002416
-0.3723174,0.25404352,0.0053589465,0.36724564
-0.35320562,0.25690714,0.043606523,0.37515098
-0.30886903,0.27041867,0.026428921,0.36057574
-0.28225976,0.2755077,0.04656749,0.36204413
-0.26532406,0.27940392,0.035752602,0.3513189
-0.27028993,0.2722642,0.10129863,0.35346767
-0.28713667,0.26231286,0.046246346,0.3268252
-0.39368257,0.22276728,0.039381452,0.3393118
-0.45457858,0.20997387,0.049609825,0.34992036
-0.4470259,0.22654292,0.0036256972,0.35189107
-0.39837644,0.25449848,0.032322377,0.3710738
-0.27040374,0.30405155,-0.0044294377,0.35904044
-0.15749913,0.3377475,-0.040057726,0.3621218
-0.06796926,0.362442,-0.064973876,0.36978656
0.0066584568,0.38334733,-0.086941205,0.37727633
0.0491462,0.39443418,-0.11060817,0.38366437
-0.0026426946,0.3770622,-0.08412579,0.38289475
-0.14217246,0.33776888,-0.06989842,0.3670431
-0.2790691,0.2904392,-0.005410331,0.3770288
-0.32248366,0.27500415,-0.0005020295,0.36727792
-0.31031063,0.278574,-0.00658633,0.369706
-0.28446943,0.28767666,-0.008126718,0.37170735
-0.27458724,0.2909152,-0.008898593,0.36996526
-0.27568513,0.2894905,-0.006803789,0.36936256
-0.28839207,0.28391385,-0.0049502063,0.36867613
-0.3137986,0.27462798,-0.008167466,0.36865723
-0.34414938,0.26338032,0.009032531,0.37235978
-0.3515776,0.25923705,0.0314668,0.36995015
-0.33432367,0.26420227,0.009541041,0.36191824
-0.3405726,0.2608004,0.011553068,0.36763218
-0.34615967,0.26031718,0.017489709,0.3675131
-0.339438,0.2641264,0.01377359,0.3652605
-0.33012426,0.26762056,0.014291105,0.36594072
-0.3370579,0.2670321,-0.02546527,0.3633905
-0.3566251,0.2600759,0.038976185,0.3804838
-0.32686287,0.27243036,-0.007500928,0.35908836
-0.3138038,0.27497613,0.0064276713,0.37260747
-0.28379065,0.2874895,-0.013747446,0.36706275
-0.2876934,0.2847774,0.009310634,0.37182367
-0.28485218,0.28569743,-0.0077026747,0.3634241
-0.2949462,0.2808207,-0.00057086075,0.36913505
-0.30234697,0.2784915,0.0064238277,0.36781386
-0.3287656,0.26811126,0.0041677663,0.3652513
-0.3517656,0.26022834,0.0005996663,0.3678553
-0.3456274,0.26563132,-0.0050412547,0.37133902
-0.34348676,0.2681546,-0.005441229,0.37322828
-0.33836886,0.27074,-0.0093456395,0.373682
-0.31065127,0.27860212,0.024035014,0.3769588
-0.2646352,0.29193324,0.0006449391,0.36275944
-0.2702615,0.28521752,-0.0012296049,0.36632177
-0.29289317,0.27816716,-0.0025626372,0.36651948
-0.32163522,0.2702108,0.004289088,0.3677419
-0.3522258,0.2594566,0.016422672,0.36755037
-0.38052496,0.24784116,0.009056606,0.36541176
-0.39943063,0.24000882,0.024913583,0.37097648
-0.39034888,0.2452856,0.006777629,0.36730093
-0.35822666,0.26045495,0.0077507105,0.37331355
-0.2992782,0.28492665,-0.015782729,0.3704629
-0.27713868,0.29247653,-0.021678276,0.37361687
-0.28119627,0.28967416,-0.004491732,0.37477985
-0.29024807,0.28512165,-0.016064161,0.36883423
-0.30580387,0.27702725,0.0084792795,0.37471214
-0.31088665,0.2742749,0.003524055,0.36727157
-0.33488762,0.26375854,0.00720573,0.36859986
-0.3584683,0.25526997,0.0077480027,0.3689207
-0.3795555,0.2481819,0.011477842,0.37028927
-0.38410822,0.24682261,0.023115056,0.3713126
-0.37674758,0.24921717,0.01432935,0.3676516
-0.3670315,0.25296262,0.014495195,0.37016186
-0.34966084,0.26028353,0.01325041,0.36969224
-0.33580709,0.26616195,0.0034901681,0.36811766
-0.3209828,0.2717,0.013081763,0.37070802
-0.31119767,0.27473232,0.005754034,0.3658215
-0.33007255,0.26703134,-0.0020349107,0.36657947
-0.35220373,0.2592388,0.01598655,0.3713766
-0.35170674,0.2611517,0.0006261884,0.36647424
-0.34726757,0.26284403,0.016374882,0.37235788
-0.33494097,0.2679089,-0.0033341409,0.36641428
-0.3395294,0.2664948,-0.005452174,0.37194183
-0.33236822,0.26988646,0.0118534,0.37439135
-0.3098337,0.27779022,0.0011886833,0.36755386
-0.29294014,0.28091967,0.015409729,0.3699725
-0.29480144,0.2789953,-0.007889933,0.3625269
-0.32677734,0.26631975,0.018985359,0.37077403
-0.3406369,0.26372632,-0.007444838,0.36275077
-0.36267552,0.25659278,0.014537176,0.37315944
-0.35402068,0.26060614,0.019552931,0.3686342
-0.35167778,0.2592266,0.015639467,0.36582318
-0.34583148,0.26055893,0.012927742,0.36710423
-0.3297836,0.26895276,-0.008967765,0.36684552
-0.31265745,0.2770038,0.010462551,0.37384462
-0.2923259,0.28619432,-0.021571465,0.36449578
-0.30983177,0.278338,-0.0027247516,0.37464982
-0.30832943,0.27730623,0.02598519,0.37146163
-0.303127,0.2753652,0.013468729,0.36064366
-0.310537,0.27124095,-0.0055111246,0.3631941
-0.3289671,0.2688466,-0.01956238,0.36945337
-0.34176812,0.26739484,0.02724578,0.37736398
-0.32853356,0.2717682,0.0017369126,0.36170548
-0.34006548,0.26396924,0.004779882,0.36938414
-0.34307534,0.26349065,0.0026403633,0.37022084
-0.33360237,0.26601687,0.044001233,0.37258607
-0.2654255,0.28753823,0.041661188,0.35771823
-0.21205238,0.2999613,0.020455355,0.3516046
-0.24707334,0.28461045,0.016165739,0.35252684
-0.34055457,0.25434187,0.023976382,0.35333282
-0.37883028,0.24448732,0.05898211,0.35792106
-0.34863734,0.25872073,0.030437225,0.34876606
-0.34946287,0.2590005,0.016883995,0.35524347
-0.351743,0.26166576,0.01493975,0.3610061
-0.30445242,0.28417227,-0.0031154235,0.36187908
-0.20850036,0.31994426,-0.026414739,0.36472896
-0.120375216,0.34805033,-0.048987452,0.36679932
-0.09678787,0.3537726,-0.06864376,0.36771935
-0.13711908,0.34051132,-0.073263966,0.37177256
-0.17645791,0.32959563,-0.046812516,0.37734655
-0.1720154,0.33237126,-0.038962983,0.3717944
-0.195401,0.32272428,-0.06336642,0.36825457
-0.2622545,0.29833674,-0.04070225,0.38073424
-0.3005497,0.28771102,-0.03366913,0.3791737
-0.31246305,0.28341076,-0.02455022,0.38136822
-0.30586508,0.28492385,-0.033161033,0.38016868
-0.3129644,0.27917165,-0.012375296,0.38458407
-0.33421758,0.267808,-0.0085135745,0.37863544
-0.3605597,0.25442705,0.0018864714,0.3789803
-0.36280233,0.25232857,0.013737357,0.37773585
-0.37873265,0.2435459,0.014840825,0.37267596
-0.42319223,0.22149752,0.027852159,0.3712085
-0.45132226,0.20732188,0.034940787,0.36790717
-0.46065733,0.20280105,0.03852059,0.3660965
-0.45271766,0.20558307,0.06617679,0.36623672
-0.4343105,0.21363983,0.022763662,0.3549613
-0.43724316,0.21648942,0.03707035,0.36809945
-0.421408,0.22792624,0.028708577,0.3653755
-0.39735055,0.2398876,0.03665737,0.3673795
-0.36883345,0.2526,0.00092222786,0.3623477
-0.36078802,0.2560695,0.029092597,0.37357128
-0.33504415,0.2674124,0.00046894632,0.36286187
-0.32677114,0.27058175,0.0024734684,0.3700757
-0.29726896,0.28336704,-0.005459783,0.36916274
-0.28037626,0.28971246,-0.011542108,0.3691295
-0.29728925,0.28248754,-0.0043060347,0.37008807
-0.309317,0.27759302,-0.0013902774,0.3693059
-0.3076949,0.2779586,-0.002156574,0.36949992
-0.30868062,0.27680665,0.0068576774,0.3700511
-0.29545614,0.27755263,0.05388039,0.36888042
-0.26714578,0.2837254,0.011752728,0.34955385
-0.3041138,0.26651984,0.027795484,0.36037743
-0.33995417,0.25771812,0.014302876,0.35594967
-0.37551463,0.24990048,0.005821764,0.3612203
-0.38603428,0.25053212,0.020909674,0.36844835
-0.3560675,0.26216203,0.03798361,0.36635214
-0.3087981,0.27614084,0.022983905,0.35831314
-0.27028388,0.2869698,0.00930325,0.35950127
-0.21584868,0.30723652,-0.013899635,0.36069262
-0.1710484,0.32472017,-0.035339084,0.36360803
-0.1781521,0.32362595,-0.020991512,0.36668423
-0.22183408,0.3112573,-0.0414349,0.35982054
-0.2975999,0.2844867,-0.012619818,0.37224478
-0.32385868,0.2769836,-0.0015026433,0.3699782
-0.28720966,0.28985697,0.0029723716,0.36948848
-0.21625659,0.3121169,-0.0073122736,0.3657822
-0.14838338,0.32511616,0.065836534,0.36742845
-0.113908246,0.3318015,-0.022010453,0.3324637
-0.20594598,0.29131037,0.033886965,0.36089867
-0.2805371,0.27712318,-0.010361373,0.34268337
-0.37697947,0.24980986,0.012204,0.36091572
-0.4119147,0.24131012,0.04177165,0.36402565
-0.38641754,0.25184584,0.020551283,0.35760435
-0.33665982,0.27076653,0.007363164,0.36392045
-0.25795004,0.3017948,-0.030538302,0.3647492
-0.14100078,0.34108537,-0.03218121,0.37425837
-0.021792259,0.37934425,-0.079660885,0.36876163
-0.024344172,0.37201694,-0.095284045,0.37601018
-0.101423174,0.34694102,-0.036373537,0.3783709
-0.18855028,0.3193298,-0.017165568,0.3608111
-0.26124793,0.29100668,-0.008431294,0.3625602
-0.29032817,0.28160122,-0.0012337334,0.36627528
-0.3099046,0.27584794,0.0154758515,0.36631376
-0.32185677,0.2710413,0.013500414,0.36173773
-0.31413382,0.2722281,0.029302234,0.36418983
-0.25842112,0.28709507,0.08090714,0.36081085
-0.21543145,0.29547614,0.03179374,0.33593798
-0.24716616,0.27920714,0.03930351,0.34717485
-0.2550365,0.28175017,0.042555526,0.34599337
-0.27985772,0.27872086,0.020722507,0.34143725
-0.32906777,0.26610386,0.016895613,0.34933653
-0.3346746,0.2688349,0.040511232,0.3564675
-0.27556393,0.29054242,0.042793278,0.35005462
-0.1907671,0.31626004,0.015747333,0.3446962
-0.09523899,0.34495056,-0.032884303,0.34938672
-0.026115324,0.36657825,-0.08358651,0.3633215
-0.022038225,0.37007806,-0.06337108,0.37730265
-0.036194414,0.3733618,-0.05788406,0.36315516
-0.05631223,0.36403447,-0.05137804,0.36252832
-0.09227211,0.34960422,-0.027537942,0.36132377
-0.11572487,0.340606,-0.018508855,0.35589272
-0.099722326,0.34470764,-0.03366512,0.35598427
-0.07638183,0.35165468,-0.04062624,0.3616217
-0.08071787,0.35014755,-0.009021423,0.36158657
-0.118292116,0.33634505,0.009890011,0.34795126
-0.17470281,0.31364036,0.004194826,0.3435631
-0.19634695,0.3056272,0.03044399,0.3515401
-0.1975618,0.31181934,-0.03511103,0.34044272
-0.23872355,0.3035365,-0.038978234,0.3628898
-0.2311141,0.31604066,-0.02969171,0.36756745
-0.1857629,0.33246994,-0.011398902,0.36496183
-0.13220634,0.34622806,-0.044062898,0.35598218
-0.094809,0.3514599,-0.058704864,0.36738873
-0.04949659,0.36600047,-0.08121233,0.37251517
-0.033228677,0.3711043,-0.08208657,0.37868407
-0.05080736,0.36728624,-0.0693185,0.3747935
-0.107304804,0.34899566,-0.06439085,0.36855114
-0.24434255,0.30365655,-0.06330293,0.3696584
-0.3488214,0.26937228,-0.016539715,0.3839168
-0.3220036,0.28285193,-0.00997026,0.37850878
-0.25005522,0.30430385,0.0031484414,0.37575278
-0.2166473,0.3097522,-0.029788746,0.3648451
-0.26302114,0.28880614,-0.021097364,0.3738095
-0.3137134,0.27427644,-0.020075474,0.37342963
-0.3348283,0.2684975,0.017168546,0.37805572
-0.33755687,0.26637986,-0.004950412,0.3663119
-0.3974254,0.23784839,0.016799308,0.37385112
-0.43880486,0.21799526,0.029979706,0.37089115
-0.42185888,0.2261403,0.044638067,0.3701388
-0.3588976,0.25314817,0.024258005,0.3643246
-0.3207817,0.26734442,0.01313621,0.3657102
-0.3441723,0.25946334,-0.0031877728,0.36476484
-0.3873001,0.24421836,0.029431444,0.3723001
-0.38069484,0.24840027,0.017464666,0.3647137
-0.36831367,0.2535765,0.00954478,0.3679007
-0.3677584,0.2543927,0.007912892,0.37034866
-0.35345846,0.26001877,0.029296339,0.3720605
-0.30760002,0.27683556,0.006032997,0.36296165
-0.27829885,0.2858032,0.000354521,0.36681247
-0.2748567,0.28740263,-0.0048936578,0.36589324
-0.3033445,0.27740082,0.00553243,0.3668031
-0.32744664,0.2690093,0.007318572,0.36520663
-0.33515987,0.2669216,0.004014208,0.36647815
-0.34095472,0.26488155,0.015224443,0.36896807
-0.3500026,0.26341617,-0.02398431,0.36412445
-0.36161005,0.26317087,-0.024165003,0.3789011
-0.3269706,0.27979016,-0.0002684105,0.38257736
-0.27931777,0.2957961,-0.021095298,0.37137705
-0.2633955,0.29541886,-0.011340017,0.37604418
-0.25541982,0.2949558,-0.008364547,0.37208492
-0.26869446,0.28816298,-0.0076443315,0.36974126
-0.29659122,0.27706277,0.008194661,0.37016505
-0.32673377,0.26577228,0.008316415,0.36585012
-0.38143957,0.2434808,0.016200949,0.3669942
-0.42887342,0.22038335,0.06740035,0.36879593
-0.4177284,0.22298642,0.035077725,0.35352936
-0.4033902,0.23139845,0.034139868,0.3628245
-0.38467515,0.24456763,0.007587597,0.36264837
-0.36587673,0.2562374,0.026956026,0.37093246
-0.3243611,0.2733708,0.009563774,0.36299655
-0.3045773,0.27929127,-0.002188342,0.36509404
-0.2945514,0.2823227,0.0055117994,0.3685225
-0.28933978,0.28491807,-0.0076419567,0.36436725
-0.27722648,0.28991684,-0.007819535,0.36846983
-0.25721517,0.29982764,-0.041446555,0.36649075
-0.2772978,0.29243246,-0.0040084324,0.378211
-0.29360402,0.28775653,-0.026199177,0.36618024
-0.32296008,0.2757211,-0.021521075,0.37608176
-0.24570309,0.29020685,0.19117755,0.38761738
-0.09410492,0.3307649,0.015424074,0.304776
-0.17179847,0.27726132,0.10580396,0.3508193
-0.23666354,0.26491436,0.0772628,0.31826475
-0.342077,0.23304966,0.09841264,0.3208766
-0.40359795,0.21352303,0.13395663,0.32098055
-0.4263245,0.20656301,0.08464195,0.3103592
-0.44006893,0.20884047,0.11104281,0.32884246
-0.37619665,0.2418363,0.10074414,0.32719705
-0.17212395,0.31858742,0.040177964,0.3271794
0.094379045,0.3944783,0.021980355,0.3523668
0.23596926,0.43901023,-0.029491019,0.35219872
0.2381128,0.42541197,-0.08027192,0.35460895
0.22062033,0.40882793,-0.027796816,0.38285783
0.18460225,0.42134878,-0.06772282,0.34389988
