-0.27735415,-0.60221237,-0.18618952,0.24123508
-0.28911617,-0.59410185,-0.19652814,0.2292763
-0.29755026,-0.59447217,-0.20381394,0.21705599
-0.29498953,-0.6045473,-0.20129018,0.21385975
-0.29085714,-0.60650694,-0.1983602,0.21685462
-0.2854418,-0.60969627,-0.19360712,0.2225031
-0.28059125,-0.6106467,-0.1894664,0.22890797
-0.28404972,-0.60207665,-0.19316643,0.22894984
-0.28514215,-0.60445666,-0.19346519,0.22695751
-0.28900585,-0.60018075,-0.19735503,0.22338516
-0.297392,-0.5936862,-0.20526795,0.21521509
-0.29498369,-0.60411686,-0.20241801,0.21260764
-0.29778022,-0.5975093,-0.20628794,0.21073858
-0.2994464,-0.5987233,-0.20770754,0.20801428
-0.30128494,-0.59732425,-0.21000876,0.20543802
-0.2988149,-0.6020383,-0.20772868,0.20585467
-0.2938884,-0.6054199,-0.20348516,0.21003275
-0.2829311,-0.6145891,-0.19305745,0.22042674
-0.28030697,-0.6078768,-0.19128968,0.22818884
-0.2807885,-0.6058921,-0.19104025,0.23034401
-0.28022957,-0.60700774,-0.18994081,0.23139003
-0.28609625,-0.59933805,-0.19537379,0.22759101
-0.29108426,-0.599074,-0.19926791,0.22139658
-0.293038,-0.60079765,-0.20093746,0.21732134
-0.28644282,-0.6105248,-0.19447611,0.22086011
-0.27707374,-0.61575717,-0.18614383,0.23098442
-0.2720983,-0.61390984,-0.18177092,0.24021733
-0.28120896,-0.598318,-0.1905289,0.23643763
-0.294474,-0.5910406,-0.20198938,0.22260772
-0.30369112,-0.5914882,-0.21023577,0.20924474
-0.29718548,-0.60696185,-0.20388655,0.20829962
-0.29408872,-0.60383767,-0.20249684,0.2121324
-0.28941593,-0.60746634,-0.19813327,0.21685438
-0.28454134,-0.60883564,-0.19398208,0.22273803
-0.28465423,-0.6045863,-0.1943225,0.22534713
-0.28919357,-0.5994961,-0.19837919,0.2224167
-0.29504487,-0.5965083,-0.20360793,0.21613367
-0.31001544,-0.5834329,-0.21824911,0.20255947
-0.31593832,-0.5900899,-0.22332151,0.19136585
-0.31358826,-0.5965765,-0.22204688,0.18870033
-0.3048329,-0.60461104,-0.21446344,0.19414021
-0.2898073,-0.61477685,-0.20073746,0.20788509
-0.28081822,-0.6126816,-0.19293827,0.22202267
-0.27589935,-0.6117373,-0.18779355,0.23182708
-0.2751502,-0.60859114,-0.18649088,0.23653756
-0.27309543,-0.61104125,-0.18349025,0.24003276
-0.27016172,-0.6129458,-0.18009713,0.24453153
-0.2729365,-0.6070641,-0.18235296,0.24470234
-0.2758399,-0.60661536,-0.18406217,0.24190776
-0.27804345,-0.60636324,-0.18566322,0.2390207
-0.27613568,-0.61089927,-0.18338595,0.23955223
-0.2792064,-0.60506475,-0.18661325,0.2379759
-0.27931014,-0.60823655,-0.18611945,0.2365692
-0.28188697,-0.6045414,-0.18892166,0.23421767
-0.28372267,-0.60489315,-0.19045272,0.23135765
-0.2878964,-0.60091764,-0.1947731,0.22679341
-0.29549932,-0.595409,-0.2021677,0.21860296
-0.29485592,-0.60287005,-0.20137568,0.21476796
-0.29621738,-0.599709,-0.20376413,0.21294793
-0.2967412,-0.60063577,-0.204486,0.2113879
-0.29270348,-0.6055538,-0.20102488,0.21349975
-0.28436452,-0.6119586,-0.1935101,0.22118345
-0.28271106,-0.6064979,-0.19264533,0.22658971
-0.2904436,-0.59610796,-0.19988634,0.22225016
-0.28987792,-0.6041899,-0.19826931,0.21942382
-0.2946231,-0.59694594,-0.20352048,0.21571267
-0.3029354,-0.59185266,-0.2111923,0.20747773
-0.3131221,-0.58665085,-0.22118224,0.19627607
-0.31486216,-0.59340227,-0.22290835,0.18970224
-0.30862862,-0.6013076,-0.21780504,0.19159426
-0.28149134,-0.6283779,-0.19194496,0.21241607
-0.26108468,-0.6295127,-0.17433949,0.2420043
-0.25866234,-0.6159654,-0.1720686,0.25758126
-0.27373305,-0.5954058,-0.18507947,0.2491902
-0.2769693,-0.6064048,-0.18520288,0.24071231
-0.27588138,-0.6094893,-0.18403573,0.23974511
-0.27712202,-0.6074953,-0.18495984,0.2393348
-0.28467533,-0.59928876,-0.19199468,0.23296799
-0.29095274,-0.5987142,-0.19731012,0.22447756
-0.2883476,-0.6071204,-0.19465573,0.22275752
-0.2843541,-0.609092,-0.19162019,0.22618386
-0.28362942,-0.60649925,-0.19142702,0.22844626
-0.28112707,-0.60909265,-0.18899192,0.23088136
-0.28085524,-0.6068519,-0.18909404,0.23232558
-0.2818125,-0.6056497,-0.18990612,0.2318754
-0.29030624,-0.5958302,-0.19823912,0.22485112
-0.29863414,-0.5937286,-0.20568044,0.21449275
-0.29677492,-0.6028839,-0.20381373,0.21105967
-0.2930407,-0.6051303,-0.20110379,0.21352023
-0.2972804,-0.5967797,-0.20588876,0.21184371
-0.2937599,-0.6052055,-0.20206094,0.21240789
-0.29127577,-0.60411346,-0.20058891,0.21529943
-0.28054273,-0.61574334,-0.18999012,0.22463836
-0.2748723,-0.6126865,-0.18540548,0.23466791
-0.2741131,-0.6095062,-0.18423307,0.23937982
-0.278889,-0.60296965,-0.1883172,0.23703332
-0.2860878,-0.5987899,-0.19435959,0.22966753
-0.28405583,-0.6078905,-0.19154976,0.22774737
-0.28141555,-0.6086846,-0.18950471,0.2303104
-0.2824687,-0.6053755,-0.19059391,0.2308732
-0.28931993,-0.5979615,-0.19709186,0.22532341
-0.30349386,-0.58696455,-0.2105368,0.21158993
-0.33040962,-0.56748235,-0.2368262,0.18667978
-0.35894608,-0.5581147,-0.2652007,0.15802439
-0.36219376,-0.577446,-0.26992464,0.14335264
-0.33549833,-0.6076884,-0.24621482,0.15227818
-0.33892775,-0.579745,-0.25370538,0.15821022
-0.3431238,-0.58019793,-0.25781563,0.1549583
-0.35231572,-0.57144773,-0.26881406,0.14784722
-0.33796814,-0.59640026,-0.25442472,0.15097542
-0.30644402,-0.61933094,-0.22422305,0.17304714
-0.28187677,-0.6229236,-0.20068389,0.20368303
-0.27733564,-0.60871714,-0.1956807,0.22204196
-0.27509224,-0.6092289,-0.19087678,0.23018472
-0.27498537,-0.6075415,-0.18906479,0.23423558
-0.2778126,-0.6048388,-0.19001417,0.23426177
-0.28756645,-0.5957062,-0.19807512,0.22683035
-0.29170167,-0.6001022,-0.20031911,0.21988119
-0.2843917,-0.6121709,-0.192773,0.22323827
-0.27661425,-0.6149307,-0.18581322,0.23271039
-0.27650076,-0.60843056,-0.1858839,0.23739298
-0.28039545,-0.60386616,-0.18902756,0.23530354
-0.29217458,-0.59278065,-0.19998537,0.22464712
-0.302452,-0.59136856,-0.20895135,0.21142559
-0.303438,-0.5984547,-0.20997465,0.2048654
-0.28551558,-0.6202618,-0.19321999,0.21580139
-0.27851906,-0.6120746,-0.18871422,0.2288844
-0.28267932,-0.6020811,-0.19250731,0.23020187
-0.28531915,-0.6028305,-0.19416629,0.22711316
-0.28623676,-0.603828,-0.19480376,0.22521532
-0.2855054,-0.6056004,-0.1939558,0.22524711
-0.28312725,-0.6078497,-0.19165763,0.22740929
-0.29884472,-0.58620065,-0.2074484,0.21680899
-0.3670044,-0.5204996,-0.2746978,0.1670524
-0.40529156,-0.540065,-0.3113384,0.123799615
-0.42659813,-0.54198396,-0.33878115,0.100576974
-0.42856607,-0.55589473,-0.34545133,0.091246545
-0.4291997,-0.5534543,-0.3514559,0.087884165
-0.425586,-0.55723464,-0.35175866,0.08705685
-0.4115122,-0.56869996,-0.3404322,0.09078927
-0.3746331,-0.59771943,-0.30377436,0.10596844
-0.34551758,-0.60011506,-0.27494434,0.1286079
-0.32405865,-0.6032009,-0.25189194,0.1510357
-0.3078452,-0.6055726,-0.23371294,0.17138505
-0.2905142,-0.61408514,-0.21380685,0.19286574
-0.27751774,-0.6160097,-0.19870497,0.21404037
-0.27402702,-0.6103039,-0.19279419,0.22753231
-0.28621235,-0.5930471,-0.20216665,0.22395238
-0.3008149,-0.5875004,-0.21317984,0.21024185
-0.30771643,-0.59209657,-0.2180011,0.19952904
-0.31376335,-0.5903749,-0.22355878,0.1920229
-0.3390016,-0.5654688,-0.24901262,0.1733274
-0.3625648,-0.56106716,-0.27206358,0.15010053
-0.36292538,-0.57872313,-0.27394822,0.13937429
-0.3455204,-0.59653246,-0.2590419,0.14496839
-0.3239659,-0.60589683,-0.23970455,0.16113843
-0.31015676,-0.6040685,-0.22731967,0.17785244
-0.29606897,-0.6099822,-0.21313302,0.19416568
-0.2883733,-0.6074557,-0.20525126,0.20764706
-0.27984384,-0.61240375,-0.19540888,0.2199836
-0.2755758,-0.61045754,-0.19026572,0.22975507
-0.27479002,-0.60864365,-0.18794797,0.23496735
-0.27644908,-0.6064061,-0.18810031,0.23611496
-0.27775022,-0.6068099,-0.18797317,0.23578525
-0.28207502,-0.60275525,-0.19130535,0.23266031
-0.30038705,-0.58433634,-0.20847508,0.2172301
-0.3197888,-0.57824796,-0.2259887,0.19542561
-0.33657837,-0.57465804,-0.24272546,0.17527556
-0.33250782,-0.59312344,-0.2393984,0.16870047
-0.3081736,-0.6158473,-0.21770559,0.18240198
-0.29327434,-0.6121978,-0.20574488,0.20164655
-0.28731763,-0.6076801,-0.20027858,0.21389787
-0.28657687,-0.6036338,-0.1992253,0.2187958
-0.28787655,-0.60188323,-0.19967821,0.21941628
-0.28471386,-0.60722524,-0.19572385,0.22200848
-0.28482163,-0.6042015,-0.19565092,0.22400679
-0.28690493,-0.602347,-0.19693743,0.22318462
-0.28414825,-0.60776424,-0.1935638,0.22484517
-0.28695858,-0.6015984,-0.19641535,0.22428425
-0.29213348,-0.5984491,-0.20072776,0.21954936
-0.29299402,-0.6018898,-0.20111729,0.2164683
-0.28782696,-0.6086703,-0.19618806,0.2195027
-0.28050837,-0.6128893,-0.1895592,0.22740589
-0.27654397,-0.61132914,-0.18610676,0.23454347
-0.27576292,-0.60906845,-0.18516259,0.23799455
-0.2742032,-0.61048675,-0.18321203,0.2404119
-0.27563077,-0.607323,-0.18438803,0.240557
-0.2773108,-0.60699016,-0.18536131,0.23904996
-0.28247893,-0.60195416,-0.1901081,0.23429982
-0.28719214,-0.6010706,-0.19410227,0.22809649
-0.28302982,-0.6101825,-0.18986447,0.22857694
-0.2734231,-0.6178495,-0.18130206,0.2376829
-0.2572062,-0.629954,-0.16630252,0.25664324
-0.24277818,-0.63409895,-0.15352495,0.28001714
-0.24164577,-0.62295455,-0.15272342,0.29165864
-0.25435016,-0.60605973,-0.1633692,0.28273487
-0.27133846,-0.5968627,-0.17718911,0.26190972
-0.28383878,-0.5969097,-0.18752486,0.24226603
-0.29000583,-0.60013586,-0.19315271,0.22965541
-0.29120207,-0.60361195,-0.1948661,0.22400142
-0.30820304,-0.5833155,-0.21270606,0.2095841
-0.32088077,-0.5840776,-0.22463578,0.19240217
-0.32331255,-0.59048206,-0.22845079,0.18317313
-0.3103277,-0.60691166,-0.21739325,0.18794969
-0.29974383,-0.6071478,-0.20951578,0.19891946
-0.28863484,-0.6119482,-0.19952442,0.21146937
-0.28312513,-0.60870254,-0.19498697,0.22133847
-0.2876821,-0.598833,-0.19925578,0.22164004
-0.28772217,-0.6036089,-0.19807197,0.22044936
-0.29022646,-0.60012335,-0.20046328,0.21876289
-0.29452652,-0.597794,-0.20400567,0.21477273
-0.36266658,-0.52003324,-0.27268893,0.1694946
-0.42466712,-0.51506793,-0.3326452,0.11672936
-0.45803022,-0.52460694,-0.3726946,0.08568684
-0.45949224,-0.54676265,-0.38047472,0.074531294
-0.40411875,-0.60476285,-0.32713282,0.086782664
-0.3577526,-0.6087479,-0.28323635,0.11529603
-0.327293,-0.6088006,-0.2528933,0.14533615
-0.30183476,-0.614535,-0.22678019,0.17390662
-0.28795734,-0.61103,-0.21163042,0.19734731
-0.27693078,-0.6145424,-0.19793162,0.21618366
-0.2690551,-0.6156314,-0.18775219,0.23205821
-0.27010274,-0.6083707,-0.18643162,0.23934098
-0.2749314,-0.60446477,-0.1883463,0.23848177
-0.27775234,-0.6058159,-0.18884061,0.23608045
-0.28260896,-0.6024421,-0.19226308,0.2320245
-0.28295282,-0.6069071,-0.19125155,0.23014113
-0.28569785,-0.6034069,-0.19370449,0.22803727
-0.28698224,-0.6046919,-0.1943062,0.2259703
-0.29032743,-0.6009553,-0.1977856,0.22253014
-0.32689255,-0.5594303,-0.23429704,0.19503525
-0.35531458,-0.56075394,-0.26053554,0.16249752
-0.36074263,-0.5757204,-0.2681115,0.14603864
-0.34496534,-0.5964151,-0.2550626,0.1486149
-0.35452595,-0.57039034,-0.2684885,0.14717624
-0.36856842,-0.5640944,-0.28357738,0.13652514
-0.40658414,-0.5312377,-0.32552522,0.114479296
-0.4300837,-0.5379081,-0.35220695,0.094356105
-0.41204852,-0.57399553,-0.33724508,0.091860265
-0.39772213,-0.57252467,-0.32566997,0.098773256
-0.35268041,-0.61263156,-0.2791956,0.11957904
-0.30496606,-0.62940407,-0.23172428,0.15852249
-0.2802255,-0.6222742,-0.20612022,0.19758807
-0.28835788,-0.59290075,-0.21197271,0.20915265
-0.31085125,-0.5751931,-0.229959,0.1950704
-0.3282579,-0.5750802,-0.24400051,0.17655186
-0.32207337,-0.5971116,-0.2361047,0.1729435
-0.31132904,-0.6031397,-0.2258836,0.1812492
-0.29919136,-0.6089588,-0.21362968,0.19426854
-0.28948736,-0.6102562,-0.20392294,0.2077499
-0.28465536,-0.6083022,-0.19851212,0.21767242
-0.28150907,-0.6085573,-0.1942954,0.22438447
-0.28146154,-0.6059785,-0.1933456,0.22758266
-0.2839922,-0.6032092,-0.19475523,0.226972
-0.28662008,-0.6022456,-0.1964652,0.22450936
-0.27948293,-0.6134597,-0.18879125,0.22907156
-0.2629797,-0.6274456,-0.17309295,0.24637637
-0.2563034,-0.6212028,-0.16754752,0.26198608
-0.25694722,-0.61559623,-0.1671708,0.26747516
-0.28171045,-0.5846176,-0.19017674,0.24757768
-0.30837318,-0.5766516,-0.21274942,0.21585602
-0.36043888,-0.537817,-0.26421613,0.1697578
-0.43975645,-0.49546635,-0.34489468,0.11327684
-0.5953353,-0.38637948,-0.5151051,0.051236834
-0.7141094,-0.3584086,-0.6669912,0.018846521
-0.7578005,-0.38027808,-0.7452667,0.009710276
-0.7619222,-0.4111221,-0.76820904,0.0077460674
-0.72895724,-0.47049987,-0.73810214,0.008788231
-0.6518507,-0.5490126,-0.64220953,0.013526953
-0.57011604,-0.5763984,-0.5310643,0.02352953
-0.50000083,-0.58334696,-0.4446078,0.040033173
-0.43646735,-0.596795,-0.3741731,0.06291797
-0.38697436,-0.6022263,-0.3217922,0.09060281
-0.3573402,-0.59828705,-0.2902775,0.116754405
-0.33995974,-0.5962555,-0.27049646,0.13688281
-0.33371997,-0.5903476,-0.26183885,0.1492031
-0.32215893,-0.60012376,-0.24697907,0.16074549
-0.3040667,-0.61187154,-0.22647984,0.1785773
-0.28034326,-0.6260086,-0.20065008,0.20558919
-0.26336664,-0.62729347,-0.18239431,0.23435979
-0.2727239,-0.6012124,-0.18974452,0.2403714
-0.2870368,-0.5935864,-0.19960257,0.22861381
-0.29570368,-0.5951957,-0.20574154,0.2165488
-0.2980316,-0.59954685,-0.20703943,0.210552
-0.29565796,-0.603815,-0.20465529,0.21055362
-0.29156202,-0.60630554,-0.20093738,0.21422262
-0.29644102,-0.5966462,-0.20605181,0.21263096
-0.31934294,-0.57373416,-0.22832328,0.1949406
-0.43533546,-0.46108773,-0.34621486,0.12540507
-0.53364664,-0.4564538,-0.45095232,0.06536753
-0.58698255,-0.4656902,-0.5228388,0.038236927
-0.58218604,-0.5100178,-0.52961487,0.03121489
-0.50762534,-0.58624005,-0.4521091,0.039704226
-0.40674502,-0.6320764,-0.342551,0.06853919
-0.33225614,-0.6366756,-0.26514238,0.118425645
-0.28593522,-0.6357038,-0.21705456,0.17381768
-0.2635674,-0.62747,-0.19223891,0.2177813
-0.25760522,-0.6180877,-0.18222454,0.24260962
-0.2592138,-0.61239475,-0.1792298,0.2520423
-0.27143726,-0.5991982,-0.1873393,0.24623027
-0.27992532,-0.60113084,-0.19155242,0.23651336
-0.28219664,-0.605739,-0.19171365,0.23177232
-0.2786893,-0.6122773,-0.18719323,0.2339673
-0.28109902,-0.6059577,-0.18932621,0.23429179
-0.27887926,-0.6115464,-0.18609075,0.23565565
-0.28376034,-0.60266143,-0.19108418,0.23303805
-0.2898699,-0.5997003,-0.19641192,0.22596323
-0.2877939,-0.6069366,-0.19435064,0.2238887
-0.27906278,-0.61488825,-0.18677753,0.23054159
-0.26831406,-0.620295,-0.17734191,0.2431849
-0.2596876,-0.62192553,-0.16954859,0.2568416
-0.2489244,-0.62861997,-0.15907313,0.27287745
-0.24279775,-0.6269769,-0.15338434,0.28663826
-0.23896891,-0.62729335,-0.14898323,0.2963539
-0.24286656,-0.61873704,-0.15202172,0.29671258
-0.25494006,-0.6072458,-0.16193107,0.28440443
-0.27357513,-0.5950344,-0.17789781,0.26152056
-0.28430232,-0.59914094,-0.18645814,0.24218556
-0.28724983,-0.60413826,-0.18957037,0.23250978
-0.28651604,-0.6071255,-0.18979976,0.22972254
-0.28836775,-0.60364807,-0.19275379,0.22725578
-0.2898804,-0.60323113,-0.19488607,0.2242289
-0.29858655,-0.5933616,-0.2042906,0.21602558
-0.30565625,-0.5926756,-0.21130152,0.20601676
-0.29562867,-0.6100865,-0.20216389,0.20827538
-0.28885397,-0.60829955,-0.19768126,0.21628994
-0.2930898,-0.59783155,-0.2024396,0.2163567
-0.2959127,-0.5985304,-0.20477073,0.212636
-0.30783486,-0.5860539,-0.21692121,0.20257358
-0.30599633,-0.5996249,-0.21423453,0.1980596
-0.2852888,-0.6215363,-0.19495368,0.212223
-0.30066544,-0.5840242,-0.21238823,0.21042876
-0.3692858,-0.51932615,-0.2793198,0.16288254
-0.42648923,-0.517192,-0.33616602,0.113218576
-0.4512652,-0.5327927,-0.3672607,0.08645097
-0.43959996,-0.56220084,-0.36071005,0.08068804
-0.39204645,-0.60160404,-0.3152923,0.0950685
-0.349864,-0.6089826,-0.27498987,0.12282123
-0.33283606,-0.5959062,-0.2587252,0.145978
-0.32992002,-0.5869263,-0.254885,0.15620993
-0.3211016,-0.59588957,-0.24417898,0.16427691
-0.3064452,-0.6059461,-0.22810118,0.17803113
-0.2879635,-0.6166139,-0.20805867,0.1986981
-0.27305505,-0.6197998,-0.19191197,0.22150852
-0.2781032,-0.601288,-0.19535968,0.22888677
-0.2842583,-0.6001087,-0.19793399,0.22549169
-0.2873346,-0.60157406,-0.19907528,0.22196096
-0.27807298,-0.6162284,-0.18853639,0.22853953
-0.26956195,-0.6182352,-0.18038139,0.24083386
-0.26726794,-0.6141773,-0.17767462,0.24882251
-0.27164105,-0.60669243,-0.18111116,0.24798176
-0.28923708,-0.5888651,-0.1971902,0.23251794
-0.3043598,-0.58707947,-0.21009928,0.21286969
-0.3085273,-0.59454554,-0.21402736,0.20155847
-0.29298455,-0.61606425,-0.19957736,0.20860563
-0.28888905,-0.6062382,-0.19797799,0.21754391
-0.29226482,-0.5996464,-0.20120269,0.21751846
-0.28460097,-0.61177635,-0.19342028,0.22187746
-0.26928905,-0.6233525,-0.17935926,0.2374682
-0.2649712,-0.6153988,-0.17605251,0.24970828
-0.27300227,-0.60237837,-0.18295819,0.2471304
-0.29148746,-0.5871564,-0.19941808,0.22961406
-0.30701897,-0.5854089,-0.21294816,0.20935124
-0.31280482,-0.5914767,-0.21852191,0.19686389
-0.30359462,-0.60664666,-0.21034016,0.19852847
-0.29561514,-0.607298,-0.20437662,0.20674814
-0.284404,-0.6144766,-0.19401167,0.21859656
-0.282166,-0.60695004,-0.19280283,0.22614492
-0.28782552,-0.598854,-0.19778992,0.22400212
-0.2882606,-0.6035648,-0.19732179,0.22155175
-0.2854778,-0.6068805,-0.1946939,0.22325675
-0.28894532,-0.6002206,-0.19825564,0.221989
-0.2938578,-0.5978745,-0.20242913,0.21703583
-0.2936766,-0.602223,-0.20198946,0.21469162
-0.28651798,-0.6104716,-0.19526781,0.21958886
-0.28552502,-0.6051527,-0.19503345,0.22364135
-0.2830347,-0.608135,-0.19209321,0.22668816
-0.2806754,-0.6084807,-0.18989494,0.23012547
-0.27592474,-0.6125968,-0.18504345,0.23556587
-0.280404,-0.6025135,-0.18964843,0.23483908
-0.28576723,-0.60074484,-0.1938183,0.22912432
-0.28012583,-0.6122326,-0.18784367,0.23083442
-0.26593986,-0.62447834,-0.17473017,0.2448906
-0.25801933,-0.6219327,-0.16805057,0.2597871
-0.26917678,-0.6011112,-0.1785997,0.25597006
-0.27998635,-0.5989957,-0.1867485,0.24273539
-0.28848124,-0.59753734,-0.19431087,0.23026834
-0.31454173,-0.57333654,-0.21983545,0.20628844
-0.33936614,-0.5682491,-0.24318396,0.17806722
-0.35166815,-0.57378185,-0.25670788,0.15874176
-0.34906787,-0.58545566,-0.2565996,0.15241939
-0.37176535,-0.5555125,-0.28318787,0.13955292
-0.39412117,-0.5506971,-0.30756405,0.120975845
-0.39406684,-0.5668908,-0.31101528,0.111957565
-0.37791133,-0.582767,-0.29792202,0.115635306
-0.33504453,-0.6171963,-0.25603774,0.13801423
-0.29730862,-0.62546396,-0.21992256,0.174678
-0.2892794,-0.6054174,-0.21189387,0.19936082
-0.29893783,-0.58886087,-0.21885842,0.20090142
-0.31137136,-0.5834915,-0.22830427,0.19123125
-0.31029394,-0.59614605,-0.22499311,0.18761507
-0.29762235,-0.6098346,-0.21180318,0.1966057
-0.2827706,-0.6170547,-0.19701843,0.21376568
-0.26974866,-0.62088853,-0.18381664,0.23312199
-0.2678068,-0.6123354,-0.181287,0.24411847
-0.26936758,-0.60968745,-0.18096067,0.24671894
-0.27192563,-0.6080431,-0.1820345,0.24563004
-0.2724307,-0.610093,-0.18130647,0.24501666
-0.27965286,-0.6014073,-0.18779856,0.23944725
-0.28676787,-0.59958357,-0.19358262,0.23058456
-0.29952192,-0.58976454,-0.20587075,0.21704102
-0.30749363,-0.5918142,-0.21308276,0.20461296
-0.3043907,-0.60150236,-0.21067612,0.20152298
-0.29443276,-0.6100896,-0.2022053,0.2083767
-0.2836814,-0.6142648,-0.19293138,0.22038129
-0.2818749,-0.60698295,-0.19202787,0.22735624
-0.2989904,-0.58470553,-0.20865573,0.21624137
-0.3135818,-0.58341664,-0.221365,0.19856545
-0.32561445,-0.5808478,-0.23358092,0.18316616
-0.32810396,-0.58814466,-0.23655044,0.17497379
-0.32169065,-0.59660226,-0.23163919,0.17598054
-0.3289596,-0.58193797,-0.24070418,0.17305021
-0.33843017,-0.57795817,-0.2503849,0.16436018
-0.3309908,-0.59390545,-0.24360499,0.16376166
-0.36010355,-0.55226946,-0.2756224,0.14967051
-0.3938897,-0.54169995,-0.30955276,0.12403893
-0.39819908,-0.56285185,-0.3164274,0.110242955
-0.3831948,-0.5804505,-0.304178,0.11198163
-0.36284307,-0.590103,-0.28547764,0.12310551
-0.3363694,-0.60364413,-0.25942624,0.14171681
-0.3191606,-0.6019466,-0.24250776,0.16137177
-0.29300663,-0.6203334,-0.21461675,0.18671834
-0.27831265,-0.61603785,-0.19948149,0.21178135
-0.27484277,-0.609672,-0.19363053,0.22605497
-0.268692,-0.61534166,-0.18479103,0.23697828
-0.2786206,-0.59740984,-0.19308864,0.23511581
-0.29274195,-0.59077144,-0.20375268,0.22195339
-0.3032516,-0.5904625,-0.21226813,0.20837924
-0.3133905,-0.5874028,-0.22159442,0.19620791
-0.3149929,-0.5941923,-0.22291052,0.18981974
-0.32413074,-0.58364195,-0.23312637,0.18211319
-0.33380103,-0.58072,-0.242886,0.1717666
-0.33658576,-0.58456475,-0.24678214,0.16492854
-0.32299343,-0.60175997,-0.23456468,0.16987784
-0.31813443,-0.59471285,-0.23193063,0.1769605
-0.32414797,-0.5844152,-0.2382925,0.17548487
-0.33164987,-0.5808926,-0.24578221,0.16873929
-0.32223618,-0.5981871,-0.23627743,0.17063388
-0.31357402,-0.5992125,-0.22888306,0.17885202
-0.3265129,-0.5772699,-0.24215958,0.17500988
-0.34436008,-0.5688912,-0.25898057,0.16045398
-0.43661937,-0.47819456,-0.3554184,0.11192157
-0.54359436,-0.4409638,-0.47116035,0.05969686
-0.6173106,-0.4355352,-0.5655729,0.031697173
-0.6337662,-0.4711484,-0.59854615,0.022464773
-0.56238085,-0.5685055,-0.5243296,0.027056107
-0.45788208,-0.6211303,-0.4029664,0.047298785
-0.37569132,-0.6274713,-0.31237057,0.086213574
-0.32703108,-0.62100524,-0.26093164,0.1313866
-0.30698338,-0.60786515,-0.23859452,0.16470647
-0.30884,-0.5911986,-0.2370952,0.17736517
-0.30991372,-0.59372,-0.23369041,0.18058267
-0.30067596,-0.6060517,-0.22123295,0.1889465
-0.28674102,-0.615235,-0.2052888,0.2050499
-0.27757743,-0.61502093,-0.1945921,0.2214599
-0.2709793,-0.61619616,-0.18604717,0.23478708
-0.26302975,-0.62092006,-0.17646459,0.24812038
-0.2643389,-0.6123008,-0.17656666,0.2540342
-0.27106345,-0.6059606,-0.18094464,0.2502786
-0.26960576,-0.6139007,-0.17779116,0.2493842
-0.26995882,-0.6112215,-0.17811841,0.2500026
-0.2724147,-0.60868144,-0.17996514,0.24807791
-0.27941456,-0.6018401,-0.18643264,0.2410867
-0.26931,-0.6213789,-0.17566358,0.2457976
-0.26477605,-0.61674404,-0.17283365,0.25432613
-0.316762,-0.54846156,-0.22399946,0.21651483
-0.372543,-0.5348438,-0.27458677,0.16075481
-0.39754158,-0.5514604,-0.30161315,0.12615465
-0.39806616,-0.56786615,-0.3068589,0.11385587
-0.35585907,-0.61245716,-0.26810944,0.12744488
-0.31510252,-0.62201095,-0.23189813,0.15980944
-0.30730182,-0.5989835,-0.22628945,0.18160182
-0.30944175,-0.59168315,-0.2272896,0.18625797
-0.31150773,-0.5912295,-0.22833434,0.1855164
-0.3124469,-0.5923867,-0.22830641,0.18475483
-0.30725643,-0.5996787,-0.22227475,0.18820205
-0.3051757,-0.59754807,-0.22001082,0.1923275
-0.31607717,-0.58335745,-0.23026979,0.18710244
-0.32474196,-0.58349454,-0.23754,0.17784561
-0.33034047,-0.5837384,-0.2430997,0.17053707
-0.32294682,-0.59709275,-0.23570642,0.1718561
-0.3411157,-0.5683966,-0.2555422,0.16366301
-0.42591006,-0.48906866,-0.34250402,0.117761955
-0.47082442,-0.5135035,-0.39122066,0.08021093
-0.4681073,-0.54560566,-0.3959482,0.068269216
-0.43847382,-0.57314146,-0.36874685,0.07329149
-0.37435296,-0.61812425,-0.30339748,0.09765238
-0.32968128,-0.61674136,-0.2591104,0.13469833
-0.35615155,-0.55182636,-0.2866715,0.1401498
-0.3906988,-0.5395476,-0.31890145,0.11939731
-0.41456464,-0.5401258,-0.34436122,0.10026764
-0.39442337,-0.5819848,-0.3235586,0.09962593
-0.34008574,-0.623664,-0.26766485,0.1253009
-0.30302805,-0.62285024,-0.23017886,0.16448095
-0.28273946,-0.61928666,-0.20765382,0.19802819
-0.27502126,-0.6125603,-0.19734137,0.21904318
-0.2820947,-0.5982594,-0.20122582,0.22267774
-0.2891486,-0.5973498,-0.20440769,0.2178831
-0.29806864,-0.59271175,-0.21101956,0.20997517
-0.30728304,-0.5899346,-0.21835177,0.20037036
-0.31775588,-0.5850319,-0.22805344,0.18930952
-0.3236255,-0.58713496,-0.23350008,0.18053402
-0.3215107,-0.59393656,-0.23185608,0.1782634
-0.30714434,-0.60849065,-0.21836509,0.18709353
-0.29432592,-0.6110526,-0.20691581,0.20165725
-0.28623334,-0.61040026,-0.19911265,0.21443856
-0.2867935,-0.60257626,-0.19954775,0.2193187
-0.28178868,-0.6099674,-0.19343473,0.22423612
-0.28076297,-0.606233,-0.19244127,0.22818522
-0.28040972,-0.6067586,-0.19106916,0.23009948
-0.28331655,-0.60292304,-0.19328448,0.22892545
-0.29392654,-0.5928506,-0.20289323,0.22013336
-0.30713174,-0.58673984,-0.21480453,0.20587462
-0.32316396,-0.57900697,-0.23036793,0.18862157
-0.34205663,-0.57058376,-0.24948034,0.16924803
-0.34647253,-0.5811414,-0.2546972,0.15758142
-0.33934638,-0.5910759,-0.24989887,0.1572571
-0.3223767,-0.60396206,-0.23492986,0.1676686
-0.3089015,-0.60484046,-0.22341983,0.1819531
-0.3182332,-0.5826175,-0.23366542,0.18234158
-0.3441746,-0.5615761,-0.25887397,0.16424797
-0.37325048,-0.5508274,-0.28808567,0.13942747
-0.39878303,-0.5458508,-0.31571937,0.117273055
-0.41052815,-0.5527107,-0.33048522,0.10340721
-0.41171384,-0.55899763,-0.33505908,0.09767606
-0.41735685,-0.5525038,-0.34401843,0.09380864
-0.42707023,-0.54609925,-0.35677755,0.08830383
-0.42997494,-0.5503844,-0.36226445,0.08419195
-0.41837266,-0.5648459,-0.35194835,0.08593047
-0.38824767,-0.5882568,-0.32109037,0.09766406
-0.35907346,-0.59627676,-0.29083478,0.11700837
-0.3351312,-0.6012418,-0.26496518,0.13871497
-0.31722543,-0.60343164,-0.24493326,0.15943243
-0.30390954,-0.6055616,-0.22905298,0.1778214
-0.28808492,-0.61454874,-0.21041636,0.19774628
-0.28383315,-0.6066775,-0.20419648,0.21194096
-0.29755345,-0.5875703,-0.21503364,0.2080468
-0.31194913,-0.58364564,-0.22596315,0.19469155
-0.30589572,-0.60322726,-0.21800636,0.19288449
-0.28193367,-0.6258101,-0.19451761,0.21196882
-0.27342188,-0.6153461,-0.18730277,0.23097764
-0.26673564,-0.617942,-0.17922759,0.24375989
-0.2619825,-0.6176711,-0.17389524,0.2537203
-0.2573244,-0.62001705,-0.16828346,0.26257592
-0.25674313,-0.6166384,-0.1669888,0.26750416
-0.2595149,-0.6130862,-0.16848946,0.2670028
-0.2675008,-0.60559165,-0.17510371,0.25952378
-0.2736395,-0.6056383,-0.1796419,0.25057012
-0.27182758,-0.6132183,-0.17738843,0.24856417
-0.27195707,-0.6109299,-0.17806001,0.2487471
-0.27888417,-0.6026147,-0.18473278,0.24281535
-0.28428763,-0.6023232,-0.18941191,0.23479445
-0.2841669,-0.6068312,-0.18941589,0.23136349
-0.28928626,-0.59984475,-0.19519751,0.22645707
-0.29154977,-0.601839,-0.19736874,0.2216135
-0.28691,-0.6087139,-0.19354498,0.22296153
-0.2862232,-0.60501885,-0.1939626,0.22486556
-0.28417265,-0.60740864,-0.1920087,0.22670735
-0.28843543,-0.59982246,-0.19672565,0.22428152
-0.2962258,-0.59464353,-0.20394613,0.21646082
-0.29822052,-0.59899586,-0.20563824,0.21091147
-0.28826603,-0.612337,-0.1963217,0.21630192
-0.280722,-0.6122954,-0.19024375,0.22621799
-0.27535927,-0.61293644,-0.18515357,0.23484133
-0.27151468,-0.61303085,-0.18138488,0.24165614
-0.26910448,-0.6129618,-0.17870583,0.24669564
-0.2721588,-0.6072127,-0.18122666,0.24641763
-0.2826623,-0.5972895,-0.19053483,0.2371516
-0.2961962,-0.5904484,-0.20260027,0.2217617
-0.29848632,-0.5996713,-0.20411482,0.21289144
-0.29748493,-0.60179365,-0.20410857,0.21102573
-0.29852486,-0.59959066,-0.2058726,0.20979962
-0.2982526,-0.6006905,-0.20606233,0.20893762
-0.29168686,-0.60812044,-0.2001381,0.21320666
-0.28751504,-0.6069987,-0.19700834,0.21899013
-0.28852436,-0.6024677,-0.19814812,0.22054256
-0.2923989,-0.59876454,-0.20169097,0.2175716
-0.29128137,-0.60362923,-0.20022272,0.21658882
-0.29469505,-0.5980227,-0.20399015,0.21429908
-0.29347068,-0.6031654,-0.20228246,0.21361999
-0.28336442,-0.61389613,-0.19269988,0.22143878
-0.2806665,-0.60809684,-0.19091663,0.22850306
-0.28842568,-0.59693384,-0.19802831,0.22485568
-0.2925103,-0.5993505,-0.20086332,0.21873933
-0.3024806,-0.590201,-0.21077642,0.20923987
-0.31852415,-0.58028543,-0.22616747,0.19341801
-0.3304874,-0.579949,-0.23800589,0.17801237
-0.3327699,-0.5866467,-0.24127601,0.16995123
-0.3262074,-0.5951809,-0.23636171,0.17091605
-0.30341816,-0.6157789,-0.21515043,0.18626821
-0.2930254,-0.6080407,-0.20702787,0.20291582
-0.2854134,-0.6099527,-0.19895713,0.21486773
-0.27733412,-0.61316806,-0.19068016,0.22632101
-0.27262968,-0.6124362,-0.18549094,0.23582107
-0.2815947,-0.5975164,-0.19343846,0.23290052
-0.28819,-0.5986967,-0.19769762,0.22499062
-0.30302504,-0.58578634,-0.21180874,0.21106298
-0.31201005,-0.5891307,-0.2193246,0.1978639
-0.3188783,-0.5877015,-0.22662684,0.18818267
-0.32626253,-0.5848007,-0.23455128,0.17940639
-0.32888725,-0.58754236,-0.23801075,0.17349373
-0.3184484,-0.6012387,-0.22875427,0.17721489
-0.29870456,-0.6147989,-0.21080837,0.19307183
-0.28738773,-0.6114277,-0.20108292,0.20999895
-0.2840277,-0.60662603,-0.19753656,0.21947934
-0.2860152,-0.60164094,-0.19867441,0.22132787
-0.28642538,-0.6034664,-0.1978833,0.22133473
-0.28901997,-0.6007176,-0.19980015,0.21990803
-0.2881769,-0.60453594,-0.19809137,0.21990097
-0.2774602,-0.6168895,-0.18730399,0.2288487
-0.26218313,-0.62645096,-0.17292742,0.2473669
-0.257804,-0.6187536,-0.16913474,0.26089996
-0.2689388,-0.6014033,-0.17884122,0.25589246
-0.28734487,-0.5894015,-0.19448885,0.23660097
-0.3062993,-0.5829798,-0.21143794,0.21327725
-0.30919117,-0.5960818,-0.21362573,0.20104769
-0.35904515,-0.53791684,-0.26567152,0.16713703
-0.42344007,-0.51213175,-0.33003348,0.11864638
-0.46911418,-0.51224744,-0.38258845,0.083405994
-0.48138833,-0.5319516,-0.40319702,0.067411095
-0.44401112,-0.57879573,-0.36989033,0.07107921
-0.3831704,-0.6120314,-0.3100294,0.09433317
-0.34831908,-0.6027185,-0.27661178,0.12427789
-0.3336378,-0.5938509,-0.26143387,0.14503075
-0.32134393,-0.59732,-0.24750926,0.15957332
-0.30015662,-0.613086,-0.22408408,0.17947437
-0.27975628,-0.62055105,-0.20204481,0.2055702
-0.2704651,-0.61593175,-0.19077657,0.22681071
-0.27954328,-0.59763724,-0.19709288,0.22920053
-0.2940641,-0.58946025,-0.2076987,0.21756601
-0.30243728,-0.59248304,-0.21341458,0.2062322
-0.30206972,-0.60001343,-0.21199027,0.20263007
-0.29921016,-0.6027466,-0.20912193,0.20446694
-0.29867545,-0.6009455,-0.20857678,0.20626365
-0.30332476,-0.59462976,-0.21318023,0.20346726
-0.31840935,-0.5805059,-0.22806974,0.19125244
-0.3242197,-0.5870399,-0.23328473,0.18055056
-0.31768426,-0.59820485,-0.22788225,0.18045512
-0.30132896,-0.6115107,-0.21286342,0.19242045
-0.28583795,-0.6159769,-0.19878775,0.21049716
-0.28075618,-0.60919166,-0.19418468,0.22300614
-0.27802825,-0.6089708,-0.19052748,0.22964503
-0.2737963,-0.6120442,-0.18553728,0.2359692
-0.2782353,-0.60300034,-0.18929133,0.23587488
-0.28490192,-0.5997122,-0.19422992,0.22978598
-0.2843879,-0.60632324,-0.19269915,0.22738908
-0.27807826,-0.61328727,-0.18658105,0.23243377
-0.2848754,-0.59905636,-0.19371875,0.23034622
-0.29710785,-0.5911853,-0.20448491,0.21846248
-0.2985492,-0.60008246,-0.2051657,0.2112778
-0.29287508,-0.6072568,-0.20038815,0.2134451
-0.28656876,-0.60979784,-0.19508861,0.22010684
-0.2823316,-0.6094277,-0.19150297,0.22645769
-0.27891013,-0.60996383,-0.18831274,0.23166032
-0.2753657,-0.6114272,-0.18481833,0.2367464
-0.2731647,-0.6111711,-0.18255049,0.24098194
-0.27434295,-0.6080175,-0.18334171,0.2419193
-0.275192,-0.6083877,-0.1834907,0.2413576
-0.27942228,-0.60378283,-0.1873167,0.23783591
-0.27869004,-0.6089269,-0.18588884,0.23652427
-0.27899098,-0.6074121,-0.18645091,0.23644444
-0.265588,-0.624914,-0.17315553,0.24745828
-0.24951126,-0.63267785,-0.15912369,0.268969
-0.23863415,-0.6331955,-0.14938575,0.29009694
-0.24507453,-0.61492,-0.1554336,0.2924881
-0.25968224,-0.603061,-0.16704506,0.27736798
-0.27238268,-0.60060745,-0.17716953,0.25874043
-0.28823525,-0.5921715,-0.1916391,0.23818757
-0.32762304,-0.55885965,-0.22976157,0.20081538
-0.3527013,-0.56588525,-0.2530615,0.1672962
-0.3658504,-0.56890106,-0.2691413,0.14723234
-0.36748284,-0.57664275,-0.27406406,0.13836144
-0.38441822,-0.55664647,-0.29558897,0.12729524
-0.38889307,-0.56588465,-0.30296865,0.118203886
-0.3753954,-0.58190477,-0.2930985,0.11976789
-0.3433482,-0.6060154,-0.26306435,0.13623971
-0.30826482,-0.61978364,-0.22953205,0.16582312
-0.2861994,-0.6181558,-0.20789048,0.19650126
-0.2819053,-0.60606474,-0.20239341,0.21368794
-0.2794875,-0.60710233,-0.19709344,0.22184068
-0.28275812,-0.60131377,-0.19831464,0.22357589
-0.28694594,-0.60030687,-0.2000208,0.22125
-0.29658467,-0.59236133,-0.208044,0.2135469
-0.30446726,-0.5920663,-0.21419269,0.20423093
-0.30832896,-0.5940072,-0.21746014,0.19782639
-0.29885808,-0.60854244,-0.2079735,0.20196064
-0.28880996,-0.61148727,-0.19928679,0.21287444
-0.28052813,-0.61339104,-0.19143216,0.22447343
-0.28214926,-0.6040174,-0.19316326,0.22836865
-0.30586112,-0.57692754,-0.21573451,0.21117398
-0.32108533,-0.58107764,-0.22856237,0.19055112
-0.31052336,-0.60503477,-0.21851061,0.18886672
-0.29802185,-0.60944676,-0.20830755,0.19980492
-0.28494075,-0.6152151,-0.19615571,0.21489027
-0.28110558,-0.60837966,-0.19307326,0.22502606
-0.28220987,-0.60456586,-0.19336137,0.22765735
-0.2849939,-0.6022644,-0.19528636,0.2260907
-0.28173134,-0.60912716,-0.19123574,0.22786996
-0.28852987,-0.5973858,-0.1981097,0.22446033
-0.373928,-0.50221616,-0.28335783,0.16693759
-0.46234614,-0.4844702,-0.3706351,0.100718714
-0.51353794,-0.49506414,-0.43260738,0.063816845
-0.5281615,-0.5149349,-0.4579043,0.04944533
-0.48946446,-0.56559986,-0.42303485,0.051935382
-0.43635723,-0.5887821,-0.36965883,0.067477934
-0.39114806,-0.5965429,-0.32366115,0.09085739
-0.37396464,-0.5804935,-0.30699068,0.10954864
-0.3649716,-0.57901853,-0.2969823,0.119871505
-0.35697547,-0.581407,-0.28778875,0.12733021
-0.34851223,-0.5855538,-0.27747217,0.1350179
-0.3738217,-0.54965955,-0.30289784,0.12754692
-0.39930192,-0.545035,-0.3271366,0.11070076
-0.40434462,-0.55910474,-0.33277348,0.10122287
-0.3814465,-0.587577,-0.30929008,0.10694023
-0.34380496,-0.6101411,-0.27057162,0.12871899
-0.31950918,-0.6078734,-0.2455563,0.15525468
-0.3054377,-0.60610265,-0.22946163,0.17640139
-0.29752335,-0.6042229,-0.2195412,0.19106919
-0.29547045,-0.60074174,-0.21526001,0.19925083
-0.29583484,-0.5992962,-0.21331422,0.20270959
-0.2962228,-0.59957683,-0.2117728,0.20432721
-0.29518926,-0.6015839,-0.20917863,0.20641285
-0.29175583,-0.6050919,-0.20463659,0.21056442
-0.28564972,-0.60973537,-0.1978184,0.21778013
-0.28206727,-0.608843,-0.19385394,0.22459874
-0.28577307,-0.60148376,-0.1967669,0.22483769
-0.28869388,-0.6017275,-0.19836833,0.22194368
-0.29093137,-0.60132354,-0.20003812,0.21919678
-0.28560472,-0.6097836,-0.19444336,0.22211678
-0.28145626,-0.60957044,-0.19096598,0.22772609
-0.28563568,-0.60104656,-0.19504075,0.22696967
-0.2818424,-0.6100439,-0.19038065,0.22846901
-0.28360263,-0.6036882,-0.1926436,0.22890149
-0.29025018,-0.59788877,-0.19850293,0.22337873
-0.2974398,-0.5949439,-0.20505325,0.21488474
-0.30096877,-0.5968742,-0.20834476,0.20840344
-0.29696307,-0.60436547,-0.20477305,0.20867817
-0.29571614,-0.6017848,-0.20455047,0.21061116
-0.2940834,-0.60299945,-0.20311594,0.21222898
-0.2896986,-0.6066354,-0.19913335,0.21608499
-0.28494036,-0.6085569,-0.19481348,0.22177981
-0.28472584,-0.604764,-0.19473322,0.22467898
-0.28913024,-0.59952956,-0.1986279,0.22208863
-0.28916115,-0.6036348,-0.19799165,0.22028624
-0.29576454,-0.5951174,-0.20473072,0.2151977
-0.2994132,-0.5972287,-0.2076023,0.2094665
-0.31552467,-0.58029467,-0.22404487,0.19616511
-0.33515817,-0.5721859,-0.24293356,0.17642331
-0.35963437,-0.55988264,-0.26840737,0.15361042
-0.3992346,-0.53543127,-0.31050944,0.1247583
-0.42176095,-0.5430357,-0.33648363,0.10238595
-0.41433635,-0.5662246,-0.33354735,0.09597617
-0.38841942,-0.5863479,-0.3106768,0.1041205
-0.3374797,-0.6217144,-0.26045892,0.1312753
-0.30037883,-0.6231499,-0.22487819,0.16977915
-0.28841627,-0.6091,-0.21215242,0.1970439
-0.2853855,-0.6043844,-0.20636623,0.20963491
-0.2874078,-0.6001237,-0.20572463,0.2134377
-0.28902304,-0.60102254,-0.20465828,0.21414927
-0.29675367,-0.59330183,-0.21058145,0.20967339
-0.30295196,-0.5935211,-0.21472561,0.20307662
-0.30549726,-0.5956886,-0.21633318,0.1988746
-0.3029793,-0.60087067,-0.21343683,0.19936843
-0.29785693,-0.60461503,-0.20847024,0.20396486
-0.2942625,-0.6044282,-0.20509672,0.20909517
-0.29221553,-0.6039012,-0.20295408,0.21278974
-0.29440215,-0.59937584,-0.2049693,0.21267954
-0.30320182,-0.59066415,-0.2133248,0.20573893
-0.31228808,-0.5876857,-0.22173467,0.19549198
-0.3106976,-0.59715676,-0.22006978,0.19171911
-0.30853984,-0.5974328,-0.21897642,0.19268294
-0.30660596,-0.5982399,-0.21738102,0.19453286
-0.30792975,-0.5947552,-0.21910591,0.19439402
-0.3034192,-0.6015318,-0.21451621,0.19680832
-0.2992748,-0.60207546,-0.21098664,0.20146742
-0.29141757,-0.608425,-0.20311765,0.20924418
-0.28742164,-0.6062428,-0.19946405,0.21642958
-0.2870849,-0.60376096,-0.19861205,0.21966764
-0.28545254,-0.6057456,-0.19630754,0.22203547
-0.32606465,-0.5545637,-0.23689796,0.19485928
-0.3609688,-0.5535504,-0.26835942,0.15826184
-0.3687783,-0.5713912,-0.2777831,0.13910446
-0.35895127,-0.58683467,-0.27070925,0.13772811
-0.31605092,-0.62649125,-0.22975913,0.16112907
-0.28519326,-0.62620795,-0.20250086,0.19747998
-0.26996583,-0.62096244,-0.18754038,0.2262951
-0.26853085,-0.6101039,-0.18504983,0.23923953
-0.27413172,-0.6030643,-0.18816657,0.2390637
-0.2820891,-0.59880227,-0.19374868,0.232189
-0.2947516,-0.5907178,-0.2045434,0.21968481
-0.3035138,-0.5918442,-0.21167776,0.20760563
-0.3317436,-0.5651952,-0.23987225,0.18442285
-0.35229927,-0.56743246,-0.25921085,0.1603372
-0.3606175,-0.57313,-0.26940653,0.14597566
-0.34218943,-0.59991056,-0.25283858,0.14963597
-0.31784645,-0.6105887,-0.23154978,0.167731
-0.30078778,-0.6108533,-0.21612784,0.18826942
-0.2885281,-0.6114054,-0.20437299,0.20570892
-0.28640664,-0.6037751,-0.2020059,0.21490528
-0.28385523,-0.6061926,-0.19791798,0.21997952
-0.28519806,-0.60231787,-0.1983549,0.22170629
-0.2888772,-0.59995276,-0.20053174,0.21972775
-0.30307537,-0.58601445,-0.2136304,0.20857942
-0.3124731,-0.5882295,-0.22129901,0.19607197
-0.31192347,-0.59617835,-0.2207781,0.1913904
-0.30063543,-0.60868376,-0.21025722,0.19805269
-0.30095327,-0.5979064,-0.21192828,0.20243518
-0.30188218,-0.5981058,-0.21229067,0.2022562
-0.32988268,-0.56460893,-0.24082159,0.18360573
-0.38245264,-0.5301411,-0.29284108,0.14396888
-0.42505258,-0.52711314,-0.33783856,0.107736535
-0.43974945,-0.54285043,-0.35800675,0.08865226
-0.41096124,-0.5832889,-0.33259276,0.09086306
-0.38164657,-0.58939683,-0.30618134,0.105706446
-0.35916865,-0.59196496,-0.2846076,0.12286274
-0.3373171,-0.5989946,-0.26279232,0.14101137
-0.31093684,-0.612442,-0.23544315,0.16462772
-0.2942415,-0.61104983,-0.21778746,0.18837109
-0.29346907,-0.5993545,-0.21494886,0.20016365
-0.2942907,-0.59924895,-0.2126597,0.20373435
-0.2949463,-0.5994341,-0.2111877,0.20534475
-0.29768458,-0.5972895,-0.21213996,0.20488153
-0.29841176,-0.5993218,-0.21128911,0.20445032
-0.29412276,-0.6052541,-0.20606992,0.207979
-0.2898961,-0.6065717,-0.20154928,0.2137237
-0.2922183,-0.6003202,-0.20337139,0.21499063
-0.29708195,-0.59679705,-0.20726487,0.21127993
-0.29555488,-0.60275346,-0.20516318,0.21030027
-0.29444608,-0.602137,-0.20441292,0.21148306
-0.29871348,-0.59613544,-0.20862313,0.2089559
-0.30094936,-0.5974796,-0.21035093,0.20551021
-0.33943346,-0.55275345,-0.24951665,0.17926796
-0.4192832,-0.4979124,-0.32945406,0.12501766
-0.47050053,-0.5090166,-0.38543,0.08380255
-0.49085426,-0.5223145,-0.41499105,0.06466569
-0.47396708,-0.55419177,-0.40335634,0.06204054
-0.43168902,-0.58347124,-0.36271667,0.07297764
-0.3984033,-0.5852905,-0.33027977,0.090638414
-0.3796371,-0.5808125,-0.31172916,0.10606377
-0.3771187,-0.56936806,-0.30944237,0.113259315
-0.37732598,-0.5685918,-0.30890644,0.11486165
-0.37047613,-0.5769506,-0.3009429,0.11806672
-0.3448232,-0.60076874,-0.27309644,0.13188772
-0.31675893,-0.6118854,-0.24345195,0.1562401
-0.29627654,-0.6142374,-0.22096358,0.18273513
-0.29138994,-0.60393345,-0.21389088,0.19930348
-0.29498535,-0.5968834,-0.21430476,0.20339924
-0.29854307,-0.5964503,-0.21499054,0.20234425
-0.3004937,-0.59752715,-0.21491072,0.20117243
-0.3051443,-0.59366995,-0.21828718,0.19818623
-0.30543295,-0.59753287,-0.2174564,0.19654067
-0.30208245,-0.60132295,-0.21388902,0.1987574
-0.29647067,-0.6050977,-0.20824952,0.20430824
-0.300163,-0.5956256,-0.21201952,0.20473032
-0.306589,-0.5918913,-0.21743944,0.19936496
-0.30728003,-0.5964004,-0.21767221,0.19602229
-0.2990777,-0.6063696,-0.20975034,0.2007648
-0.29260832,-0.6065846,-0.20414229,0.20880382
-0.28916073,-0.60555124,-0.20073566,0.21494184
-0.30066696,-0.5884742,-0.21203934,0.20902728
-0.3173645,-0.5797292,-0.22715136,0.19315517
-0.32521743,-0.584764,-0.23438911,0.18040943
-0.3117051,-0.6065363,-0.22147565,0.18392725
-0.3012329,-0.60613257,-0.21310037,0.19524823
-0.29455134,-0.60603976,-0.20680076,0.2049989
-0.28874058,-0.6073131,-0.2010931,0.21319781
-0.28535113,-0.6066584,-0.19750616,0.21949929
-0.2810742,-0.6093823,-0.19267935,0.2255561
-0.2814265,-0.6052706,-0.1926426,0.22844219
-0.2797507,-0.60836035,-0.18997021,0.23074664
-0.27961448,-0.60690457,-0.18947467,0.23243728
-0.27757457,-0.60977817,-0.1868025,0.23488933
-0.2777447,-0.6076213,-0.18679087,0.23631205
-0.28162992,-0.6033274,-0.19005401,0.23372582
-0.28964815,-0.59709173,-0.1972706,0.22593659
-0.2955777,-0.59716606,-0.20239833,0.21750802
-0.2965434,-0.6008254,-0.20338692,0.2132453
-0.2944994,-0.6036587,-0.20198108,0.21334131
-0.29298642,-0.60338724,-0.20119359,0.21474256
-0.310453,-0.580649,-0.21911004,0.20277555
-0.32442954,-0.5806849,-0.23176499,0.1857835
-0.32652852,-0.58882785,-0.23467399,0.17694008
-0.33047354,-0.58505094,-0.2402898,0.17179362
-0.33041027,-0.5884764,-0.24120092,0.16899979
-0.32435772,-0.59460104,-0.23652405,0.17131223
-0.3159672,-0.5989512,-0.22933747,0.17796084
-0.3100998,-0.5987088,-0.22426628,0.18499972
-0.30049965,-0.6055697,-0.21467368,0.19429302
-0.2917608,-0.6077839,-0.20615943,0.20537144
-0.28674003,-0.6069683,-0.20072836,0.21446222
-0.27806193,-0.61390585,-0.19121116,0.22517706
-0.2771669,-0.6073751,-0.18999743,0.23178802
-0.27704573,-0.6078851,-0.18835235,0.23431191
-0.27952024,-0.60468066,-0.18990214,0.2337131
-0.28751278,-0.5975016,-0.1967001,0.2271872
-0.29271838,-0.598684,-0.2006121,0.21983044
-0.29665262,-0.5981014,-0.20427248,0.2141057
-0.30605075,-0.59001786,-0.21364366,0.20504159
-0.31289607,-0.59021497,-0.220186,0.19551401
-0.32218534,-0.58433926,-0.23016042,0.18532655
-0.3342137,-0.57809186,-0.24282327,0.17291808
-0.34043235,-0.5806324,-0.25000882,0.16307859
-0.33454087,-0.5916386,-0.2456723,0.1620534
-0.31102824,-0.6131216,-0.22384967,0.17644458
-0.28646097,-0.6219808,-0.20142944,0.20222875
-0.2774104,-0.61284953,-0.19320117,0.22215301
-0.2759751,-0.6080238,-0.19046281,0.23080786
-0.27383408,-0.60998565,-0.18679146,0.2357613
-0.27407867,-0.6081529,-0.18589061,0.23844509
-0.27836308,-0.6036351,-0.18881927,0.23640902
-0.3021478,-0.5783937,-0.21116214,0.21716191
-0.32433265,-0.57463676,-0.23065522,0.19151244
-0.3293916,-0.58681744,-0.2356499,0.17725216
-0.32259536,-0.59762555,-0.23051623,0.17679007
-0.32322356,-0.5902482,-0.23314658,0.1775473
-0.32067734,-0.594074,-0.23129083,0.17819814
-0.32194367,-0.5894179,-0.23391986,0.17766027
-0.31507698,-0.5989206,-0.22737923,0.1808613
-0.31096372,-0.5969422,-0.22448574,0.18575905
-0.3025482,-0.60411406,-0.21605964,0.19320053
-0.30334026,-0.5954426,-0.21740231,0.19674325
-0.29458347,-0.6079926,-0.20752971,0.20339473
-0.28930718,-0.6059936,-0.20271108,0.21177152
-0.27830687,-0.6161143,-0.19090599,0.22395018
-0.26982647,-0.6167335,-0.18262447,0.2376328
-0.26259574,-0.619367,-0.17469123,0.25029996
-0.26560983,-0.6092345,-0.17696385,0.25376087
-0.27788997,-0.5974951,-0.18709876,0.24395536
-0.2835512,-0.6020721,-0.1906572,0.23408715
-0.27609655,-0.61577004,-0.18308166,0.23670517
-0.2704228,-0.6157353,-0.17849307,0.24464867
-0.26674134,-0.61589694,-0.17490308,0.25134805
-0.27076024,-0.60733265,-0.17880149,0.25062153
-0.27801734,-0.60244817,-0.18488371,0.24320629
-0.28057384,-0.60572034,-0.18668878,0.23738518
-0.27067608,-0.62003595,-0.17717128,0.24353036
-0.27532884,-0.6044695,-0.18314183,0.24418853
-0.28611144,-0.5966302,-0.192489,0.23383093
-0.3077581,-0.5792472,-0.21334073,0.21214125
-0.32713923,-0.57607836,-0.23153223,0.18839903
-0.3358725,-0.5814302,-0.2411095,0.1727173
-0.3266226,-0.5983678,-0.23371306,0.17190325
-0.30081317,-0.6193831,-0.2106455,0.18948938
-0.27156466,-0.63255465,-0.18431544,0.2215421
-0.2620149,-0.6196629,-0.17655298,0.24576432
-0.26496765,-0.60888785,-0.17811535,0.2518077
-0.27193823,-0.60333496,-0.18298236,0.24704519
-0.28430372,-0.59463483,-0.19341478,0.23474622
-0.29245514,-0.59636074,-0.19972064,0.22275153
-0.29719138,-0.5973545,-0.20405808,0.21470673
-0.2956915,-0.6032411,-0.20263276,0.21272215
-0.31399593,-0.5790734,-0.22175427,0.19983031
-0.32795748,-0.5801301,-0.2344174,0.18255576
-0.3334484,-0.5840685,-0.24100097,0.17168811
-0.33062878,-0.5912543,-0.2396942,0.16906588
-0.3082404,-0.6141516,-0.21898344,0.18200637
-0.29946217,-0.60429287,-0.21294771,0.19644791
-0.2976097,-0.6004878,-0.21088193,0.20277354
-0.29430822,-0.6027699,-0.20729329,0.20690629
-0.30548668,-0.5863821,-0.21833676,0.20124167
-0.32750946,-0.5712599,-0.23891081,0.18276672
-0.34086317,-0.57503533,-0.2513923,0.16547996
-0.34048995,-0.585566,-0.25191295,0.15876026
-0.32432032,-0.60303444,-0.23703398,0.16614924
-0.29733184,-0.62051195,-0.21165764,0.18848582
-0.27341786,-0.62687653,-0.1892463,0.21866107
-0.26511353,-0.61747056,-0.18116783,0.24014565
-0.2789092,-0.59376574,-0.19313961,0.23690471
-0.29896557,-0.58307636,-0.20961522,0.21750101
-0.3120074,-0.5851835,-0.22059707,0.19933785
-0.31777298,-0.589139,-0.22608256,0.18859485
-0.3228585,-0.58753604,-0.23178281,0.18155417
-0.32497367,-0.58915967,-0.23454295,0.17701888
-0.3146157,-0.60265297,-0.2250217,0.18136807
-0.3046396,-0.6046955,-0.21669683,0.19126473
-0.29322216,-0.6103741,-0.20580886,0.20374735
-0.28620058,-0.6089505,-0.19928189,0.21498561
-0.290224,-0.5983529,-0.20290197,0.21674883
-0.29968864,-0.59104836,-0.21101369,0.20927791
-0.31409866,-0.5821352,-0.2244315,0.19541347
-0.32453087,-0.5826187,-0.23411587,0.18202119
-0.32139057,-0.59464973,-0.23127934,0.17828502
-0.31120682,-0.60304415,-0.22238192,0.18453841
-0.29406846,-0.6148198,-0.20623164,0.19994344
-0.2790137,-0.61830485,-0.1923126,0.21948297
-0.26982298,-0.61724883,-0.18328385,0.23605017
-0.2689562,-0.61074644,-0.1817249,0.24391022
-0.28640524,-0.58866715,-0.19752748,0.23243894
-0.29980353,-0.5894729,-0.20788042,0.21520902
-0.30326387,-0.59617704,-0.2107499,0.2057571
-0.3298206,-0.5668524,-0.23796324,0.18552546
-0.36038226,-0.5562764,-0.26753053,0.15673427
-0.37701106,-0.56179357,-0.28588232,0.13544506
-0.37273765,-0.5784954,-0.28442258,0.12886435
-0.36262503,-0.5842707,-0.27756003,0.13209304
-0.34936255,-0.5904856,-0.26645198,0.14022101
-0.3297086,-0.6016347,-0.24817604,0.1542856
-0.31136402,-0.6065725,-0.23075043,0.17247051
-0.29925314,-0.60629326,-0.21852209,0.18921061
-0.29475087,-0.6022746,-0.21303298,0.19989347
-0.29330185,-0.60110915,-0.20992394,0.20537852
-0.290962,-0.6033341,-0.20598128,0.20972233
-0.29012135,-0.6027238,-0.20391215,0.21304871
-0.29256627,-0.5995594,-0.20510554,0.21313226
-0.29469118,-0.59958863,-0.20598355,0.21158293
-0.28797248,-0.6097183,-0.19854641,0.21608377
-0.28923815,-0.6017991,-0.20010771,0.2186844
-0.3002671,-0.59042037,-0.21003602,0.21099664
-0.31224972,-0.585845,-0.2209115,0.19795899
-0.32428837,-0.58156407,-0.23279929,0.1841341
-0.3273026,-0.5880822,-0.23611623,0.17590214
-0.32099473,-0.59690964,-0.23113132,0.17675224
-0.3065289,-0.6079951,-0.21810526,0.18721177
-0.2999339,-0.6030812,-0.2129926,0.1976056
-0.30308422,-0.59438115,-0.21604903,0.19928262
-0.30347532,-0.5971239,-0.2156584,0.19840607
-0.299276,-0.60223037,-0.2113564,0.20122112
-0.29045618,-0.6093479,-0.20258957,0.20957455
-0.28688094,-0.60601497,-0.19925593,0.2170092
-0.2864289,-0.60418606,-0.19807294,0.2203474
-0.28603742,-0.60448325,-0.19695757,0.22193383
-0.28007042,-0.6117572,-0.19044632,0.22747742
-0.27956727,-0.6069121,-0.1900321,0.23145947
-0.2788657,-0.608225,-0.1883967,0.23339611
-0.27507165,-0.61218655,-0.18428159,0.23753005
-0.27055776,-0.61451477,-0.17976098,0.24377725
-0.2768442,-0.6026301,-0.1858056,0.24168508
-0.28877398,-0.5942773,-0.19615485,0.22990222
-0.29807776,-0.59354836,-0.20432481,0.21696286
-0.29816043,-0.60127807,-0.20431836,0.2114365
-0.29189363,-0.6082347,-0.19906202,0.21463518
-0.28669843,-0.6087543,-0.1950222,0.22077534
-0.28914055,-0.6011753,-0.19798322,0.22146057
-0.28807476,-0.6050703,-0.19653039,0.221374
-0.2890017,-0.6024203,-0.19785018,0.22097667
-0.28410003,-0.6097372,-0.19276316,0.22428572
-0.2818426,-0.60761064,-0.19116408,0.22835265
-0.27197725,-0.6185237,-0.18119638,0.2378626
-0.26413774,-0.61909884,-0.17430261,0.25003192
-0.26737815,-0.6086416,-0.17723887,0.25276196
-0.27038002,-0.6086052,-0.17873472,0.25007322
-0.2738319,-0.6067594,-0.18148212,0.24616382
-0.2715812,-0.6131047,-0.178602,0.24649534
-0.27596816,-0.6051042,-0.18318336,0.2439385
-0.27783957,-0.6074718,-0.1841754,0.24045911
-0.27692986,-0.60965693,-0.18345964,0.23991174
-0.2905739,-0.59171,-0.19716382,0.22919822
-0.32509547,-0.56306285,-0.2301781,0.19813281
-0.35286227,-0.56188923,-0.25659126,0.165732
-0.3678143,-0.56637824,-0.27363333,0.14455551
-0.39873603,-0.5421919,-0.308722,0.12256873
-0.4209101,-0.54315513,-0.33482832,0.10287156
-0.43298066,-0.5447187,-0.35282055,0.09038586
-0.43150297,-0.5545614,-0.35607347,0.08551863
-0.39459145,-0.59237224,-0.32096276,0.09541439
-0.34396347,-0.6174622,-0.27092618,0.12359598
-0.30401814,-0.6239976,-0.23082496,0.16252677
-0.2794167,-0.62259096,-0.2049509,0.1992572
-0.2651742,-0.621176,-0.18823345,0.22761604
-0.2598093,-0.6169316,-0.17992939,0.24549519
-0.270874,-0.5991864,-0.18771985,0.24434377
-0.3143256,-0.55675316,-0.2272187,0.20950979
-0.35372666,-0.5522258,-0.26185068,0.16747473
-0.3864532,-0.5469607,-0.2952742,0.13453941
-0.3843972,-0.5756589,-0.29477632,0.122026615
-0.3551169,-0.60280114,-0.26868257,0.13205992
-0.32602447,-0.61093545,-0.24236014,0.15488641
-0.3157778,-0.5991624,-0.23376508,0.17247213
-0.32242152,-0.58347976,-0.2403527,0.17431553
-0.32889733,-0.58229905,-0.24583429,0.16890797
-0.33340585,-0.58214617,-0.2501989,0.16368449
-0.32556117,-0.5952191,-0.24198452,0.16596399
-0.32342428,-0.59033483,-0.24051252,0.16997018
-0.32508403,-0.5876257,-0.24157804,0.17046256
-0.32737187,-0.5863821,-0.24349274,0.16891909
-0.32408318,-0.5923892,-0.23975253,0.17007233
-0.33235,-0.5794993,-0.24843204,0.16661021
-0.3301909,-0.5902513,-0.245198,0.16491605
-0.3317672,-0.58512896,-0.24764526,0.16437696
-0.32642254,-0.5934101,-0.2419477,0.16675565
-0.32754138,-0.5865907,-0.24386816,0.16798683
-0.32740632,-0.5884989,-0.24333555,0.16785842
-0.3249371,-0.5908829,-0.24096107,0.16929387
-0.3144627,-0.60133016,-0.23022985,0.176609
-0.30309647,-0.60565245,-0.21908443,0.1885805
-0.2994239,-0.60079294,-0.21517034,0.1972378
-0.29442486,-0.604449,-0.20905124,0.20402487
-0.28432542,-0.61247784,-0.19831654,0.214994
-0.2747568,-0.6157301,-0.18846138,0.22873767
-0.27341962,-0.6095641,-0.18641819,0.23673013
-0.28529304,-0.5942606,-0.19666602,0.23017797
-0.29122868,-0.5986288,-0.20019203,0.22124672
-0.28969827,-0.6049928,-0.1982628,0.21934593
-0.3099462,-0.57872057,-0.21866328,0.20518735
-0.33400294,-0.56967777,-0.24088351,0.18081579
-0.35223055,-0.5682153,-0.25958085,0.15916179
-0.3809398,-0.5497774,-0.29070517,0.13599148
-0.4053831,-0.54626244,-0.31798086,0.11445386
-0.4210319,-0.5466057,-0.33841097,0.09932019
-0.43120298,-0.5462431,-0.35361275,0.089590445
-0.4299911,-0.5543484,-0.3565918,0.08550851
-0.4151531,-0.56833136,-0.34444922,0.08852666
-0.37346214,-0.6019172,-0.30258036,0.105200626
-0.3369829,-0.6087102,-0.26613164,0.1327093
-0.3117069,-0.6105115,-0.2392963,0.16115879
-0.31101617,-0.5913482,-0.23711793,0.17531548
-0.32122213,-0.5810253,-0.24407782,0.17329788
-0.32795322,-0.5825769,-0.24817102,0.16743015
-0.3259089,-0.59078413,-0.24445751,0.16672394
-0.3222331,-0.5931908,-0.23997685,0.17011191
-0.31695175,-0.5966912,-0.23377506,0.17555434
-0.3059969,-0.60521203,-0.2221137,0.1855068
-0.2960737,-0.6077103,-0.21190146,0.197996
-0.29672304,-0.5988351,-0.2118877,0.20375544
-0.30158,-0.59431183,-0.21520537,0.20189114
-0.29836577,-0.6025496,-0.21077016,0.20283957
-0.29503676,-0.60323405,-0.2074019,0.20691194
-0.28247482,-0.61616844,-0.19438562,0.21836245
-0.27973577,-0.60791886,-0.19227491,0.22738099
-0.28144097,-0.6046869,-0.19269104,0.22917295
-0.28665107,-0.59981996,-0.1968503,0.22553647
-0.28774887,-0.60358715,-0.19679743,0.22281976
-0.28746945,-0.6045681,-0.19633429,0.22254348
-0.2972319,-0.59234565,-0.20591009,0.21547215
-0.30793774,-0.5886345,-0.21556853,0.2034157
-0.3119615,-0.59263134,-0.21953154,0.19499639
-0.30460674,-0.6042501,-0.21294747,0.19673702
-0.31104395,-0.5892409,-0.22097915,0.19460519
-0.3115727,-0.5953621,-0.22098584,0.19134612
-0.31151226,-0.5945441,-0.22199117,0.19028263
-0.3053604,-0.6021756,-0.21615659,0.19380759
-0.29229206,-0.6119862,-0.20400868,0.20515633
-0.29003778,-0.6032661,-0.20266262,0.2131639
-0.28765777,-0.6053801,-0.19937827,0.21732837
-0.28647125,-0.60445374,-0.19793801,0.22021681
-0.29817075,-0.58953017,-0.20897803,0.21297558
-0.31926852,-0.5753861,-0.22853188,0.19379973
-0.33771175,-0.5722871,-0.24612421,0.17290053
-0.34116057,-0.5832577,-0.2501662,0.16181645
-0.32640773,-0.60177714,-0.23710322,0.16648653
-0.3121679,-0.6049789,-0.22509076,0.1794403
-0.29450265,-0.61445206,-0.20830491,0.19726318
-0.28008345,-0.6167077,-0.19480434,0.21681851
-0.27326563,-0.6134421,-0.18776192,0.23130679
-0.26949298,-0.6130254,-0.18282464,0.24048024
-0.26654944,-0.6138018,-0.17874444,0.24718392
-0.27418128,-0.6018845,-0.18517482,0.24420412
-0.28572714,-0.5954463,-0.1944405,0.23259705
-0.294078,-0.5956239,-0.20127307,0.22085264
-0.29220864,-0.60515875,-0.19895253,0.21760547
-0.29897627,-0.59444714,-0.20649257,0.21263343
-0.30647978,-0.59218585,-0.2133693,0.20397009
-0.30657572,-0.59792066,-0.21375965,0.19961457
-0.2965325,-0.6093525,-0.20479567,0.20526211
-0.30589622,-0.5884211,-0.21578312,0.2025233
-0.31671643,-0.58514136,-0.22559904,0.1913665
-0.3180876,-0.5918322,-0.2273722,0.18482669
-0.3159434,-0.5948799,-0.226313,0.18416046
-0.32212105,-0.58545625,-0.23352034,0.18035704
-0.32103318,-0.59253967,-0.23241526,0.17802842
-0.32455558,-0.5863691,-0.2371531,0.17545706
-0.32873192,-0.5850914,-0.24150495,0.17113358
-0.32150105,-0.5967417,-0.23462106,0.17307293
-0.30201462,-0.61299443,-0.21601519,0.18753211
-0.29214364,-0.6080395,-0.20731762,0.20317909
-0.28453988,-0.6101023,-0.19896163,0.2152031
-0.28928104,-0.59756017,-0.20319456,0.21715918
-0.2978486,-0.5926756,-0.20976,0.21047036
-0.2973995,-0.6007819,-0.20806059,0.2074336
-0.30389857,-0.59194314,-0.21465969,0.20290628
-0.31123856,-0.58973336,-0.22106351,0.19521107
-0.31149796,-0.5954125,-0.22116071,0.19138846
-0.2983452,-0.61078244,-0.20861466,0.19924633
-0.2975009,-0.5996618,-0.20923959,0.20536959
-0.33828527,-0.55109286,-0.24986285,0.18004462
-0.37364408,-0.54859096,-0.28316063,0.14538667
-0.39056036,-0.55650985,-0.3026921,0.1233148
-0.3763731,-0.58458877,-0.29101485,0.12087123
-0.34322459,-0.60762036,-0.26057163,0.13751973
-0.3397574,-0.5837341,-0.25999147,0.15001673
-0.34111872,-0.58167684,-0.2607697,0.15177515
-0.3473572,-0.57488155,-0.26756716,0.14830992
-0.35498655,-0.57210046,-0.27515486,0.14224103
-0.35570455,-0.577589,-0.2759557,0.1388509
-0.3496814,-0.5845414,-0.27027002,0.14088604
-0.3175624,-0.616564,-0.23744656,0.15960714
-0.2853823,-0.62728137,-0.20608406,0.19339353
-0.2719325,-0.61820006,-0.19217435,0.22171709
-0.26793557,-0.6131105,-0.18582101,0.23674527
-0.27254605,-0.60445815,-0.18792138,0.23926884
-0.28085247,-0.5993498,-0.19329065,0.23333816
-0.2868255,-0.59983957,-0.19700858,0.22620048
-0.28812993,-0.60343075,-0.19719505,0.22273953
-0.28536844,-0.607834,-0.19411764,0.22421199
-0.2860584,-0.60435045,-0.19489048,0.22509106
-0.2944196,-0.5950319,-0.20272176,0.21881923
-0.30448303,-0.5905864,-0.21183081,0.20774665
-0.3111226,-0.5910124,-0.21827796,0.19785188
-0.3135866,-0.59326714,-0.22127178,0.19199446
-0.3135845,-0.59473884,-0.22224279,0.18960743
-0.32265005,-0.58341694,-0.23245305,0.18280545
-0.32843694,-0.58475,-0.23847185,0.1747436
-0.32987738,-0.5869453,-0.241119,0.17016955
-0.3266098,-0.59175515,-0.23885705,0.17024599
-0.32604226,-0.5891618,-0.23944575,0.17102836
-0.32127985,-0.59447604,-0.23507233,0.17371818
-0.30980983,-0.6035443,-0.22419126,0.18241848
-0.3022962,-0.60262424,-0.21729374,0.19242297
-0.2988508,-0.6010121,-0.21348156,0.19918014
-0.29370892,-0.6046693,-0.20763533,0.20556642
-0.29126823,-0.6033117,-0.20473872,0.2107998
-0.2873184,-0.60669786,-0.19985865,0.2161454
-0.2865924,-0.60415876,-0.19863066,0.21970004
-0.2937463,-0.5952579,-0.2048455,0.21587625
-0.30376828,-0.58995223,-0.21353656,0.20612104
-0.30023134,-0.60305107,-0.20918357,0.20384616
-0.29237676,-0.60844547,-0.20226921,0.21022926
-0.28813073,-0.6070401,-0.19851203,0.2171119
-0.28928822,-0.6020501,-0.1995994,0.21896023
-0.2862682,-0.6071284,-0.1960258,0.22132312
-0.2861495,-0.60418975,-0.19609225,0.2230925
-0.29210782,-0.5972511,-0.20152125,0.21914771
-0.29471684,-0.59959894,-0.2033506,0.21464571
-0.29652295,-0.599229,-0.20524387,0.21171468
-0.2947848,-0.60305697,-0.20350082,0.21178123
-0.29628947,-0.59929657,-0.20546593,0.21117134
-0.29436675,-0.6033026,-0.20339744,0.21180777
-0.293386,-0.6023413,-0.20287654,0.21319059
-0.2933538,-0.6017718,-0.20284367,0.21372215
-0.29255605,-0.60269684,-0.20203483,0.21439734
-0.29129812,-0.6034854,-0.2008462,0.21572916
-0.28615355,-0.60870457,-0.19577894,0.22025523
-0.28127944,-0.6099706,-0.19133197,0.22665775
-0.28373945,-0.60290676,-0.1937122,0.22778259
-0.2826719,-0.6070615,-0.19175917,0.2282381
-0.2849613,-0.6028258,-0.19405489,0.22721139
-0.28771627,-0.60203016,-0.19615136,0.22431737
-0.29117963,-0.60006976,-0.199336,0.22038157
-0.29518715,-0.5982997,-0.20308307,0.21557015
-0.29927465,-0.5967218,-0.20711151,0.21031736
-0.2994727,-0.5999434,-0.20741186,0.207683
-0.29351193,-0.6069077,-0.20207542,0.21112207
-0.33879775,-0.54652953,-0.24873689,0.1832997
-0.38433164,-0.5381036,-0.2917639,0.14161833
-0.4078819,-0.5468353,-0.3187284,0.11410483
-0.39492166,-0.57810134,-0.3093417,0.108668946
-0.35507345,-0.60867417,-0.27257356,0.12537421
-0.3244903,-0.61041,-0.24470761,0.15238109
-0.30551207,-0.6089068,-0.22626543,0.17663054
-0.294169,-0.6073785,-0.21432906,0.19468991
-0.28757372,-0.60673916,-0.2062627,0.20737858
-0.28294343,-0.60759526,-0.1998506,0.21675578
-0.27507538,-0.6141156,-0.19023697,0.22771612
-0.26525882,-0.61992675,-0.17936158,0.24216682
-0.26034144,-0.61805147,-0.17353463,0.25426254
-0.26912582,-0.60312384,-0.18067186,0.25212812
-0.28257954,-0.59540623,-0.19122511,0.23868003
-0.29123777,-0.5969736,-0.19793004,0.22573045
-0.28770477,-0.6087158,-0.19391592,0.22352418
-0.2787639,-0.6159199,-0.1859856,0.23131117
-0.26710537,-0.6223354,-0.17552918,0.24522147
-0.25912946,-0.62191194,-0.16862169,0.2588786
-0.25166705,-0.6247779,-0.16136181,0.27139726
-0.24248742,-0.6302288,-0.15244941,0.2859624
-0.2431249,-0.6211297,-0.15307315,0.2923672
-0.25716108,-0.6040964,-0.16509253,0.28050455
-0.27322486,-0.5974328,-0.17809573,0.25950354
-0.27967274,-0.60394055,-0.18293671,0.24503683
-0.28635192,-0.6006199,-0.18982896,0.23474304
-0.29643387,-0.59430355,-0.19980703,0.22242919
-0.30425268,-0.5934654,-0.20769694,0.21059653
-0.30535,-0.59826326,-0.2096516,0.20444222
-0.3027671,-0.60142666,-0.20860216,0.20390521
-0.29608777,-0.6066858,-0.20342194,0.20842676
-0.30372688,-0.59092134,-0.21254323,0.20526628
-0.3240957,-0.5740904,-0.23259236,0.1881796
-0.3413984,-0.5715907,-0.24977432,0.16840163
-0.3469166,-0.5789302,-0.25657105,0.15657
-0.3599652,-0.5672849,-0.27214494,0.14559725
-0.36529967,-0.5724186,-0.27896804,0.13693124
-0.35440633,-0.587604,-0.27013752,0.13831136
-0.33547053,-0.5993212,-0.25296074,0.15001254
-0.31933704,-0.6023086,-0.23792389,0.16575275
-0.3046251,-0.6067922,-0.22321202,0.1822795
-0.2917783,-0.61023515,-0.20991574,0.19899304
-0.28570804,-0.6073572,-0.20291767,0.21163768
-0.2923203,-0.594817,-0.20797871,0.2123432
-0.30169073,-0.59041244,-0.21497828,0.20474905
-0.30765978,-0.59155107,-0.21946976,0.19718856
-0.3063854,-0.5982477,-0.21750547,0.19532141
-0.30444956,-0.5990986,-0.2157131,0.1969362
-0.3190776,-0.5800126,-0.2304343,0.18832731
-0.3255254,-0.5861673,-0.23564923,0.17829455
-0.3231093,-0.59291226,-0.23412281,0.17584471
-0.3171704,-0.59748435,-0.22912912,0.17934053
-0.3160443,-0.5934185,-0.22890444,0.18206394
-0.3099957,-0.5998714,-0.22294173,0.18639687
-0.3030664,-0.6023974,-0.21662964,0.19347566
-0.30392507,-0.5957071,-0.21759719,0.19644243
-0.30861953,-0.59146947,-0.22156383,0.19375044
-0.30817816,-0.5962063,-0.22048068,0.19231367
-0.30024374,-0.6050679,-0.21254537,0.19771111
-0.29041886,-0.6100091,-0.2030785,0.20839815
-0.28046483,-0.6140456,-0.19317581,0.2214506
-0.27859837,-0.60783535,-0.19116229,0.22931845
-0.2761641,-0.6101461,-0.18750075,0.23405969
-0.28019887,-0.60281515,-0.1908823,0.23333234
-0.2863487,-0.5996817,-0.19553417,0.22764412
-0.28999496,-0.60066026,-0.19825135,0.2222235
-0.2944829,-0.5981477,-0.20247726,0.21687257
-0.29297546,-0.60407835,-0.2007103,0.215494
-0.2940365,-0.60081154,-0.20238978,0.21484983
-0.29262096,-0.6038424,-0.20091341,0.2152197
-0.29126042,-0.6037386,-0.2000534,0.21658435
-0.28772107,-0.6070367,-0.19668186,0.21979366
-0.2904146,-0.6003306,-0.19973859,0.21949896
-0.29049122,-0.6031589,-0.19928566,0.21844044
-0.28685737,-0.6071732,-0.19592227,0.22094858
-0.28588519,-0.60513306,-0.19527215,0.22339225
-0.2846322,-0.6061703,-0.1938029,0.22518495
-0.28304362,-0.6069565,-0.19218795,0.2273095
-0.2831103,-0.60561234,-0.19213061,0.22837079
-0.2947117,-0.59144753,-0.20336989,0.21986607
-0.3013296,-0.594585,-0.20860754,0.20977652
-0.30170587,-0.59894294,-0.20931654,0.20548442
-0.29659587,-0.6051967,-0.20487405,0.20790184
-0.29324442,-0.60438514,-0.20248449,0.21210183
-0.28657255,-0.60984004,-0.19613838,0.21865992
-0.28656515,-0.6036349,-0.19673213,0.22208397
-0.2868623,-0.6039898,-0.19644748,0.22254837
-0.29221463,-0.59741604,-0.20162453,0.21868268
-0.2965782,-0.5973599,-0.20522217,0.21312264
-0.29763937,-0.5995872,-0.20620155,0.20996118
-0.28943598,-0.6103283,-0.19829671,0.21489894
-0.28479576,-0.6082817,-0.19471367,0.22197567
-0.2784439,-0.6127604,-0.18829389,0.22981414
-0.2801517,-0.60469186,-0.19025123,0.23232624
-0.2813595,-0.60565054,-0.19041747,0.23153847
-0.28861064,-0.59739953,-0.197304,0.22568673
-0.3066068,-0.5824888,-0.21422467,0.20923002
-0.31668684,-0.58670783,-0.22314677,0.19373457
-0.3153522,-0.59574485,-0.22263667,0.18840761
-0.3043124,-0.60697997,-0.21305056,0.19448058
-0.2929371,-0.6106113,-0.20337625,0.20640422
-0.28832105,-0.6065524,-0.19962633,0.21537486
-0.2886449,-0.6025961,-0.19973934,0.2183128
-0.2852406,-0.60734934,-0.19579628,0.2215331
-0.35058165,-0.5247825,-0.2620355,0.17964536
-0.4412237,-0.4860211,-0.35061547,0.113918975
-0.5219361,-0.46923295,-0.44126755,0.065853335
-0.5517286,-0.49685058,-0.48442203,0.044670433
-0.49546704,-0.5782098,-0.4315826,0.04746895
-0.4197161,-0.61030537,-0.35257897,0.06963722
-0.35963434,-0.6177638,-0.2905876,0.1056847
-0.3154937,-0.6223675,-0.2454198,0.14682247
-0.28931952,-0.6193973,-0.21770403,0.18389331
-0.27381456,-0.6185979,-0.19918594,0.21251781
-0.2730576,-0.60740304,-0.19526431,0.22669393
-0.28059182,-0.59913266,-0.19869122,0.22654092
-0.28762364,-0.5980665,-0.20213646,0.22100641
-0.29127446,-0.60020244,-0.20338336,0.21672982
-0.28925437,-0.6061093,-0.19992734,0.21743165
-0.282891,-0.61208093,-0.1930616,0.22384907
-0.28223526,-0.6072613,-0.19224699,0.22830635
-0.28707755,-0.60129046,-0.19607943,0.22608352
-0.2935582,-0.5974529,-0.20168486,0.21938357
-0.28918225,-0.6082553,-0.19691454,0.21925396
-0.29134956,-0.60045105,-0.20017083,0.21886328
-0.29684985,-0.5962943,-0.2052884,0.21367988
-0.2969931,-0.6008226,-0.20523757,0.21065633
-0.28844565,-0.6109203,-0.19724165,0.21615127
-0.2820145,-0.61094207,-0.19187352,0.22480929
-0.27688447,-0.61216307,-0.18687162,0.23267013
-0.2759617,-0.6087899,-0.1859249,0.23689441
-0.27437812,-0.61049277,-0.18369588,0.23967373
-0.2792532,-0.6028412,-0.18822592,0.2371949
-0.28544325,-0.6002025,-0.19325025,0.23046353
-0.2921462,-0.5972858,-0.19935603,0.22220947
-0.2953783,-0.59932554,-0.20222217,0.21607988
-0.2916468,-0.60631555,-0.19885315,0.21645935
-0.2783605,-0.61897504,-0.18660183,0.22766353
-0.27519545,-0.6107369,-0.18487252,0.23675211
-0.2754517,-0.6086335,-0.1845252,0.23932791
-0.28862378,-0.59212583,-0.19720088,0.22944845
-0.30714566,-0.58244276,-0.21386392,0.20983918
-0.33179754,-0.5690986,-0.23788874,0.18442051
-0.3542578,-0.56441194,-0.26053998,0.15976882
-0.39358824,-0.5374406,-0.3027038,0.13029727
-0.4185463,-0.5427497,-0.33082637,0.10623914
-0.40590143,-0.573621,-0.32250848,0.100762665
-0.37361944,-0.5961109,-0.29352778,0.11303951
-0.32705802,-0.62213975,-0.2483964,0.14270511
-0.29759023,-0.61879873,-0.22055581,0.17791945
-0.28754032,-0.6083677,-0.20960857,0.20113716
-0.28652185,-0.6023349,-0.2062669,0.2108253
-0.28925562,-0.5990901,-0.20645621,0.21266806
-0.29316026,-0.5975199,-0.20806958,0.21087678
-0.29261354,-0.60220104,-0.20567581,0.21097703
-0.29338905,-0.60082525,-0.20552261,0.21164912
-0.2854764,-0.6117993,-0.19655453,0.21809745
-0.28190562,-0.60876006,-0.19319384,0.22536936
-0.2818329,-0.60655874,-0.19226703,0.22852929
-0.28150693,-0.6069814,-0.19119303,0.22990875
-0.2826063,-0.60531664,-0.19180126,0.22984841
-0.28525838,-0.60314655,-0.19388953,0.22769701
-0.28852147,-0.60133404,-0.19675642,0.2240041
-0.2907185,-0.60141796,-0.19872035,0.22054982
-0.28830853,-0.60619986,-0.19634596,0.22091584
-0.28653732,-0.6059136,-0.19507858,0.223046
-0.29341853,-0.5961062,-0.2019499,0.21880089
-0.2986484,-0.59631264,-0.20639807,0.21186441
-0.29941303,-0.59939075,-0.20732476,0.20823283
-0.29968414,-0.5994199,-0.20811978,0.20688887
-0.29979607,-0.5994225,-0.20862621,0.2061621
-0.30057982,-0.5983667,-0.20980734,0.20514731
-0.28780454,-0.6145983,-0.19728774,0.21362445
-0.28788793,-0.60231656,-0.19890288,0.21933869
-0.28764755,-0.6043212,-0.19760147,0.2205532
-0.2884819,-0.6024127,-0.19841883,0.2204557
-0.28743473,-0.60492486,-0.19691662,0.22116816
-0.2919372,-0.59825426,-0.20138066,0.21847455
-0.2946114,-0.5995625,-0.20330243,0.21463276
-0.29524046,-0.6007237,-0.2039642,0.21265137
-0.29703656,-0.5990594,-0.20588036,0.2107424
-0.29628703,-0.6015965,-0.2051297,0.21022429
-0.29035205,-0.60791314,-0.19956677,0.21458058
-0.28178135,-0.61303955,-0.19167988,0.22379218
-0.2744318,-0.61468863,-0.18487023,0.2343371
-0.26901555,-0.61530006,-0.17950349,0.24363993
-0.27855486,-0.59858954,-0.18858439,0.23986338
-0.29268765,-0.5909072,-0.20052126,0.22526741
-0.30205426,-0.591927,-0.20869522,0.21140984
-0.30371997,-0.5976902,-0.21037672,0.20468763
-0.30090952,-0.6019839,-0.20837776,0.20458376
-0.29844788,-0.6021069,-0.20688349,0.2067405
-0.2924215,-0.6072538,-0.20145155,0.21183403
-0.2883558,-0.60657126,-0.1982114,0.21752039
-0.2824297,-0.6106714,-0.19240783,0.22435924
-0.2787485,-0.6098118,-0.18906526,0.23065507
-0.2757805,-0.61071104,-0.18581608,0.23573989
-0.2732978,-0.611292,-0.1830746,0.24014616
-0.27679572,-0.60487735,-0.18613505,0.23940626
-0.27881604,-0.6061131,-0.18708485,0.23681787
-0.28457704,-0.60050815,-0.1924476,0.23141679
-0.29052263,-0.5988268,-0.1975419,0.2240694
-0.29317656,-0.6006295,-0.19994079,0.21877663
-0.29151627,-0.60473335,-0.19856049,0.21802562
-0.2873934,-0.6079226,-0.19515,0.22126086
-0.28673157,-0.6049002,-0.19513166,0.22347023
-0.28665137,-0.60462755,-0.195058,0.223957
-0.28678006,-0.6042457,-0.19528091,0.22389022
-0.28831112,-0.60250264,-0.19680348,0.22263037
-0.2884164,-0.6037906,-0.19679222,0.2217625
-0.29170975,-0.5996575,-0.20020038,0.21906963
-0.29542387,-0.59829044,-0.2036103,0.2146738
-0.29332352,-0.6039669,-0.20151122,0.21407972
-0.29189914,-0.60340476,-0.20072326,0.21558735
-0.28775746,-0.60749775,-0.19673048,0.21927914
-0.28750184,-0.6038601,-0.19692889,0.22150865
-0.2854356,-0.606646,-0.1945754,0.22358781
-0.2802716,-0.61097264,-0.18960156,0.22879669
-0.28119516,-0.60522294,-0.1907432,0.23097868
-0.28511629,-0.60178185,-0.19393371,0.2281719
-0.29476678,-0.59335625,-0.2029821,0.2192151
-0.29817173,-0.5982145,-0.20549339,0.21199223
-0.30119637,-0.5967173,-0.20898539,0.20734587
-0.29550636,-0.6064208,-0.20349081,0.20927292
-0.2898225,-0.6075151,-0.19902892,0.21535797
-0.29013425,-0.6024599,-0.19973944,0.21792635
-0.2925391,-0.60005784,-0.20186482,0.21642089
-0.29410958,-0.60023624,-0.2032137,0.21421553
-0.28889278,-0.6079315,-0.19800904,0.21713445
-0.2885459,-0.60331035,-0.1983175,0.2196887
-0.28444427,-0.6087617,-0.19382423,0.22340788
-0.28160214,-0.6081589,-0.19136962,0.22784229
-0.29110023,-0.5942904,-0.20055494,0.22252262
-0.30289656,-0.5891786,-0.21092592,0.2099413
-0.303491,-0.5985501,-0.21101722,0.20350066
-0.29052156,-0.61390245,-0.19900419,0.21116532
-0.28842783,-0.6045364,-0.19851473,0.21822901
-0.2893666,-0.60265213,-0.19892973,0.21934542
-0.28828362,-0.6044425,-0.1977376,0.22008055
-0.285503,-0.6069479,-0.19497187,0.2228044
-0.2970363,-0.59019595,-0.2065584,0.21573034
-0.3231198,-0.5700985,-0.2312603,0.19292726
-0.34839237,-0.5637008,-0.25568837,0.16612831
-0.35955247,-0.571421,-0.26796913,0.14844035
-0.35338312,-0.5859859,-0.2641432,0.14470828
-0.348946,-0.58432096,-0.26259327,0.14679699
-0.34308422,-0.5874422,-0.25828865,0.15028378
-0.32993335,-0.59711874,-0.24639533,0.1586994
-0.3145711,-0.60383826,-0.23194896,0.17238222
-0.3010671,-0.6073455,-0.21863443,0.1880438
-0.29331622,-0.60568756,-0.2105088,0.20093165
-0.29169694,-0.60174763,-0.20779167,0.20777857
-0.28860164,-0.60493916,-0.20313409,0.21281932
-0.27879393,-0.61465293,-0.19227539,0.22329755
-0.27296612,-0.61339515,-0.18612564,0.23438123
-0.2750693,-0.6064741,-0.1870443,0.237829
-0.27012876,-0.6153822,-0.18048388,0.24283077
-0.2620053,-0.62092876,-0.17228772,0.2534937
-0.25449055,-0.62376344,-0.16469935,0.26608142
-0.25101238,-0.6217271,-0.16098498,0.275302
-0.24862313,-0.6221878,-0.15783909,0.28144968
-0.2522162,-0.61538136,-0.16064051,0.2808647
-0.25826907,-0.61152273,-0.16509008,0.27444777
-0.26437682,-0.6092731,-0.16995946,0.26598892
-0.27272043,-0.60423744,-0.17738411,0.2551542
-0.2800925,-0.6026744,-0.18391271,0.24402496
-0.28545707,-0.60226315,-0.1891266,0.2348718
-0.28914994,-0.60211223,-0.19312388,0.22802877
-0.2917915,-0.60168266,-0.1963716,0.22290614
-0.30322817,-0.58956414,-0.20847157,0.21203522
-0.3057238,-0.5969261,-0.21083318,0.2039139
-0.30260298,-0.6013725,-0.20927782,0.20309776
-0.29806632,-0.60385025,-0.20607977,0.20637074
-0.29842418,-0.5990796,-0.20754658,0.20752907
-0.29282895,-0.6065095,-0.20216517,0.21117508
-0.29281342,-0.60097456,-0.20307152,0.2135169
-0.29154205,-0.60333776,-0.20142837,0.21480848
-0.28898403,-0.6050248,-0.19903633,0.2174417
-0.28723496,-0.6051566,-0.19726941,0.22025135
-0.28596416,-0.6053571,-0.19582938,0.22251494
-0.2858574,-0.6045053,-0.19549973,0.2236781
-0.28637156,-0.60398436,-0.19567007,0.22377668
-0.2868354,-0.60395944,-0.19584207,0.2234775
-0.28998208,-0.6005337,-0.19876646,0.22104533
-0.3115041,-0.57720846,-0.21988367,0.20420404
-0.32990578,-0.5755888,-0.23665752,0.18260218
-0.33863798,-0.5798653,-0.24615549,0.16803272
-0.3335241,-0.59218484,-0.24258144,0.16516209
-0.31542504,-0.60771084,-0.226563,0.17579298
-0.29959804,-0.6105814,-0.2128425,0.19265726
-0.29914257,-0.5980311,-0.2132082,0.20076744
-0.30724186,-0.58881956,-0.2204468,0.19686782
-0.3148303,-0.5871177,-0.22710563,0.1888971
-0.31671986,-0.59130377,-0.22866812,0.18411699
-0.3120603,-0.5981276,-0.22423452,0.18563429
-0.30978504,-0.5965374,-0.2225297,0.18875231
-0.2991358,-0.6077919,-0.21170038,0.19707194
-0.28707498,-0.61271936,-0.20032519,0.2107794
-0.28026095,-0.6112251,-0.19351622,0.22294028
-0.28280637,-0.60263455,-0.19531797,0.22619912
-0.29329047,-0.5927241,-0.20422857,0.21870898
-0.3383081,-0.5481289,-0.24812892,0.18432957
-0.36997432,-0.5537263,-0.27735454,0.14880127
-0.38548207,-0.5594867,-0.29569477,0.127716
-0.37094122,-0.587183,-0.28359544,0.1259013
-0.3390168,-0.6085554,-0.25470793,0.14274779
-0.3165313,-0.60810465,-0.23454474,0.16577856
-0.3020124,-0.60761744,-0.22038943,0.18526879
-0.2925493,-0.6071802,-0.210505,0.20012599
-0.28236547,-0.6123083,-0.19917338,0.21421649
-0.28459513,-0.6009689,-0.2004935,0.21979457
-0.290362,-0.59736204,-0.20387699,0.21694161
-0.2886462,-0.60478365,-0.20050108,0.21687114
-0.2950816,-0.59509945,-0.20648755,0.21354796
-0.30461878,-0.5903409,-0.21448746,0.20459807
-0.3075974,-0.59498847,-0.2166781,0.19821374
-0.30530587,-0.5997998,-0.21463278,0.19772196
-0.30554536,-0.5972391,-0.2154157,0.19806315
-0.3065363,-0.59637874,-0.21650234,0.19716337
-0.31277648,-0.5892434,-0.22316734,0.19226485
-0.34594637,-0.5555509,-0.25683242,0.16905804
-0.3788269,-0.54794693,-0.2894828,0.13907112
-0.3950843,-0.5553731,-0.30845523,0.11889957
-0.40031892,-0.5608791,-0.3173641,0.109217934
-0.3897765,-0.57543284,-0.3096774,0.109398685
-0.36492366,-0.5931204,-0.28681198,0.12057894
-0.3469441,-0.5926886,-0.2703846,0.13578911
-0.34686998,-0.57893497,-0.27080494,0.14271091
-0.35532296,-0.5702884,-0.27887577,0.1397002
-0.35562378,-0.5774614,-0.27854782,0.13700382
-0.33753264,-0.5981044,-0.2597126,0.14550082
-0.32344934,-0.5988139,-0.24568522,0.15982567
-0.3184016,-0.59417313,-0.23956613,0.16990367
-0.31861085,-0.5903742,-0.2383634,0.17379202
-0.3251713,-0.5833511,-0.24364212,0.17130977
-0.33452106,-0.57860976,-0.2517704,0.16425207
-0.3386698,-0.5818639,-0.25512856,0.15852079
-0.33831844,-0.5852747,-0.25477928,0.15673526
-0.34795928,-0.5733434,-0.26512605,0.15137768
-0.36635876,-0.5608592,-0.28399494,0.1386409
-0.37547797,-0.56578416,-0.29389346,0.12756275
-0.38230917,-0.5641498,-0.30279368,0.12024047
-0.36422154,-0.59000516,-0.2851695,0.124477625
-0.3276384,-0.6150257,-0.24932636,0.14659649
-0.29825163,-0.6196921,-0.22048181,0.1781951
-0.29262915,-0.6030405,-0.21429774,0.19787265
-0.29491875,-0.59725815,-0.21386217,0.202925
-0.29601625,-0.59842205,-0.21264224,0.20381449
-0.29253763,-0.60414815,-0.20737216,0.20747405
-0.28936958,-0.6051463,-0.20316887,0.2127568
-0.290554,-0.60140026,-0.20327939,0.21486285
-0.2893547,-0.6044422,-0.20081007,0.2165228
-0.2731871,-0.62334067,-0.18419622,0.23038165
-0.25837466,-0.6273052,-0.17056109,0.25194934
-0.25496697,-0.6193623,-0.16701718,0.26539457
-0.26877874,-0.59911865,-0.17905271,0.2577994
-0.28123483,-0.59730023,-0.18832079,0.24197961
-0.28507137,-0.6031487,-0.19102432,0.23234047
-0.2798831,-0.6125909,-0.18606493,0.23347646
-0.28175274,-0.605007,-0.18889171,0.23378503
-0.28230292,-0.6067005,-0.1890255,0.23249906
-0.28125167,-0.6079575,-0.18828793,0.23278704
-0.2815707,-0.60664386,-0.18882029,0.232838
-0.28889543,-0.5977643,-0.19611764,0.22686116
-0.29788578,-0.5935937,-0.2044357,0.21640325
-0.30393013,-0.59385055,-0.21037889,0.20701163
-0.29914823,-0.60446656,-0.20611212,0.20630628
-0.29579645,-0.60340947,-0.20426656,0.20963106
-0.29341722,-0.60366756,-0.20243171,0.21257156
-0.2892791,-0.60643405,-0.19876914,0.21663566
-0.28444833,-0.60877585,-0.19431591,0.22235158
-0.2887583,-0.599285,-0.1987476,0.22186677
-0.2950692,-0.5961339,-0.20406112,0.21578392
-0.29974023,-0.5957436,-0.20834117,0.20933945
-0.3011589,-0.598014,-0.20973074,0.20561631
-0.30131197,-0.5987854,-0.21025307,0.20421764
-0.29973486,-0.60078347,-0.20899773,0.20480973
-0.29551765,-0.60429573,-0.20523745,0.2082034
-0.29400113,-0.60232687,-0.20420115,0.21117294
-0.28148377,-0.6167267,-0.19163585,0.22151147
-0.26319617,-0.6279794,-0.17467113,0.24281016
-0.25844637,-0.6181818,-0.17075084,0.25813392
-0.2612826,-0.61150575,-0.17212504,0.26097867
-0.2697616,-0.6035342,-0.17890324,0.25402316
-0.28103253,-0.59769624,-0.18822503,0.24117137
-0.28982702,-0.5971392,-0.19563939,0.22849812
-0.29759055,-0.595177,-0.20300336,0.21752724
-0.30121392,-0.5974814,-0.20663702,0.21013962
-0.29898536,-0.60273075,-0.20516832,0.20874201
-0.3075062,-0.589798,-0.21485627,0.20268887
-0.31370136,-0.5904611,-0.22084165,0.19412446
-0.31350708,-0.5949694,-0.2215986,0.19020258
-0.3033273,-0.60641974,-0.21259382,0.19562161
-0.2977701,-0.6035684,-0.20869415,0.20313214
-0.29666343,-0.60065776,-0.20785792,0.20672601
-0.29464042,-0.6022218,-0.20576745,0.20909694
-0.29530713,-0.5995785,-0.20647737,0.20980397
-0.29425478,-0.60193175,-0.20496625,0.21064077
-0.292646,-0.6029127,-0.20326017,0.21255437
-0.2824131,-0.6143081,-0.19287688,0.22131301
-0.27932876,-0.6086946,-0.1904878,0.22918005
-0.27474618,-0.61278385,-0.18510287,0.23576316
-0.26696327,-0.6182633,-0.17730176,0.24562398
-0.33900174,-0.5219904,-0.24957827,0.19728023
-0.41924277,-0.50276315,-0.3243876,0.12874183
-0.48093975,-0.49743253,-0.3931007,0.08233657
-0.5144544,-0.5069741,-0.43678692,0.058807526
-0.52027434,-0.5224146,-0.45185187,0.049774572
-0.520768,-0.52294546,-0.4593037,0.046831224
-0.5021564,-0.5431174,-0.44422346,0.048735935
-0.47783983,-0.553412,-0.42107907,0.054869954
-0.4628335,-0.5505304,-0.40656495,0.061423946
-0.4549623,-0.54802674,-0.3991662,0.065808095
-0.47802538,-0.51601684,-0.42528892,0.06186372
-0.51334417,-0.49693668,-0.46540707,0.051088423
-0.5101804,-0.5299157,-0.46475345,0.046411924
-0.5156819,-0.5183995,-0.471362,0.045017917
-0.5024913,-0.5397732,-0.45634896,0.04664237
