0.057791445,0.6300258,0.2883158,0.09873259
0.057791177,0.6300258,0.28831422,0.09873223
0.05779093,0.6300257,0.2883126,0.09873193
0.057790674,0.6300256,0.288311,0.0987316
0.057790417,0.63002557,0.28830934,0.098731264
0.057790175,0.63002557,0.28830773,0.09873093
0.0577904,0.6300287,0.28830746,0.09873108
0.05778957,0.6300264,0.28830394,0.09872978
0.05778937,0.63002557,0.28830287,0.098729834
0.05778916,0.6300253,0.28830117,0.09872958
0.05778941,0.6300286,0.28830093,0.09872977
0.057788566,0.6300263,0.2882974,0.09872847
0.05778838,0.6300254,0.28829625,0.098728485
0.057788175,0.63002515,0.28829455,0.09872827
0.057787936,0.63002515,0.28829297,0.09872799
0.05778769,0.6300251,0.28829134,0.09872764
0.057787444,0.6300251,0.28828964,0.09872732
0.057787187,0.6300251,0.28828806,0.09872701
0.057786938,0.6300251,0.2882864,0.09872666
0.057786684,0.63002497,0.2882847,0.09872634
0.057786442,0.63002497,0.28828308,0.09872599
0.05778667,0.63002837,0.2882828,0.09872611
0.05778582,0.6300259,0.2882793,0.09872486
0.057785645,0.63002497,0.28827822,0.09872487
0.057785425,0.63002485,0.2882765,0.09872463
0.05778521,0.63002473,0.28827482,0.09872435
0.057784956,0.63002485,0.28827325,0.09872404
0.057785183,0.63002807,0.28827295,0.09872415
0.057785753,0.6300358,0.28827354,0.09872423
0.057785213,0.63003796,0.28827092,0.09872273
0.057784367,0.63003474,0.28826794,0.09872161
0.05778326,0.63002694,0.2882641,0.0987208
0.057783786,0.63002807,0.28826472,0.098722115
0.05778403,0.6300322,0.28826386,0.09872208
0.057783645,0.6300334,0.28826177,0.09872115
0.05778616,0.63005364,0.28826842,0.098723345
0.057782833,0.6300429,0.28825685,0.09871766
0.05778141,0.6300288,0.28825387,0.09871763
0.057782173,0.6300279,0.28825486,0.09871976
0.057781585,0.6300252,0.28825116,0.09871918
0.057781924,0.6300279,0.28825146,0.09871976
0.05781949,0.63029695,0.288359,0.09875527
0.057799485,0.6303047,0.2882864,0.09870419
0.057771765,0.630115,0.28822586,0.09867874
0.057780713,0.6300723,0.28825805,0.098708436
0.057781346,0.6300555,0.28824458,0.09871264
0.0578372,0.63044477,0.28840452,0.09876863
0.05776723,0.6301637,0.28818023,0.09865536
0.057773814,0.6300593,0.2882439,0.09869796
0.057778634,0.6300325,0.28823563,0.09871066
0.0577798,0.63003314,0.28823277,0.09871575
0.057781685,0.6300477,0.28823742,0.09871753
0.05777945,0.63004184,0.28822988,0.09871354
0.057778273,0.63003284,0.28822756,0.09871312
0.057777822,0.6300269,0.28822556,0.09871353
0.057779193,0.63003564,0.2882286,0.098715454
0.057778172,0.6300351,0.28822416,0.09871338
0.057777386,0.6300311,0.288222,0.098712675
0.05777721,0.63002974,0.2882209,0.09871283
0.05777892,0.6300427,0.28822482,0.098714545
0.057777293,0.6300397,0.28821853,0.098711364
0.05777703,0.6300382,0.28821814,0.09871145
0.057778716,0.6300508,0.28822193,0.0987131
0.057776142,0.6300417,0.28821275,0.098709
0.057775687,0.6300345,0.28821215,0.09870973
0.05777479,0.63002574,0.28820798,0.09870945
0.057774883,0.6300237,0.28820735,0.09871046
0.057774767,0.6300234,0.2882056,0.09871051
0.05777454,0.6300236,0.288204,0.09871021
0.057774276,0.6300236,0.28820235,0.09870986
0.05777402,0.63002354,0.2882008,0.098709516
0.057773776,0.6300236,0.28819916,0.09870917
0.057774927,0.6300335,0.28820157,0.09871021
0.0577748,0.63003993,0.28819984,0.098708816
0.05777474,0.63004476,0.28819925,0.09870798
0.05780266,0.6302469,0.2882793,0.098734066
0.057765607,0.63009685,0.2881607,0.09867453
0.057768837,0.6300394,0.28819284,0.09869691
0.05777612,0.630058,0.2882015,0.09870838
0.05777057,0.6300334,0.2881797,0.09870121
0.057771597,0.6300284,0.2881856,0.098705344
0.0578038,0.6302551,0.28827617,0.09873634
0.05776785,0.63012713,0.2881591,0.09867504
0.057766832,0.63005215,0.28818002,0.098690934
0.057770293,0.63003385,0.2881802,0.098700896
0.057770815,0.630032,0.28817633,0.098703675
0.057771306,0.63003594,0.28817675,0.09870444
0.057769496,0.630027,0.28817055,0.09870211
0.05776996,0.6300274,0.28817204,0.098703586
0.05776925,0.6300245,0.2881685,0.09870263
0.05776906,0.6300238,0.2881675,0.09870276
0.05776931,0.6300268,0.28816727,0.098702945
0.0577694,0.6300313,0.28816658,0.098702565
0.0577685,0.6300289,0.28816324,0.098701194
0.05776829,0.6300279,0.28816214,0.09870117
0.057768077,0.63002753,0.2881605,0.09870093
0.057767373,0.63002396,0.28815758,0.09870021
0.057767693,0.6300263,0.28815782,0.098700866
0.057783928,0.63014454,0.28820357,0.09871599
0.057766836,0.6300895,0.28814718,0.09868561
0.057765406,0.6300512,0.28815424,0.09869155
0.057768635,0.63005304,0.28815886,0.09869805
0.057774298,0.63009727,0.28817132,0.09870324
0.05776314,0.63004386,0.28813636,0.098687395
0.05776446,0.6300255,0.28814548,0.098695174
0.057765134,0.63002145,0.28814274,0.09869726
0.057765197,0.6300222,0.2881412,0.09869788
0.057764955,0.63002264,0.28813964,0.098697454
0.05776513,0.63002616,0.28813946,0.098697454
0.057764262,0.6300238,0.28813598,0.09869616
0.05776405,0.6300228,0.288135,0.09869617
0.057764776,0.63002926,0.2881361,0.09869684
0.057764318,0.6300313,0.28813344,0.098695554
0.057762995,0.6300248,0.28812915,0.09869401
0.05776294,0.6300225,0.28812855,0.09869464
0.057762798,0.63002217,0.28812686,0.09869459
0.057762597,0.6300221,0.28812528,0.098694354
0.05776234,0.630022,0.28812367,0.09869406
0.057762094,0.630022,0.288122,0.09869371
0.05776279,0.63002867,0.2881231,0.09869427
0.057761822,0.63002723,0.28811914,0.09869249
0.057761114,0.63002324,0.28811672,0.09869191
0.057761,0.6300219,0.2881155,0.09869215
0.05776177,0.6300284,0.28811654,0.098692946
0.057761315,0.6300304,0.2881139,0.09869166
0.05776049,0.6300275,0.28811097,0.098690584
0.05776079,0.63002974,0.2881112,0.0986911
0.057760485,0.6300305,0.28810903,0.098690465
0.0577602,0.6300306,0.28810745,0.09869
0.05775994,0.6300305,0.28810576,0.098689646
0.0577597,0.63003045,0.28810412,0.09868932
0.05775897,0.63002723,0.28810108,0.09868853
0.057758853,0.63002604,0.2880999,0.098688714
0.057758663,0.630026,0.28809828,0.09868853
0.057757955,0.6300226,0.28809527,0.0986878
0.057762995,0.6300584,0.28810915,0.098692946
0.05775824,0.63004595,0.28809234,0.098684005
0.05775726,0.630034,0.28809205,0.098684736
0.057756532,0.6300236,0.2880882,0.09868508
0.05775673,0.6300213,0.2880875,0.09868641
0.05775666,0.6300212,0.28808573,0.09868647
0.057756897,0.63002473,0.28808552,0.09868664
0.05776879,0.6301127,0.288119,0.09869756
0.057759803,0.63009924,0.2880878,0.09867844
0.057763245,0.6301183,0.28810447,0.098683946
0.05776568,0.6301464,0.28810737,0.098683394
0.057767715,0.6301784,0.28811204,0.098682195
0.057767153,0.63019323,0.2881097,0.0986779
0.05776622,0.63019603,0.2881071,0.09867528
0.057764873,0.63018924,0.2881025,0.09867354
0.057764433,0.63018364,0.2881002,0.098673776
0.057764485,0.63018245,0.28809872,0.09867431
0.05774739,0.630062,0.28804764,0.09865795
0.057751816,0.630029,0.2880656,0.09867635
0.057753924,0.63002735,0.28806293,0.09868125
0.05775355,0.6300272,0.2880598,0.09868131
0.057752807,0.6300237,0.28805763,0.0986806
0.057754003,0.63003266,0.2880608,0.098682
0.057752464,0.6300287,0.28805512,0.09867937
0.057752244,0.6300273,0.28805482,0.0986796
0.057752006,0.63002664,0.28805324,0.09867944
0.05775176,0.6300264,0.28805175,0.09867917
0.05775102,0.6300228,0.28804886,0.09867842
0.057750877,0.6300216,0.2880478,0.098678604
0.057750665,0.6300212,0.28804627,0.098678455
0.057750437,0.630021,0.28804472,0.098678194
0.057751123,0.6300275,0.28804588,0.098678775
0.05774972,0.6300227,0.28804055,0.098676555
0.057749584,0.630021,0.2880401,0.098676965
0.057750367,0.630027,0.28804106,0.09867777
0.05774991,0.6300291,0.2880384,0.09867651
0.057750028,0.6300327,0.2880383,0.09867636
0.057749633,0.6300337,0.2880361,0.098675445
0.05775075,0.6300438,0.2880386,0.098676324
0.05777702,0.63023776,0.28811342,0.09870023
0.05774785,0.63013875,0.28801852,0.09864928
0.057749845,0.6301004,0.28804356,0.0986643
0.057749074,0.6300728,0.28803205,0.09866622
0.057751123,0.63007575,0.28803563,0.09867172
0.05775668,0.63011795,0.28804904,0.09867651
0.057753105,0.6301175,0.28803593,0.09866811
0.057749774,0.6300954,0.28802872,0.098665155
0.057752624,0.6301049,0.28803664,0.09867017
0.05775878,0.630156,0.28805122,0.09867473
0.0577431,0.6300744,0.28800303,0.09865375
0.057745337,0.6300472,0.28801677,0.0986658
0.05774886,0.6300583,0.28802034,0.09867139
0.057752702,0.6300948,0.28802863,0.098673925
0.057748765,0.63008857,0.28801596,0.09866586
0.05774848,0.63008463,0.28801745,0.09866644
0.05776624,0.6302106,0.28806746,0.09868367
0.05774141,0.6301053,0.28798768,0.09864487
0.057743125,0.63006115,0.28800714,0.098659895
0.057744954,0.63004994,0.28800392,0.09866528
0.05775067,0.6300878,0.28801733,0.09867227
0.057744037,0.63006294,0.28799522,0.098661415
0.05774109,0.6300303,0.28799027,0.09866172
0.05774207,0.63002074,0.28799167,0.098666035
0.057749882,0.6300733,0.28801164,0.098674476
0.057740346,0.6300365,0.2879802,0.09865906
0.057741966,0.6300298,0.28799036,0.0986653
0.057741158,0.6300215,0.28798416,0.0986647
0.057741255,0.63002026,0.28798378,0.09866585
0.0577411,0.63002,0.28798208,0.09866568
0.057740852,0.63002,0.2879806,0.098665416
0.057740573,0.63001984,0.28797904,0.09866508
0.05774078,0.6300231,0.28797883,0.09866521
0.057739947,0.63002074,0.28797534,0.0986639
0.0577407,0.6300263,0.28797707,0.09866489
0.057739314,0.63002133,0.2879717,0.09866275
0.057781138,0.630318,0.28809294,0.098703444
0.05779002,0.63054556,0.28810197,0.098676756
0.05773013,0.63024694,0.2879388,0.09859466
0.057738658,0.6301416,0.28799215,0.098638296
0.057751436,0.6301736,0.28800574,0.09865966
0.05777899,0.6303925,0.2880766,0.0986831
0.057733,0.6301857,0.28793493,0.09861353
0.057737093,0.63010293,0.28797325,0.09864318
0.057760138,0.6302205,0.2880245,0.09867233
0.057743832,0.63017464,0.2879651,0.09864323
0.057738848,0.6301157,0.2879631,0.09864496
0.057741713,0.6301039,0.28796875,0.09865352
0.057742245,0.6301048,0.28796566,0.09865517
0.057744406,0.6301231,0.28797117,0.09865726
0.057755727,0.63021535,0.28800273,0.09866589
0.057752587,0.63024586,0.28798968,0.09865199
0.057745006,0.6302107,0.2879725,0.0986417
0.057746176,0.63020056,0.28797814,0.09864663
0.05773663,0.6301285,0.28794655,0.09863822
0.05774798,0.630171,0.28798163,0.09865774
0.057752825,0.6302305,0.28798696,0.09865669
0.05773714,0.6301542,0.28794158,0.098635204
0.057738636,0.6301241,0.28795344,0.09864571
0.05773001,0.6300468,0.28792214,0.09864007
0.057732657,0.6300264,0.2879312,0.09865182
0.057733122,0.63002014,0.28792736,0.098654054
0.057733208,0.6300201,0.28792664,0.098655
0.05773435,0.63003033,0.28792936,0.098655984
0.057733204,0.6300301,0.28792515,0.09865361
0.057731885,0.6300227,0.2879217,0.0986524
0.057731844,0.6300201,0.28792122,0.09865306
0.05773214,0.63002294,0.28792098,0.09865353
0.057731327,0.6300203,0.28791764,0.098652355
0.05773207,0.63002604,0.28791946,0.09865329
0.057731137,0.63002425,0.28791544,0.098651625
0.05773045,0.63001984,0.28791317,0.09865114
0.057730336,0.63001853,0.28791204,0.09865137
0.057730626,0.6300215,0.28791177,0.09865174
0.057730284,0.6300225,0.2879097,0.098650955
0.05772997,0.63002247,0.28790814,0.098650485
0.057729255,0.63001907,0.2879052,0.09864967
0.057729583,0.6300213,0.2879054,0.098650336
0.05772882,0.63001883,0.28790188,0.098649174
0.05772958,0.6300246,0.2879035,0.098650165
0.057729132,0.6300264,0.28790078,0.09864892
0.057729263,0.6300302,0.28790063,0.098648794
0.057727475,0.630021,0.2878944,0.09864654
0.057727993,0.6300214,0.28789565,0.09864802
0.0577273,0.6300185,0.28789198,0.09864714
0.057727177,0.6300177,0.28789088,0.09864733
0.057727445,0.6300209,0.28789058,0.09864751
0.057726625,0.6300186,0.28788707,0.09864627
0.0577269,0.630021,0.2878874,0.09864675
0.05772893,0.6300386,0.287892,0.09864828
0.05772571,0.6300272,0.28788108,0.09864305
0.057726223,0.63002616,0.28788355,0.09864494
0.057725586,0.63002264,0.2878798,0.098644175
0.057725962,0.6300254,0.28788006,0.09864492
0.057725176,0.63002276,0.2878765,0.09864372
0.057724997,0.6300219,0.2878754,0.09864379
0.057724793,0.6300218,0.2878737,0.09864356
0.05772456,0.63002175,0.28787208,0.098643266
0.05772432,0.63002175,0.2878704,0.098642945
0.057723593,0.6300184,0.28786743,0.09864215
0.05772345,0.6300174,0.2878663,0.098642334
0.057723265,0.6300171,0.28786466,0.09864215
0.057723038,0.63001716,0.28786296,0.09864187
0.05772279,0.6300171,0.2878614,0.09864155
0.05772255,0.63001716,0.2878598,0.0986412
0.057722747,0.6300204,0.2878595,0.098641336
0.0577224,0.6300214,0.28785735,0.09864046
0.057722572,0.6300248,0.28785717,0.09864046
0.05772124,0.630019,0.2878523,0.09863868
0.05777904,0.63042945,0.28801978,0.098694876
0.05771009,0.63016546,0.2877969,0.09858
0.057714608,0.6300549,0.28785488,0.09861863
0.057719078,0.6300216,0.2878468,0.09863178
0.057720542,0.63002026,0.28784415,0.098637775
0.05772023,0.63001794,0.28784174,0.09863767
0.05772006,0.63001716,0.28784078,0.098637626
0.057719786,0.6300172,0.28783917,0.09863738
0.057719965,0.63002074,0.2878391,0.09863746
0.05771956,0.6300218,0.2878371,0.09863656
0.05771922,0.63002205,0.28783566,0.09863604
0.057723623,0.6300555,0.28784773,0.09864016
0.057717036,0.6300286,0.28782606,0.09862978
0.05771749,0.63001907,0.28783053,0.09863356
0.05771771,0.6300165,0.28782833,0.09863444
0.05771762,0.6300166,0.28782678,0.09863467
0.057717856,0.63002,0.28782657,0.098634794
0.057717003,0.6300179,0.28782308,0.09863342
0.05771683,0.63001657,0.28782216,0.09863352
0.057716608,0.63001627,0.28782046,0.09863328
0.057716392,0.6300164,0.28781885,0.09863303
0.057716127,0.63001627,0.28781724,0.098632686
0.057716824,0.63002294,0.2878183,0.098633245
0.05771916,0.630045,0.28782386,0.09863464
0.057714354,0.63002455,0.28780836,0.09862737
0.057716552,0.6300308,0.28781652,0.09863192
0.057748605,0.63026416,0.28790662,0.098661676
0.057733692,0.6302884,0.28785095,0.098619886
0.057712425,0.630152,0.2878052,0.09859824
0.057710074,0.63005847,0.28780326,0.098611
0.05771213,0.63002354,0.2878007,0.09862291
0.057713404,0.63001597,0.28779903,0.09862814
0.05771371,0.6300159,0.28779784,0.0986293
0.05771349,0.6300165,0.28779638,0.09862903
0.05771318,0.63001674,0.28779498,0.09862857
0.057719886,0.63006705,0.287814,0.09863492
0.057710823,0.6300321,0.28778443,0.09862016
0.057712838,0.6300294,0.2877953,0.09862652
0.057714727,0.6300426,0.2877968,0.09862803
0.057711724,0.63003075,0.28778657,0.09862369
0.05771273,0.6300329,0.28779045,0.09862607
0.057711985,0.6300304,0.2877862,0.09862485
0.057713676,0.6300431,0.28779075,0.098626785
0.057711598,0.6300369,0.28778294,0.09862312
0.057710562,0.6300277,0.28778037,0.09862289
0.057711117,0.63002807,0.28778097,0.09862433
0.057710927,0.6300288,0.28777876,0.098623954
0.05771112,0.63003236,0.28777853,0.09862402
0.057709794,0.63002664,0.28777367,0.098622195
0.057709727,0.6300248,0.28777313,0.09862274
0.05770911,0.630021,0.28777,0.09862222
0.057710398,0.6300302,0.287773,0.09862382
0.057708934,0.63002634,0.28776705,0.098621204
0.057707828,0.6300182,0.28776395,0.09862061
0.057708357,0.63001895,0.28776455,0.09862189
0.05770811,0.6300196,0.2877624,0.09862147
0.05770785,0.6300198,0.2877608,0.09862108
0.057708044,0.63002306,0.28776056,0.09862112
0.057707217,0.63002074,0.28775704,0.09861984
0.057707965,0.6300266,0.28775868,0.09862078
0.057706583,0.63002163,0.28775325,0.09861861
0.05770696,0.63002324,0.28775415,0.098619536
0.05770714,0.6300272,0.28775325,0.09861935
0.057705812,0.63002163,0.2877484,0.0986176
0.057708073,0.6300365,0.28775468,0.09862031
0.057706892,0.63003784,0.28774908,0.09861727
0.057705108,0.6300277,0.28774405,0.098615475
0.05770426,0.6300174,0.28774107,0.09861569
0.05770958,0.63005173,0.28775534,0.09862183
0.057709627,0.6300727,0.28775212,0.09861775
0.05770237,0.63003427,0.28773174,0.09860847
0.05770985,0.63006794,0.2877559,0.098620094
0.05770353,0.63004285,0.28773138,0.09860958
0.057702117,0.63002115,0.2877306,0.09861158
0.057704158,0.6300248,0.28773442,0.098615564
0.057789933,0.63064104,0.2879811,0.09869759
0.05771145,0.6304225,0.28772116,0.09854947
0.057688802,0.6301426,0.28771368,0.09855808
0.057694998,0.6300257,0.28772017,0.098592125
0.05770279,0.6300234,0.28772533,0.09861271
0.057704166,0.63003415,0.28772277,0.098614596
0.05770221,0.6300278,0.28771716,0.09861156
0.05770154,0.63002187,0.2877161,0.09861159
0.057703294,0.6300339,0.28772056,0.09861376
0.05770867,0.63008153,0.2877348,0.09861746
0.057698227,0.6300352,0.28770253,0.09860182
0.05770016,0.6300257,0.28771353,0.098609336
0.057700448,0.6300238,0.28770995,0.09861008
0.05769989,0.6300213,0.28770727,0.09860988
0.057699725,0.63002014,0.28770626,0.09860995
0.0577009,0.6300297,0.28770882,0.0986111
0.05771294,0.63012284,0.2877426,0.09862152
0.057695813,0.63005406,0.287688,0.09859394
0.057697397,0.63002837,0.28770253,0.098604284
0.05769745,0.630015,0.2876965,0.09860623
0.05770305,0.6300508,0.28771088,0.09861329
0.057698864,0.630042,0.28769544,0.09860496
0.057697758,0.6300311,0.28769478,0.09860513
0.05776593,0.6305136,0.2878917,0.098671705
0.057696983,0.63028884,0.28766474,0.098548345
0.05769037,0.63012034,0.28769392,0.09857216
0.057699393,0.6300865,0.28770414,0.098596446
0.057699356,0.6300739,0.28769177,0.09860049
0.057711694,0.6301566,0.2877271,0.09861423
0.057706334,0.63016486,0.28770584,0.09859906
0.05769964,0.6301243,0.2876918,0.09859223
0.05770253,0.6301237,0.2877013,0.09859933
0.057713784,0.6302059,0.28772968,0.09860988
0.05768829,0.6300712,0.28765073,0.09857574
0.05770247,0.6301001,0.2877046,0.09860578
0.057699643,0.6300964,0.28768238,0.09859811
0.057702255,0.6301171,0.28769284,0.09860194
0.057697047,0.63009185,0.2876757,0.09859413
0.05769566,0.63007015,0.28767362,0.09859584
0.05769721,0.6300708,0.28767633,0.098599516
0.057695188,0.6300594,0.28766817,0.0985973
0.05776524,0.6305549,0.28787217,0.098666236
0.057720166,0.630508,0.28771415,0.09856422
0.057740588,0.630631,0.28781408,0.09859321
0.057682198,0.6302759,0.28762713,0.098519556
0.05768067,0.6300733,0.28764722,0.09856137
0.05769067,0.6300307,0.2876556,0.098591395
0.057695895,0.63004994,0.28765872,0.09860159
0.05769348,0.6300457,0.2876499,0.09859731
0.057692673,0.6300401,0.2876498,0.09859706
0.057691064,0.6300283,0.28764495,0.098595954
0.05769066,0.6300221,0.28764376,0.09859684
0.05769107,0.63002396,0.28764418,0.09859784
0.057689767,0.63001823,0.28763968,0.09859629
0.05773505,0.63034105,0.2877716,0.09864058
0.05770252,0.6302883,0.28765947,0.09857107
0.057681073,0.6301078,0.2876244,0.09855908
0.057728823,0.6303471,0.28776377,0.098624244
0.057682227,0.6301492,0.28759995,0.09855012
0.057693705,0.63012487,0.28766325,0.09858723
0.05768555,0.6300499,0.28762156,0.09857915
0.05768687,0.6300232,0.28762752,0.098590195
0.057688005,0.6300174,0.28762645,0.09859371
0.057689052,0.6300248,0.2876277,0.098595396
0.05768713,0.63001746,0.28762126,0.098592624
0.05768888,0.6300282,0.28762704,0.09859516
0.057687744,0.63002837,0.28762203,0.09859261
0.057685986,0.63001806,0.28761724,0.098590955
0.05769165,0.6300547,0.28763348,0.09859745
0.05768457,0.630026,0.2876095,0.098586194
0.057685073,0.6300156,0.28761464,0.09859031
0.057685763,0.6300164,0.28761375,0.09859167
0.057686057,0.6300207,0.28761312,0.0985919
0.05768471,0.6300151,0.28760844,0.09859006
0.05768461,0.63001317,0.2876079,0.098590486
0.057684463,0.6300124,0.28760633,0.098590486
0.057684243,0.6300125,0.28760472,0.098590255
0.057683997,0.6300124,0.2876031,0.098589905
0.05768375,0.63001245,0.28760153,0.09858957
0.057683963,0.6300157,0.28760126,0.0985897
0.057683136,0.6300132,0.28759775,0.098588414
0.057682943,0.6300124,0.28759673,0.09858844
0.057682745,0.6300123,0.28759503,0.09858823
0.05768438,0.6300255,0.28759888,0.098589756
0.057681803,0.6300162,0.28758982,0.098585606
0.057682734,0.6300195,0.28759313,0.098587625
0.05768243,0.63002056,0.28759024,0.09858671
0.0576812,0.6300143,0.28758597,0.09858536
0.057681166,0.63001204,0.28758535,0.09858596
0.05768103,0.6300118,0.28758362,0.09858595
0.05768082,0.63001186,0.28758198,0.09858568
0.057680573,0.6300119,0.28758034,0.09858536
0.05768032,0.63001186,0.2875787,0.09858505
0.057688467,0.630072,0.2876016,0.0985928
0.057678204,0.6300334,0.28756776,0.09857573
0.057680793,0.63003266,0.28758103,0.09858316
0.057679843,0.6300261,0.2875736,0.09858165
0.057679422,0.630022,0.28757185,0.09858211
0.057678446,0.63001406,0.28756782,0.09858149
0.0576785,0.63001174,0.2875672,0.09858237
0.057678383,0.6300116,0.28756547,0.098582394
0.057678618,0.63001496,0.28756526,0.098582596
0.057678714,0.6300194,0.2875645,0.09858218
0.057677824,0.6300173,0.2875611,0.09858073
0.057677142,0.6300129,0.28755867,0.09858025
0.057677057,0.6300117,0.28755748,0.098580524
0.057676885,0.6300115,0.2875558,0.09858043
0.05767666,0.63001144,0.2875542,0.098580144
0.0576778,0.63002145,0.28755674,0.09858117
0.057675816,0.63001436,0.28754944,0.09857795
0.05767574,0.63001186,0.2875495,0.09857871
0.05767608,0.6300145,0.28754908,0.09857915
0.057675302,0.6300123,0.2875456,0.09857804
0.057675593,0.63001466,0.2875459,0.09857851
0.05767528,0.6300155,0.28754368,0.09857778
0.05767452,0.63001233,0.28754073,0.09857688
0.057674382,0.63001114,0.2875396,0.09857705
0.05767558,0.63002104,0.28754202,0.09857821
0.057675015,0.63002414,0.28753895,0.098576404
0.057674594,0.6300248,0.2875374,0.09857563
0.057672907,0.63001436,0.2875317,0.09857381
0.057673015,0.63001126,0.2875315,0.09857503
0.057672955,0.6300106,0.28752974,0.09857516
0.057672758,0.6300108,0.28752813,0.09857499
0.057676233,0.6300376,0.2875374,0.09857823
0.05767134,0.630019,0.28752086,0.09857029
0.057672027,0.6300155,0.287525,0.09857323
0.057671543,0.6300114,0.28752103,0.0985728
0.05767193,0.6300142,0.28752133,0.09857365
0.057672564,0.63002175,0.2875219,0.09857382
0.057670638,0.63001406,0.28751522,0.09857099
0.0576706,0.63001114,0.28751522,0.09857185
0.057670515,0.63001055,0.2875135,0.09857188
0.057671234,0.6300173,0.28751457,0.09857262
0.05767402,0.6300428,0.28752142,0.0985744
0.057669114,0.6300234,0.2875055,0.098566644
0.057670787,0.6300264,0.28751233,0.0985706
0.057671003,0.63003105,0.28751004,0.098570086
0.057669677,0.63002604,0.28750533,0.09856831
0.05766912,0.6300208,0.2875034,0.098568246
0.057668623,0.630016,0.2875008,0.09856824
0.05766811,0.6300115,0.28749824,0.0985682
0.05766899,0.6300171,0.28749982,0.09856948
0.057667647,0.63001233,0.28749436,0.098567404
0.05767591,0.6300709,0.28751838,0.09857595
0.057665277,0.6300286,0.28748313,0.098558605
0.057682466,0.63013047,0.28753906,0.098580584
0.057672385,0.63011533,0.2874996,0.09855812
0.05767396,0.63012093,0.2875122,0.09856241
0.057669837,0.63009447,0.2874967,0.09855701
0.05767102,0.63009036,0.28750044,0.09856135
0.0576632,0.63003325,0.28747463,0.09855393
0.057666864,0.6300299,0.28748703,0.098564215
0.057666626,0.6300279,0.28748116,0.098563865
0.057689358,0.6301925,0.287547,0.09858618
0.05768434,0.6302491,0.28752336,0.09856183
0.057783302,0.630991,0.28782052,0.09865182
0.057770036,0.63130593,0.287746,0.09855126
0.057639264,0.63054484,0.28740484,0.09839376
0.057652447,0.6302105,0.28749502,0.09849446
0.05766681,0.63012683,0.2874846,0.09854062
0.057678115,0.63017124,0.28750032,0.098562784
0.057667386,0.6301186,0.28746462,0.0985475
0.0576653,0.63007766,0.28746554,0.09855187
0.057663713,0.63004714,0.28745887,0.09855445
0.057662774,0.6300279,0.2874551,0.09855703
0.057662293,0.63001716,0.28745314,0.09855868
0.057662856,0.6300183,0.2874543,0.09856039
0.05766202,0.6300158,0.2874513,0.098559365
0.05766173,0.6300147,0.28745073,0.098559365
0.057661407,0.63001376,0.28744954,0.0985591
0.057661567,0.63001645,0.28744966,0.0985593
0.057661146,0.6300165,0.28744796,0.098558545
0.057662666,0.63002986,0.2874521,0.09855982
0.05766194,0.6300332,0.28744876,0.09855756
0.057659637,0.6300194,0.2874422,0.09855505
0.057659335,0.6300114,0.2874413,0.09855618
0.057659447,0.6300094,0.28744,0.09855698
0.05765932,0.6300094,0.28743833,0.098557025
0.057659097,0.63000935,0.2874368,0.09855674
0.057670016,0.6300896,0.28746775,0.09856722
0.05767957,0.6302043,0.28749084,0.09856691
0.057661366,0.6301388,0.28743726,0.09853639
0.05765242,0.63003904,0.2874215,0.09853583
0.057656474,0.6300132,0.28743035,0.09855032
0.057658315,0.6300149,0.28742832,0.09855468
0.057657365,0.63001114,0.2874236,0.09855373
0.057657696,0.630013,0.28742453,0.09855446
0.05765689,0.6300104,0.28742114,0.098553315
0.05765669,0.63000965,0.28742012,0.09855338
0.05765647,0.63000953,0.28741854,0.09855312
0.057656668,0.6300129,0.28741834,0.09855325
0.057656292,0.6300138,0.28741628,0.098552376
0.057656437,0.6300173,0.2874161,0.09855235
0.057655595,0.6300149,0.28741264,0.098551035
0.057655398,0.6300137,0.28741166,0.098551095
0.057655204,0.63001347,0.28740996,0.098550886
0.057654504,0.63001007,0.28740704,0.09855015
0.057654843,0.63001233,0.28740728,0.0985508
0.05765407,0.63000965,0.28740376,0.09854968
0.057653908,0.63000876,0.28740275,0.09854975
0.057654157,0.6300119,0.28740242,0.098549984
0.057654284,0.6300164,0.28740165,0.098549634
0.057653412,0.63001406,0.28739828,0.09854823
0.057652745,0.63000983,0.2873958,0.09854776
0.057653125,0.63001186,0.28739595,0.09854848
0.05765283,0.6300127,0.28739378,0.09854789
0.057652555,0.6300129,0.28739223,0.09854744
0.057651818,0.63000953,0.28738925,0.098546624
0.057652164,0.6300118,0.28738943,0.09854724
0.057651863,0.6300126,0.2873873,0.09854657
0.057651117,0.6300094,0.28738433,0.09854567
0.057651896,0.6300151,0.28738594,0.098546706
0.05765101,0.6300136,0.28738186,0.09854507
0.05765033,0.63000953,0.28737953,0.09854458
0.057650696,0.6300116,0.2873797,0.09854525
0.057650395,0.63001245,0.2873775,0.098544605
0.057650592,0.63001597,0.28737733,0.09854464
0.057649285,0.63001025,0.2873724,0.09854287
0.057649214,0.63000834,0.2873718,0.098543406
0.05764907,0.6300079,0.2873701,0.09854333
0.057648864,0.6300079,0.2873685,0.0985431
0.057648618,0.63000804,0.2873669,0.09854275
0.05764884,0.6300113,0.28736666,0.0985429
0.05764847,0.6300123,0.2873645,0.09854207
0.05764771,0.630009,0.28736153,0.098541126
0.05767453,0.630202,0.2874392,0.09856735
0.057644844,0.63009685,0.28734165,0.09851586
0.057659645,0.63014716,0.28740427,0.09854393
0.057655867,0.63014674,0.2873792,0.09853249
0.057641093,0.6300439,0.28733924,0.098519236
0.05765884,0.6301146,0.28739476,0.09854803
0.057647515,0.630074,0.2873486,0.09852788
0.05765254,0.6300909,0.28737098,0.09853851
0.057649113,0.6300757,0.28735548,0.098532386
0.057646554,0.6300516,0.28734928,0.09853196
0.05764768,0.63004786,0.28735167,0.09853555
0.05764632,0.6300381,0.28734523,0.09853449
0.05764551,0.63002896,0.28734258,0.09853487
0.057647463,0.6300399,0.2873473,0.09853766
0.057645485,0.6300337,0.2873396,0.09853434
0.057647698,0.6300481,0.2873466,0.09853723
0.057644174,0.6300323,0.2873342,0.098531954
0.057647157,0.6300472,0.28734407,0.0985367
0.057643224,0.6300284,0.28732964,0.09853092
0.057644,0.6300258,0.2873333,0.09853396
0.057645332,0.6300352,0.28733492,0.09853523
0.057643857,0.63003194,0.28732917,0.0985327
0.05764366,0.6300304,0.28732878,0.098532885
0.057641614,0.63001657,0.2873216,0.098530926
0.057642322,0.6300158,0.28732345,0.09853315
0.057644513,0.6300327,0.2873279,0.098535165
0.057640433,0.6300148,0.2873143,0.09852919
0.05764117,0.6300118,0.28731787,0.098532066
0.05764391,0.6300314,0.28732353,0.098534726
0.057641152,0.63002443,0.28731355,0.09852974
0.05764149,0.63002485,0.28731567,0.09853093
0.057642654,0.6300347,0.28731734,0.0985318
0.057639744,0.63002133,0.28730744,0.09852777
0.05763991,0.63001674,0.2873085,0.09852949
0.057639442,0.63001233,0.28730524,0.09852934
0.05764125,0.6300249,0.2873096,0.09853153
0.057639673,0.6300221,0.2873032,0.09852845
0.05763804,0.6300108,0.28729877,0.0985272
0.05764238,0.6300373,0.28731075,0.09853253
0.05763849,0.6300258,0.2872963,0.09852552
0.057638034,0.63001806,0.28729677,0.09852655
0.05763764,0.63001233,0.28729397,0.09852679
0.057640444,0.6300313,0.28730094,0.098530106
0.05763726,0.63002056,0.28728947,0.098524675
0.057637744,0.63001984,0.28729206,0.09852646
0.057636645,0.63001305,0.28728688,0.09852523
0.057637107,0.6300146,0.28728774,0.09852646
0.057637323,0.63001853,0.28728685,0.09852631
0.057636462,0.63001657,0.28728342,0.09852496
0.057635333,0.630009,0.28727964,0.09852404
0.05763629,0.6300134,0.28728172,0.09852574
0.057635467,0.63001174,0.28727764,0.098524295
0.057636186,0.63001776,0.28727937,0.09852516
0.05763619,0.630023,0.2872781,0.098524325
0.057635278,0.6300209,0.28727466,0.09852283
0.05763553,0.6300233,0.28727493,0.09852321
0.057633832,0.6300139,0.2872687,0.09852115
0.057633888,0.63001114,0.28726858,0.09852224
0.057634734,0.6300172,0.28726956,0.098523214
0.057633374,0.63001263,0.2872642,0.0985211
0.057633262,0.6300109,0.2872637,0.09852151
0.057632636,0.6300071,0.28726062,0.098520935
0.057632517,0.63000613,0.2872595,0.09852119
0.05763281,0.6300094,0.28725922,0.09852146
0.057632912,0.63001376,0.28725845,0.09852113
0.057631563,0.63000816,0.28725368,0.098519236
0.05763195,0.6300096,0.28725445,0.09852018
0.057632145,0.6300136,0.28725356,0.09852003
0.05767495,0.63032603,0.28737774,0.09856098
0.057620242,0.63010615,0.28720158,0.09847132
0.057631295,0.63006645,0.28726822,0.09851005
0.05762801,0.6300178,0.28723863,0.09850823
0.057629503,0.63000745,0.28724238,0.098516285
0.057630453,0.63000864,0.28724203,0.09851803
0.057633493,0.63003343,0.2872495,0.09852078
0.05763375,0.6300512,0.28724858,0.09851806
0.0576276,0.63001883,0.28723103,0.09851013
0.05767429,0.6303391,0.28736943,0.098559074
0.05761812,0.630113,0.2871856,0.09846669
0.057623792,0.63003165,0.28723788,0.09850123
0.057626605,0.6300037,0.2872278,0.09851004
0.05762902,0.63001144,0.28723,0.098516315
0.057627827,0.63000804,0.28722474,0.09851424
0.0576281,0.63000983,0.2872258,0.098514885
0.05762728,0.6300071,0.28722242,0.09851371
0.057627063,0.6300066,0.2872215,0.09851371
0.05762684,0.6300061,0.28722,0.098513536
0.05762658,0.6300061,0.2872185,0.09851319
0.057626773,0.6300094,0.28721833,0.09851332
0.057628248,0.6300237,0.2872216,0.09851429
0.057626087,0.63001776,0.28721404,0.098510444
0.057625484,0.6300119,0.28721282,0.098510556
0.05762546,0.63001,0.28721154,0.098511025
0.057656396,0.63023376,0.28730083,0.098541126
0.057621982,0.6301115,0.28718805,0.098481424
0.05762003,0.6300311,0.28720498,0.09849557
0.05762503,0.63002133,0.2872103,0.09850765
0.05762439,0.63001525,0.2872021,0.09850826
0.057624504,0.63001436,0.2872022,0.09850923
0.057623867,0.6300107,0.28719917,0.09850852
0.05762325,0.63000655,0.2871968,0.098508306
0.057623167,0.6300054,0.2871957,0.09850857
0.05762388,0.6300121,0.28719682,0.098509304
0.057622474,0.63000745,0.28719157,0.09850708
0.05762233,0.6300057,0.2871911,0.098507434
0.05762216,0.6300052,0.28718942,0.09850731
0.057621934,0.6300052,0.28718787,0.098507054
0.057621684,0.6300051,0.28718626,0.098506756
0.057621434,0.63000506,0.28718472,0.09850642
0.057621185,0.6300048,0.2871831,0.098506115
0.05762093,0.63000494,0.28718153,0.09850577
0.0576207,0.6300047,0.28717995,0.0985055
0.057620455,0.6300046,0.28717837,0.098505154
0.05762021,0.6300046,0.28717676,0.098504834
0.05761997,0.6300045,0.28717506,0.098504536
0.05762019,0.6300078,0.28717482,0.09850463
0.057620753,0.6300155,0.28717542,0.09850473
0.05761977,0.6300143,0.2871715,0.0985028
0.05761998,0.63001686,0.2871718,0.0985031
0.057619188,0.63001424,0.28716823,0.0985019
0.05761856,0.63001007,0.2871658,0.0985015
0.057618953,0.6300122,0.287166,0.09850228
0.057618193,0.63000965,0.28716245,0.098501205
0.057618972,0.6300156,0.28716406,0.098502144
0.057617612,0.63001066,0.2871587,0.098500036
0.057617962,0.63001233,0.2871595,0.09850091
0.05761953,0.63002634,0.28716266,0.098502085
0.057616502,0.6300139,0.28715235,0.098497465
0.05761659,0.6300094,0.28715348,0.098499
0.057617042,0.63001174,0.28715283,0.0984997
0.057616286,0.63000953,0.28714937,0.09849866
0.057615653,0.6300053,0.28714696,0.09849822
0.057615545,0.63000405,0.2871458,0.0984985
0.057615843,0.6300073,0.28714547,0.09849882
0.057615038,0.63000494,0.287142,0.098497584
0.057614844,0.63000417,0.28714097,0.09849761
0.057614647,0.6300039,0.28713933,0.09849739
0.05761441,0.6300039,0.28713772,0.0984971
0.05761417,0.6300039,0.28713608,0.09849677
0.05761393,0.6300039,0.28713447,0.09849643
0.057613682,0.63000387,0.28713286,0.09849611
0.057614367,0.63001055,0.28713393,0.09849669
0.05761296,0.6300057,0.2871286,0.098494455
0.057612848,0.630004,0.2871281,0.09849485
0.05761315,0.63000685,0.28712773,0.09849519
0.057612363,0.6300045,0.28712428,0.09849401
0.05761218,0.6300037,0.2871232,0.09849405
0.057611987,0.63000345,0.28712153,0.09849386
0.05761174,0.6300035,0.28711993,0.09849356
0.05761151,0.6300035,0.28711832,0.09849321
0.057611268,0.63000345,0.28711668,0.09849289
0.057611026,0.6300034,0.28711507,0.09849256
0.05761124,0.63000673,0.28711483,0.0984927
0.057610434,0.6300042,0.2871113,0.09849143
0.057610244,0.6300036,0.28711027,0.09849146
0.05761004,0.6300033,0.28710857,0.098491244
0.057610292,0.6300066,0.28710827,0.09849143
0.057609923,0.6300077,0.2871062,0.098490596
0.057609618,0.6300077,0.2871046,0.09849013
0.057609376,0.6300077,0.28710297,0.09848976
0.057609584,0.6300109,0.28710267,0.09848988
0.057608318,0.6300052,0.28709784,0.09848818
0.05760825,0.63000345,0.28709728,0.09848869
0.05760857,0.63000625,0.2870969,0.098489076
0.057608247,0.6300073,0.28709477,0.098488346
0.05760749,0.63000417,0.28709185,0.09848742
0.0576078,0.63000655,0.28709212,0.098487996
0.057607032,0.630004,0.2870885,0.09848687
0.057606865,0.6300031,0.28708747,0.09848694
0.05760667,0.6300029,0.28708577,0.09848673
0.057608277,0.6300162,0.2870896,0.09848823
0.057608042,0.63002366,0.28708732,0.09848634
0.057607006,0.630022,0.28708404,0.0984845
0.05760584,0.63001424,0.2870802,0.098483436
0.05760726,0.63002187,0.28708357,0.098485604
0.05760544,0.6300145,0.28707623,0.09848279
0.05760495,0.63000876,0.28707495,0.098483175
0.05760633,0.63001716,0.28707767,0.098485015
0.057605844,0.63002014,0.28707454,0.09848347
0.057605915,0.63002414,0.2870744,0.098483175
0.057606436,0.6300316,0.28707498,0.09848308
0.057605915,0.6300338,0.28707236,0.09848164
0.057606008,0.63003737,0.28707218,0.098481424
0.057603776,0.63002497,0.28706458,0.09847873
0.057603028,0.63001424,0.2870623,0.0984794
0.057604633,0.63002145,0.28706545,0.09848198
0.057603296,0.63001776,0.2870595,0.09847971
0.05760176,0.6300064,0.28705508,0.0984787
0.057602394,0.63000613,0.2870562,0.09848046
0.057601754,0.6300034,0.2870526,0.09847973
0.057602987,0.6300128,0.28705564,0.09848123
0.05760474,0.6300323,0.28705922,0.0984817
0.057606522,0.63005793,0.2870634,0.09848114
0.05768314,0.6306271,0.2872868,0.098552436
0.057595823,0.63031334,0.28700405,0.09840121
0.057612743,0.6302641,0.2871119,0.098458424
0.057611205,0.63021874,0.2870771,0.09845741
0.057603605,0.6301464,0.28705293,0.09845684
0.057608645,0.63014144,0.28706777,0.09846982
0.05761139,0.6301604,0.28706923,0.09847246
0.057602733,0.63011104,0.28704253,0.098462075
0.05760313,0.6300884,0.2870471,0.09846826
0.05760807,0.63011354,0.28705785,0.09847513
0.05761263,0.6301636,0.28706804,0.0984766
0.05760124,0.630111,0.28703398,0.098459885
0.057601076,0.63008225,0.28703892,0.098466
0.057600684,0.630065,0.2870338,0.09846827
0.057602618,0.6300722,0.28703773,0.09847217
0.057599448,0.6300549,0.28702652,0.09846817
0.057599273,0.6300459,0.28702697,0.09847003
0.05759799,0.630034,0.28702167,0.09846952
0.057600994,0.6300504,0.2870299,0.09847391
0.057596974,0.63003266,0.2870158,0.098467864
0.05759676,0.6300232,0.28701684,0.09846982
0.057600606,0.63004726,0.28702632,0.09847437
0.05759588,0.63002855,0.2870099,0.098466896
0.05759844,0.6300385,0.28701958,0.098471686
0.057596996,0.6300351,0.28701237,0.09846874
0.057594042,0.6300138,0.28700396,0.0984664
0.05759408,0.63000387,0.28700393,0.09846872
0.057595212,0.63000846,0.28700528,0.09847076
0.05759859,0.63003725,0.2870136,0.098473474
0.05760008,0.63006586,0.2870162,0.09847152
0.057593588,0.6300364,0.28699714,0.09846197
0.05759416,0.6300256,0.2870013,0.09846593
0.05759492,0.6300267,0.28700036,0.09846749
0.057593822,0.63002145,0.2869956,0.09846632
0.05759239,0.6300096,0.28699097,0.0984655
0.05759258,0.63000625,0.2869908,0.098466896
0.057592515,0.63000584,0.28698903,0.09846711
0.057601538,0.6300728,0.2870145,0.09847586
0.057589736,0.6300262,0.28697586,0.09845648
0.05759116,0.63001263,0.28698665,0.09846371
0.05759255,0.63001597,0.28698605,0.09846586
0.057591874,0.6300154,0.2869822,0.09846491
0.057602707,0.6300952,0.28701365,0.09847548
0.057590015,0.63004905,0.2869715,0.098453656
0.05758859,0.630015,0.2869749,0.0984582
0.057594344,0.6300387,0.28698808,0.09846697
0.05759034,0.63002515,0.28697175,0.09846023
0.057590004,0.63001704,0.28697288,0.0984617
0.057590093,0.63001436,0.28697133,0.09846239
0.05759137,0.63002443,0.2869738,0.09846389
0.057588495,0.6300109,0.28696388,0.09845983
0.05759048,0.6300198,0.28697038,0.09846334
0.057589542,0.6300195,0.2869652,0.09846114
0.057587437,0.63000584,0.2869589,0.09845918
0.057588093,0.6300048,0.2869606,0.09846125
0.057587966,0.6300051,0.2869583,0.0984611
0.057587735,0.63000536,0.28695682,0.09846078
0.057595287,0.63006216,0.2869782,0.09846803
0.05758663,0.63003254,0.28694913,0.09845288
0.05758569,0.6300112,0.28695133,0.09845574
0.057586316,0.6300049,0.2869504,0.09845826
0.057586476,0.6300047,0.28694862,0.098459095
0.05758722,0.63001174,0.28694978,0.09845977
0.057590414,0.6300406,0.286958,0.098461986
0.057585906,0.6300256,0.286943,0.098454185
0.057586454,0.63002306,0.28694665,0.09845657
0.057585914,0.6300191,0.28694278,0.09845598
0.057586778,0.6300251,0.28694442,0.09845728
0.057598785,0.63011724,0.28697816,0.09846812
0.057583813,0.6300615,0.28692925,0.09844277
0.05759187,0.63009065,0.2869618,0.09845768
0.057583988,0.6300502,0.2869308,0.09844567
0.057585973,0.630045,0.2869402,0.09845278
0.057582937,0.6300206,0.2869272,0.09844987
0.057584982,0.63002455,0.28693324,0.098454766
0.05758432,0.6300232,0.28692842,0.098453395
0.05758686,0.6300431,0.28693572,0.09845608
0.057581775,0.630019,0.28691894,0.098448664
0.057582695,0.6300142,0.2869235,0.09845245
0.057583652,0.63002014,0.2869236,0.09845359
0.057581402,0.63000923,0.2869157,0.09845072
0.05758103,0.6300023,0.2869149,0.098451585
0.057581548,0.63000375,0.28691494,0.09845268
0.05758221,0.63001126,0.2869156,0.09845309
0.05758075,0.6300069,0.28691038,0.098450735
0.05758153,0.63001174,0.28691268,0.09845195
0.057582524,0.63002324,0.286914,0.09845221
0.05757955,0.63000995,0.28690425,0.09844793
0.05757923,0.6300018,0.28690398,0.09844917
0.057580728,0.63000983,0.2869066,0.098451264
0.0575798,0.6300095,0.2869021,0.09844939
0.05757953,0.630009,0.2869012,0.09844917
0.057584807,0.63004875,0.28691575,0.09845422
0.0575832,0.630061,0.2869081,0.09844791
0.057579096,0.6300395,0.2868976,0.09844272
0.057579033,0.6300284,0.286898,0.09844495
0.057577927,0.630016,0.2868924,0.09844487
0.057579614,0.6300231,0.28689623,0.09844791
0.057578307,0.6300191,0.28689024,0.09844565
0.057577692,0.6300145,0.28688854,0.098445565
0.057582695,0.6300499,0.28690213,0.09845082
0.05758125,0.6300609,0.28689495,0.09844517
0.057575814,0.6300294,0.28688034,0.09843876
0.057577502,0.63002545,0.2868864,0.098443896
0.057575278,0.6300089,0.28687644,0.09844187
0.057576593,0.6300112,0.28688014,0.09844514
0.057575915,0.63000906,0.28687593,0.09844397
0.057574812,0.6300021,0.28687233,0.098443136
0.05757529,0.63000304,0.28687298,0.09844428
0.057574566,0.63000035,0.28686953,0.098443314
0.057574403,0.6299997,0.2868685,0.09844344
0.057574645,0.6300028,0.2868682,0.09844366
0.057574753,0.6300071,0.2868675,0.09844331
0.057573885,0.6300048,0.28686413,0.0984419
0.05757368,0.6300039,0.2868631,0.09844188
0.05757348,0.6300036,0.28686142,0.09844169
0.0575728,0.6300002,0.2868585,0.09844097
0.05757267,0.6299992,0.28685734,0.098441154
0.0575734,0.6300057,0.28685847,0.09844186
0.05757341,0.630011,0.28685716,0.098441035
0.057573404,0.6300156,0.2868565,0.09844035
0.057571128,0.6300034,0.28684905,0.098437496
0.0575722,0.630006,0.28685218,0.09843992
0.057571936,0.6300073,0.28684926,0.09843914
0.05757073,0.6300011,0.2868451,0.09843782
0.057571616,0.6300058,0.28684717,0.09843932
0.057570804,0.63000387,0.2868431,0.09843782
0.057570122,0.63000005,0.2868407,0.09843735
0.057570025,0.62999874,0.28683957,0.09843758
0.05757078,0.6300052,0.28684065,0.09843832
0.05757077,0.6300107,0.28683937,0.0984375
0.05756939,0.63000536,0.28683466,0.09843548
0.05756975,0.6300067,0.2868354,0.09843638
0.057568572,0.6300006,0.2868305,0.098434925
0.057569012,0.6300021,0.28683132,0.09843599
0.057568748,0.63000274,0.28682908,0.09843544
0.05756848,0.6300029,0.28682753,0.09843503
0.05756822,0.6300029,0.28682587,0.098434664
0.057567522,0.6299995,0.28682292,0.09843391
0.05756785,0.6300018,0.28682315,0.09843451
0.057567555,0.63000256,0.286821,0.09843387
0.057566814,0.62999946,0.2868181,0.098432995
0.057566658,0.6299984,0.286817,0.0984331
0.057567406,0.63000476,0.28681803,0.098433845
0.05756603,0.6300003,0.2868127,0.098431684
0.057566836,0.63000524,0.28681493,0.09843295
0.05756551,0.6300001,0.28680944,0.09843091
0.05756543,0.6299984,0.28680897,0.09843143
0.05756618,0.6300047,0.28680995,0.09843223
0.057564825,0.6300001,0.28680465,0.098430045
0.05756471,0.6299984,0.2868041,0.09843045
0.057565015,0.63000125,0.2868037,0.09843077
0.057564232,0.6299989,0.28680027,0.0984296
0.057564054,0.6299982,0.28679922,0.09842963
0.057563845,0.62999797,0.28679755,0.098429404
0.05756546,0.63001126,0.28680137,0.09843094
0.057563834,0.63000864,0.28679502,0.09842772
0.057564527,0.63001406,0.28679734,0.09842868
0.057564113,0.6300154,0.2867945,0.098427504
0.057564247,0.630019,0.28679436,0.09842744
0.057562966,0.6300132,0.2867895,0.09842563
0.057562448,0.6300081,0.28678757,0.09842571
0.057563815,0.6300166,0.28679034,0.098427504
0.057561934,0.6300096,0.28678316,0.098424576
0.057560973,0.6300005,0.28678045,0.098424464
0.057576247,0.630108,0.28682423,0.09844022
0.057557177,0.6300311,0.28676143,0.09840899
0.057558965,0.6300033,0.28677797,0.098420456
0.057560083,0.629996,0.28677443,0.098423615
0.057560354,0.6299971,0.28677294,0.09842487
0.057560597,0.63000095,0.2867727,0.09842493
0.057559747,0.62999874,0.28676924,0.098423526
0.057559997,0.6300012,0.28676963,0.09842399
0.05756106,0.630012,0.28677154,0.09842458
0.05755996,0.63001186,0.28676713,0.09842219
0.057559658,0.6300113,0.2867662,0.098421894
0.057558946,0.6300075,0.2867632,0.09842114
0.057558388,0.63000315,0.28676075,0.098420955
0.057557855,0.6299986,0.28675824,0.098420866
0.05755873,0.6300041,0.28675973,0.09842211
0.05758405,0.6301931,0.28683263,0.09844603
0.057653848,0.6308062,0.2870276,0.0984918
0.05756754,0.6305228,0.2867584,0.09833764
0.057536673,0.6301398,0.2867256,0.09834424
0.05755344,0.6300425,0.28676173,0.098400064
0.05755848,0.63003147,0.28675038,0.098415285
0.05755922,0.6300335,0.286749,0.098418154
0.057559446,0.63003737,0.28674957,0.09841802
0.05755525,0.6300119,0.28673708,0.0984134
0.057558496,0.6300245,0.286748,0.09841941
0.057559706,0.63004285,0.28674865,0.09841886
0.057555,0.63002175,0.28673485,0.09841229
0.057554852,0.6300107,0.28673628,0.098414585
0.05755642,0.63001794,0.28673896,0.09841707
0.057554133,0.6300075,0.28673062,0.098413974
0.057555113,0.6300104,0.28673407,0.09841616
0.057553854,0.63000447,0.2867287,0.09841439
0.05755332,0.6299993,0.28672704,0.09841453
0.05755325,0.629998,0.28672597,0.0984149
0.057553105,0.6299973,0.2867245,0.09841492
0.057552867,0.62999696,0.28672302,0.09841468
0.05755263,0.6299969,0.28672147,0.09841433
0.057552837,0.6300002,0.28672123,0.098414466
0.05755202,0.62999773,0.2867178,0.0984132
0.057551835,0.6299969,0.28671673,0.098413244
0.057551637,0.6299966,0.28671515,0.09841305
0.057551865,0.6299999,0.28671485,0.09841323
0.057552427,0.63000757,0.28671545,0.098413266
0.057560615,0.63007313,0.2867385,0.09842031
0.05754981,0.6300326,0.2867032,0.09840206
0.057549197,0.63000727,0.28670743,0.09840657
0.057549592,0.6299969,0.28670487,0.09840917
0.0575513,0.63000596,0.28670764,0.09841204
0.057552215,0.63001925,0.28670856,0.0984118
0.05755147,0.630023,0.2867056,0.09840952
0.057548705,0.6300066,0.28669742,0.098406345
0.057548996,0.6300015,0.2866983,0.09840842
0.05754904,0.6300004,0.2866964,0.09840885
0.05754933,0.63000405,0.28669617,0.09840919
0.057548057,0.6299984,0.28669137,0.09840744
0.05754797,0.62999654,0.28669083,0.098407954
0.057547823,0.62999624,0.28668916,0.09840787
0.057547618,0.62999624,0.28668755,0.09840766
0.057547353,0.6299962,0.28668597,0.098407306
0.057547566,0.6299996,0.28668573,0.098407425
0.057547208,0.63000053,0.28668362,0.09840658
0.057548746,0.630014,0.28668752,0.09840794
0.057546657,0.63000786,0.2866798,0.09840423
0.05754654,0.6300054,0.28667986,0.098404825
0.057546888,0.6300081,0.28667945,0.098405235
0.05754566,0.63000244,0.28667465,0.09840364
0.057545144,0.6299973,0.28667268,0.09840375
0.057545576,0.6299992,0.28667286,0.09840463
0.057544854,0.6299967,0.28666934,0.0984036
0.05754514,0.6299993,0.28666967,0.09840415
0.05754436,0.6299967,0.28666615,0.09840295
0.05754466,0.6299993,0.28666642,0.098403476
0.057543874,0.62999654,0.28666294,0.098402284
0.057544634,0.63000256,0.28666458,0.09840326
0.05755016,0.63004774,0.28667945,0.098407865
0.057541464,0.6300112,0.28665116,0.09839406
0.057542656,0.6300013,0.286659,0.098399706
0.057542942,0.62999916,0.28665602,0.09840056
0.057542898,0.6299998,0.28665453,0.09840082
0.0575422,0.6299966,0.28665155,0.09839995
0.057542052,0.6299956,0.28665045,0.0984001
0.057542328,0.6299988,0.28665018,0.09840037
0.05754153,0.6299964,0.28664672,0.09839915
0.0575418,0.6299989,0.28664705,0.09839962
0.057541482,0.62999976,0.2866449,0.098398894
0.057540726,0.62999654,0.28664201,0.09839803
0.057540588,0.6299954,0.28664094,0.09839815
0.05754041,0.6299952,0.2866392,0.098397985
0.05754156,0.6300053,0.28664166,0.09839907
0.05754097,0.6300083,0.2866386,0.09839724
0.057540562,0.63000876,0.2866371,0.09839644
0.057540737,0.6300119,0.28663686,0.09839647
0.057539474,0.6300061,0.28663203,0.09839478
0.05753943,0.6300042,0.28663144,0.09839533
0.05753929,0.6300039,0.28662968,0.09839527
0.057538174,0.6299972,0.2866254,0.098394126
0.057538617,0.62999856,0.28662607,0.09839525
0.057538375,0.6299993,0.28662384,0.098394714
0.057538103,0.62999946,0.2866223,0.09839433
0.057537388,0.6299961,0.28661942,0.098393515
0.057538178,0.6300018,0.28662097,0.09839459
0.057536855,0.6299969,0.2866156,0.09839249
0.05753721,0.6299985,0.2866165,0.09839339
0.057538297,0.6300091,0.2866183,0.09839411
0.05753769,0.6300124,0.2866152,0.09839223
0.057535894,0.63000286,0.2866097,0.09839007
0.05753551,0.62999636,0.28660825,0.09839069
0.05753556,0.6299947,0.28660694,0.098391354
0.057535414,0.6299946,0.28660527,0.09839131
0.05753566,0.6299981,0.28660506,0.09839146
0.057535753,0.6300024,0.28660432,0.09839108
0.057535335,0.6300035,0.28660226,0.09839011
0.057534125,0.6299969,0.28659797,0.098388694
0.0575341,0.6299948,0.2865974,0.098389365
0.05753397,0.62999445,0.28659564,0.09838932
0.057533763,0.6299945,0.28659403,0.09838911
0.057533517,0.62999445,0.28659245,0.09838876
0.057533726,0.6299978,0.2865922,0.09838889
0.057533383,0.62999874,0.28659013,0.09838807
0.05753308,0.6299989,0.28658855,0.09838761
0.057532378,0.6299955,0.28658557,0.098386794
0.057532698,0.6299978,0.28658584,0.09838743
0.057532873,0.6300019,0.286585,0.09838721
0.05753157,0.6299964,0.28658026,0.09838538
0.05753148,0.6299945,0.28657967,0.09838589
0.05753134,0.62999403,0.28657794,0.098385796
0.05753113,0.62999415,0.28657633,0.09838557
0.0575309,0.62999415,0.28657475,0.09838524
0.057530653,0.62999415,0.28657314,0.09838494
0.057530876,0.6299975,0.28657287,0.098385036
0.0575305,0.6299984,0.28657076,0.098384224
0.057529755,0.6299952,0.28656787,0.09838331
0.057529625,0.62999415,0.28656673,0.09838346
0.057529904,0.6299972,0.28656644,0.09838374
0.05753003,0.6300016,0.28656566,0.09838344
0.05752961,0.6300028,0.28656363,0.09838243
0.057529304,0.63000286,0.28656203,0.09838191
0.057528134,0.6299961,0.28655767,0.09838064
0.057528127,0.629994,0.28655705,0.098381355
0.05752892,0.6300005,0.28655806,0.098382235
0.05752848,0.63000244,0.28655544,0.09838099
0.057527225,0.6299962,0.28655127,0.09837949
0.057527173,0.629994,0.28655064,0.098380074
0.057529338,0.6300104,0.2865556,0.09838227
0.057526268,0.62999874,0.2865448,0.09837732
0.057526328,0.6299946,0.28654593,0.09837877
0.05752631,0.6299935,0.28654405,0.09837897
0.05752614,0.62999356,0.28654245,0.09837889
0.057526816,0.6300003,0.28654355,0.09837944
0.05752679,0.63000566,0.28654224,0.09837854
0.057526316,0.630007,0.2865403,0.09837743
0.057524636,0.629997,0.2865346,0.09837555
0.057524737,0.6299938,0.28653455,0.098376706
0.057524662,0.6299933,0.28653276,0.09837683
0.05752447,0.6299934,0.28653112,0.09837663
0.0575247,0.6299968,0.2865309,0.09837675
0.05752433,0.62999773,0.28652886,0.09837592
0.057523586,0.6299946,0.2865259,0.09837499
0.057523895,0.6299969,0.28652614,0.098375574
0.057523586,0.6299976,0.28652397,0.09837494
0.05752286,0.62999445,0.28652108,0.09837404
0.05752271,0.6299934,0.28651997,0.09837416
0.057522994,0.6299965,0.28651968,0.098374456
0.057522662,0.62999755,0.28651756,0.098373696
0.05752237,0.6299977,0.286516,0.098373234
0.057523474,0.6300077,0.2865184,0.0983742
0.057521075,0.6299973,0.28650993,0.09837058
0.057521123,0.6299936,0.28651047,0.098371826
0.057521537,0.6299962,0.28650996,0.09837242
0.057521235,0.6299973,0.28650787,0.098371774
0.05752049,0.62999433,0.28650492,0.098370865
0.057520345,0.62999326,0.28650388,0.098371014
0.05752017,0.6299929,0.28650218,0.09837082
0.057521325,0.6300029,0.28650463,0.09837191
0.05751981,0.62999934,0.28649884,0.09836917
0.057519197,0.6299945,0.28649703,0.09836899
0.057531003,0.63007975,0.2865308,0.098380916
0.057517353,0.6300292,0.28648517,0.09835755
0.057522476,0.63004035,0.2865084,0.09836899
0.057520267,0.63003093,0.28649554,0.098364666
0.057521276,0.63003576,0.28649902,0.09836705
0.057517294,0.6300103,0.2864854,0.09836235
0.057519287,0.6300127,0.28649187,0.098367214
0.05751821,0.6300077,0.28648567,0.09836559
0.057518605,0.6300099,0.28648657,0.09836662
0.05751739,0.63000387,0.28648165,0.098365024
0.057516437,0.6299954,0.2864785,0.098364726
0.057516523,0.62999314,0.28647777,0.09836566
0.05751687,0.62999624,0.28647745,0.098366156
0.05751606,0.6299939,0.28647408,0.09836492
0.057516333,0.62999636,0.2864744,0.098365396
0.057516012,0.62999713,0.28647226,0.09836469
0.05751526,0.629994,0.28646943,0.09836381
0.057515115,0.6299929,0.28646833,0.098363966
0.057515852,0.6299992,0.28646937,0.09836469
0.05751447,0.6299945,0.2864641,0.098362505
0.05751483,0.6299961,0.286465,0.09836336
0.05751409,0.6299933,0.28646138,0.09836228
0.05751394,0.62999254,0.28646037,0.0983624
0.057513755,0.6299922,0.28645873,0.09836219
0.057513535,0.6299922,0.28645712,0.09836194
0.057513293,0.6299922,0.2864555,0.09836161
0.057513047,0.62999225,0.2864539,0.09836128
0.057531964,0.6301323,0.28650877,0.09837971
0.057525504,0.63016504,0.28648213,0.09835696
0.057512827,0.63009226,0.28645307,0.09834174
0.057509825,0.6300295,0.28644755,0.09834674
0.057509966,0.6299972,0.2864433,0.098353475
0.05751135,0.62999153,0.28644347,0.09835843
0.057511576,0.62999165,0.28644168,0.09835922
0.057511356,0.6299922,0.2864403,0.09835894
0.057511073,0.62999237,0.28643882,0.098358504
0.057510786,0.6299926,0.28643733,0.098358124
0.057511885,0.6300025,0.28643984,0.0983591
0.057510816,0.63000226,0.28643543,0.09835679
0.057510044,0.6299984,0.28643316,0.09835606
0.057509474,0.6299936,0.2864307,0.09835583
0.057509415,0.6299923,0.2864296,0.09835624
0.057509247,0.62999207,0.28642797,0.09835611
0.057509016,0.629992,0.2864264,0.098355845
0.057508767,0.629992,0.28642482,0.09835551
0.057508986,0.62999517,0.2864246,0.09835566
0.057508636,0.6299961,0.28642255,0.098354846
0.057508793,0.6299995,0.2864223,0.09835482
0.057508435,0.6300005,0.28642023,0.09835398
0.05750814,0.63000065,0.28641868,0.09835351
0.05750743,0.6299972,0.28641573,0.0983527
0.05750732,0.629996,0.28641456,0.0983529
0.057507146,0.6299958,0.2864129,0.09835274
0.057507377,0.6299992,0.2864126,0.09835289
0.057506576,0.62999696,0.28640917,0.098351635
0.05750639,0.629996,0.28640813,0.09835166
0.057506204,0.62999576,0.28640646,0.09835144
0.057511892,0.6300392,0.28642228,0.098356985
0.05750424,0.630009,0.28639674,0.098344356
0.057504784,0.629998,0.28640223,0.09834861
0.057504635,0.62999177,0.28639853,0.09834923
0.057505164,0.62999445,0.28639877,0.098350495
0.057504427,0.62999225,0.2863953,0.09834934
0.057504706,0.6299948,0.2863956,0.09834981
0.05750438,0.62999564,0.28639346,0.09834909
0.057503644,0.62999254,0.2863906,0.09834821
0.057503954,0.62999475,0.28639084,0.09834879
0.05750321,0.6299922,0.28638735,0.09834767
0.05750304,0.62999135,0.2863863,0.09834776
0.057503745,0.62999773,0.28638735,0.098348424
0.057502843,0.6299965,0.2863834,0.09834671
0.057502154,0.6299924,0.28638107,0.09834615
0.057502054,0.6299912,0.28637987,0.09834638
0.057501886,0.62999094,0.2863782,0.098346256
0.057502124,0.62999433,0.28637794,0.09834645
0.057502218,0.62999856,0.2863772,0.09834606
0.057501364,0.6299964,0.2863738,0.098344654
0.05750162,0.62999886,0.28637415,0.09834508
0.0575004,0.62999296,0.28636926,0.0983435
0.05750036,0.62999105,0.2863687,0.09834407
0.057500217,0.62999064,0.286367,0.09834401
0.057500012,0.62999076,0.28636536,0.098343775
0.05750023,0.6299941,0.2863651,0.09834387
0.057500787,0.6300017,0.2863657,0.09834395
0.057498895,0.62999386,0.28635913,0.09834114
0.057498876,0.62999105,0.28635907,0.09834199
0.057499226,0.62999386,0.28635868,0.09834248
0.057498924,0.6299949,0.28635657,0.09834182
0.05749819,0.6299917,0.28635368,0.098340906
0.057498045,0.6299906,0.28635255,0.09834101
0.05749831,0.6299938,0.28635225,0.098341286
0.057497527,0.6299915,0.28634882,0.09834007
0.05749734,0.62999064,0.28634775,0.098340094
0.057497133,0.62999034,0.28634608,0.09833988
0.05749693,0.6299904,0.28634447,0.098339625
0.05749669,0.62999046,0.28634292,0.09833933
0.05749644,0.6299904,0.28634125,0.098338984
0.057496667,0.62999374,0.286341,0.09833912
0.057496306,0.62999463,0.2863389,0.09833828
0.057496026,0.6299947,0.28633738,0.09833784
0.057495765,0.6299947,0.28633577,0.098337464
0.057495076,0.62999135,0.28633282,0.09833671
0.05749495,0.6299902,0.28633168,0.09833688
0.057494774,0.62999016,0.28632995,0.09833671
0.05749455,0.62999016,0.28632843,0.09833645
0.057494327,0.62999016,0.28632683,0.09833615
0.057494085,0.62999016,0.28632522,0.09833582
0.057493832,0.62999016,0.2863236,0.098335475
0.057493612,0.62999004,0.286322,0.09833518
0.05749427,0.6299967,0.28632307,0.09833573
0.057493802,0.6299987,0.2863205,0.09833444
0.05749255,0.6299923,0.28631628,0.09833291
0.057492517,0.6299902,0.28631565,0.09833352
0.057492394,0.6299898,0.28631395,0.09833349
0.057492185,0.6299898,0.28631228,0.098333284
0.057492424,0.6299932,0.28631207,0.09833341
0.05749159,0.6299908,0.28630862,0.09833212
0.057491425,0.62999,0.2863076,0.098332174
0.05749123,0.6299897,0.2863059,0.09833196
0.05749146,0.62999314,0.28630567,0.09833212
0.05749111,0.6299941,0.28630358,0.09833131
0.057490814,0.6299942,0.28630194,0.09833085
0.057491016,0.62999755,0.28630173,0.0983309
0.05748975,0.62999177,0.28629696,0.0983292
0.057489697,0.62998986,0.2862963,0.09832973
0.057489548,0.62998956,0.28629464,0.09832969
0.05748935,0.62998956,0.286293,0.098329455
0.057489112,0.62998945,0.28629145,0.098329134
0.057488874,0.62998956,0.28628987,0.09832879
0.05748864,0.62998956,0.28628823,0.09832848
0.057488408,0.62998956,0.28628662,0.09832816
0.057488162,0.62998945,0.28628504,0.09832786
0.057487924,0.6299894,0.28628343,0.09832753
0.05748814,0.6299928,0.28628317,0.09832766
0.05748779,0.6299938,0.28628105,0.09832684
0.05748703,0.6299906,0.28627813,0.09832592
0.057486907,0.62998956,0.2862771,0.09832607
0.057487186,0.6299926,0.28627676,0.098326355
0.05748685,0.6299936,0.28627464,0.09832558
0.057486113,0.62999046,0.28627175,0.098324664
0.05748596,0.6299893,0.28627065,0.09832481
0.05748578,0.62998915,0.28626895,0.09832465
0.057486467,0.6299959,0.28627002,0.09832525
0.057485115,0.6299912,0.28626472,0.098323055
0.05748498,0.62998956,0.28626424,0.09832341
0.05748483,0.629989,0.28626254,0.09832331
0.057484623,0.6299891,0.28626093,0.09832309
0.0574844,0.6299891,0.2862593,0.09832278
0.05748415,0.6299891,0.2862577,0.09832245
0.05748391,0.629989,0.28625613,0.09832214
0.057484135,0.6299923,0.28625587,0.098322265
0.057483315,0.62999004,0.28625238,0.09832102
0.057484064,0.6299958,0.28625405,0.09832193
0.05748408,0.6300009,0.28625268,0.098321125
0.057482276,0.62999225,0.2862467,0.09831874
0.05748231,0.62998927,0.2862466,0.09831968
0.057482667,0.62999195,0.28624612,0.09832023
0.05748238,0.62999314,0.28624406,0.09831955
0.057482082,0.62999326,0.28624254,0.09831908
0.057481367,0.6299898,0.28623956,0.098318264
0.05748125,0.62998873,0.28623843,0.09831846
0.057488788,0.63004535,0.28625956,0.098325856
0.057493877,0.63011605,0.28627104,0.09832421
0.05747588,0.630025,0.28621793,0.0982987
0.057482433,0.6300234,0.28624547,0.09831582
0.057504587,0.63018614,0.28630182,0.09833665
0.05747296,0.63004756,0.28620026,0.098287195
0.057476584,0.6299979,0.28622934,0.09830785
0.05747924,0.62998915,0.2862258,0.0983143
0.057479747,0.62999225,0.28622383,0.09831617
0.057479057,0.62999004,0.2862211,0.09831512
0.057478834,0.6299892,0.28622013,0.09831505
0.057479065,0.62999237,0.28621987,0.09831524
0.057478227,0.62999016,0.28621656,0.09831399
0.057478014,0.62998927,0.2862156,0.09831403
0.057477806,0.62998897,0.28621396,0.09831377
0.05747756,0.629989,0.28621247,0.09831349
0.057477314,0.6299888,0.2862109,0.09831317
0.05747707,0.62998873,0.2862093,0.09831285
0.057476815,0.6299886,0.2862078,0.09831256
0.057477046,0.62999177,0.28620762,0.0983127
0.057476684,0.62999266,0.28620556,0.09831188
0.0574764,0.62999284,0.28620398,0.09831142
0.057475697,0.62998927,0.28620103,0.09831064
0.057475578,0.6299882,0.28619996,0.09831084
0.05747586,0.6299914,0.28619963,0.098311126
0.05747505,0.6299891,0.28619617,0.0983099
0.057475798,0.6299949,0.28619778,0.09831081
0.057475362,0.6299967,0.28619513,0.098309614
0.05747595,0.63000363,0.28619632,0.098309934
0.05747364,0.62999237,0.28618833,0.098306745
0.05747375,0.62998855,0.28618878,0.09830814
0.057474177,0.62999105,0.2861883,0.0983088
0.057473425,0.6299888,0.2861849,0.098307714
0.057473246,0.62998813,0.2861838,0.098307714
0.057473496,0.6299911,0.2861835,0.09830792
0.057472713,0.62998885,0.28618005,0.09830669
0.057472978,0.6299914,0.28618035,0.09830718
0.05747268,0.6299921,0.28617826,0.09830646
0.057471953,0.62998897,0.28617537,0.09830561
0.05747181,0.62998784,0.28617427,0.09830575
0.057472076,0.62999105,0.28617394,0.09830602
0.057471283,0.6299887,0.28617045,0.0983048
0.05747112,0.6299879,0.28616944,0.098304845
0.057471376,0.62999094,0.2861691,0.09830506
0.057471942,0.62999874,0.2861697,0.09830518
0.05747006,0.6299909,0.28616315,0.09830239
0.057470508,0.62999135,0.28616443,0.09830368
0.057470284,0.6299917,0.28616217,0.09830322
0.05746959,0.6299887,0.28615928,0.09830247
0.057469916,0.62999094,0.28615952,0.09830305
0.057469156,0.6299885,0.28615603,0.09830192
0.05746946,0.62999094,0.28615633,0.09830245
0.057469144,0.6299917,0.2861542,0.09830173
0.057468414,0.62998855,0.2861513,0.09830088
0.057468284,0.6299875,0.28615016,0.09830101
0.057469007,0.629994,0.28615117,0.098301716
0.05746855,0.629996,0.2861486,0.09830046
0.057467755,0.629993,0.28614575,0.098299384
0.057467155,0.6299885,0.2861433,0.09829904
0.057467077,0.62998736,0.28614214,0.098299354
0.057466924,0.6299872,0.28614044,0.09829926
0.057467148,0.6299906,0.28614023,0.09829942
0.057466347,0.62998825,0.28613678,0.09829815
0.057466168,0.62998736,0.28613573,0.09829817
0.057465974,0.629987,0.28613406,0.09829795
0.05746576,0.62998706,0.2861325,0.0982977
0.057465967,0.62999046,0.28613222,0.098297805
0.057466067,0.6299948,0.28613147,0.098297425
0.057465214,0.62999266,0.2861281,0.09829603
0.05746502,0.62999165,0.286127,0.09829603
0.057464827,0.6299914,0.28612533,0.09829582
0.057464603,0.6299914,0.28612375,0.09829556
0.05746392,0.629988,0.28612083,0.09829479
0.057463802,0.62998694,0.28611967,0.09829497
0.057463616,0.62998676,0.28611803,0.0982948
0.0574634,0.6299869,0.28611645,0.098294556
0.05746317,0.6299869,0.28611487,0.098294206
0.057462923,0.6299868,0.28611323,0.09829389
0.057462692,0.6299868,0.28611165,0.09829357
0.057462458,0.62998676,0.28611004,0.098293275
0.05746222,0.6299868,0.28610843,0.098292924
0.05746197,0.6299867,0.28610682,0.09829263
0.057461746,0.62998676,0.28610522,0.09829229
0.057461508,0.62998664,0.28610367,0.09829198
0.057461277,0.62998664,0.28610206,0.09829167
0.057461035,0.62998664,0.28610045,0.09829136
0.057461247,0.6299899,0.2861002,0.098291464
0.057460915,0.62999094,0.2860981,0.09829068
0.057460614,0.62999105,0.28609654,0.098290235
0.057460375,0.62999094,0.28609484,0.09828987
0.057459682,0.6299876,0.28609198,0.09828912
0.057459574,0.62998646,0.28609085,0.09828928
0.057459377,0.6299863,0.28608918,0.0982891
0.05745916,0.62998635,0.28608757,0.09828884
0.05745892,0.62998646,0.28608596,0.098288506
0.057459142,0.6299897,0.28608572,0.098288625
0.057458784,0.62999076,0.2860837,0.09828781
0.057458043,0.6299875,0.28608075,0.09828693
0.05745792,0.62998646,0.28607965,0.09828705
0.057457726,0.6299862,0.28607798,0.09828689
0.057457507,0.6299862,0.28607643,0.09828663
0.05745729,0.6299863,0.2860748,0.09828631
0.05745705,0.6299862,0.2860732,0.09828598
0.0574568,0.62998617,0.28607157,0.09828563
0.057456575,0.6299862,0.28607,0.098285325
0.057456344,0.62998617,0.2860684,0.09828501
0.0574561,0.6299861,0.28606677,0.09828473
0.057455868,0.62998605,0.2860652,0.098284386
0.057455637,0.6299861,0.28606355,0.09828405
0.05745539,0.6299861,0.28606197,0.09828375
0.057455152,0.62998605,0.28606036,0.098283425
0.05745538,0.6299893,0.28606012,0.098283574
0.057454567,0.6299869,0.28605664,0.098282285
0.05745486,0.62998945,0.28605694,0.098282784
0.057454534,0.62999016,0.28605476,0.098282106
0.057453815,0.629987,0.28605187,0.09828119
0.057454143,0.62998927,0.28605214,0.09828181
0.057453386,0.6299868,0.2860486,0.09828069
0.057453234,0.62998587,0.28604758,0.09828079
0.057453033,0.6299858,0.28604594,0.09828056
0.05745281,0.62998575,0.28604433,0.09828027
0.05745257,0.62998575,0.2860427,0.09827996
0.057452332,0.6299857,0.2860411,0.098279625
0.05745211,0.6299857,0.28603953,0.09827933
0.05745186,0.6299857,0.2860379,0.09827903
0.057452094,0.62998897,0.28603762,0.09827914
0.05745129,0.62998664,0.2860343,0.09827788
0.057451107,0.62998575,0.2860332,0.09827793
0.05745092,0.6299855,0.2860315,0.09827772
0.0574507,0.6299856,0.28602993,0.09827744
0.057450473,0.6299856,0.28602833,0.09827711
0.05745023,0.6299855,0.28602672,0.09827681
0.057449996,0.6299855,0.2860251,0.09827647
0.05744976,0.6299855,0.28602353,0.09827615
0.057449527,0.62998545,0.28602198,0.098275855
0.057449285,0.62998545,0.2860203,0.09827554
0.057449516,0.6299887,0.2860201,0.09827564
0.05744916,0.62998974,0.28601795,0.09827485
0.057448868,0.6299898,0.2860164,0.09827438
0.05744907,0.62999314,0.2860161,0.09827445
0.057447813,0.6299874,0.2860113,0.09827275
0.05744822,0.6299888,0.2860121,0.09827377
0.057448413,0.6299928,0.28601125,0.09827363
0.057448044,0.629994,0.28600913,0.09827274
0.057446845,0.62998754,0.286005,0.098271355
0.057447266,0.6299887,0.28600568,0.09827244
0.057446584,0.62998605,0.2860021,0.09827148
0.05744643,0.6299852,0.2860011,0.098271616
0.057446696,0.6299885,0.28600076,0.09827183
0.057446346,0.6299894,0.2859987,0.09827106
0.057445616,0.6299863,0.28599578,0.09827016
0.057445478,0.62998515,0.28599468,0.09827029
0.05744529,0.6299849,0.28599307,0.09827012
0.057445068,0.629985,0.2859915,0.09826986
0.057444844,0.62998503,0.28598985,0.09826952
0.05744459,0.629985,0.28598827,0.098269224
0.057444368,0.629985,0.28598663,0.09826889
0.057444133,0.62998486,0.28598505,0.09826857
0.0574439,0.62998486,0.28598347,0.098268256
0.057443656,0.62998486,0.28598186,0.09826793
0.057443433,0.62998486,0.2859803,0.09826763
0.057444092,0.62999153,0.2859814,0.09826819
0.057442717,0.62998676,0.28597608,0.09826599
0.057442613,0.62998503,0.2859756,0.098266385
0.057442456,0.62998456,0.28597385,0.09826625
0.05744226,0.6299847,0.28597227,0.09826606
0.057442017,0.6299846,0.28597072,0.09826574
0.057442237,0.629988,0.28597042,0.09826587
0.05744144,0.62998563,0.28596696,0.09826461
0.057441257,0.6299847,0.28596595,0.09826465
0.057441067,0.62998444,0.28596425,0.09826441
0.057440843,0.6299845,0.28596264,0.09826416
0.057440605,0.6299845,0.2859611,0.09826382
0.057440367,0.6299845,0.28595945,0.0982635
0.057440586,0.6299878,0.2859592,0.098263636
0.05744024,0.6299888,0.28595707,0.09826284
0.057439495,0.62998563,0.28595418,0.09826193
0.057439815,0.6299879,0.28595445,0.098262504
0.05743953,0.6299887,0.28595227,0.09826185
0.0574388,0.6299855,0.28594938,0.098260984
0.057438664,0.6299845,0.2859483,0.09826113
0.057438485,0.62998426,0.28594664,0.09826095
0.057438273,0.62998426,0.28594503,0.09826068
0.057438042,0.6299843,0.28594342,0.09826038
0.057437796,0.6299842,0.28594184,0.098260045
0.057438023,0.62998754,0.28594157,0.098260194
0.057437215,0.62998515,0.28593817,0.09825893
0.057437032,0.62998426,0.28593707,0.09825895
0.05743684,0.6299841,0.28593546,0.09825875
0.057436615,0.6299841,0.28593385,0.09825848
0.057436842,0.6299875,0.28593358,0.0982586
0.057436492,0.6299884,0.2859315,0.09825777
0.057435755,0.6299852,0.28592864,0.09825686
0.05743561,0.6299842,0.2859275,0.09825699
0.05743545,0.62998396,0.28592587,0.09825686
0.05743658,0.629994,0.28592825,0.09825792
0.05743466,0.629987,0.28592122,0.09825478
0.05743459,0.6299845,0.28592122,0.09825551
0.057434477,0.6299838,0.28591946,0.09825551
0.05743474,0.62998724,0.28591913,0.098255776
0.05743485,0.62999165,0.28591838,0.098255396
0.057433996,0.62998927,0.28591505,0.09825398
0.057433344,0.6299851,0.28591266,0.09825353
0.05743373,0.62998724,0.2859128,0.09825426
0.057433445,0.6299881,0.28591067,0.098253645
0.057432722,0.6299849,0.28590778,0.09825277
0.05743259,0.62998396,0.28590664,0.09825292
0.057432402,0.6299837,0.28590506,0.09825275
0.057432193,0.6299837,0.28590342,0.09825249
0.057431955,0.62998366,0.2859018,0.098252155
0.05743171,0.6299837,0.28590024,0.09825183
0.057431493,0.62998366,0.28589863,0.098251514
0.057431247,0.6299836,0.28589702,0.09825121
0.057431,0.6299835,0.28589544,0.09825089
0.05743077,0.6299836,0.2858939,0.09825056
0.057430543,0.6299835,0.28589228,0.09825026
0.057430305,0.6299835,0.28589067,0.09824995
0.057430066,0.6299834,0.2858891,0.09824963
0.05742983,0.6299834,0.2858875,0.09824933
0.057429604,0.6299834,0.28588587,0.09824899
0.05742937,0.6299833,0.2858843,0.09824868
0.05742913,0.62998337,0.28588265,0.09824836
0.057428893,0.6299834,0.28588104,0.09824803
0.05742867,0.6299833,0.28587946,0.09824773
0.05742842,0.62998337,0.28587785,0.09824742
0.057428647,0.6299866,0.2858776,0.09824751
0.057428304,0.6299876,0.28587547,0.09824673
0.057427563,0.62998444,0.28587264,0.09824584
0.057427883,0.62998664,0.28587288,0.09824641
0.057427593,0.6299875,0.28587067,0.09824577
0.05742686,0.6299843,0.2858678,0.09824492
0.05742673,0.62998325,0.2858667,0.09824505
0.057426993,0.6299863,0.2858664,0.09824532
0.05742667,0.6299875,0.2858643,0.09824453
0.057433587,0.63004094,0.2858841,0.09825119
0.057423845,0.6300005,0.28585187,0.098235294
0.05742469,0.6299858,0.28585947,0.0982411
0.057425175,0.6299822,0.28585684,0.09824261
0.057425205,0.6299827,0.28585532,0.09824313
0.05742498,0.6299829,0.2858537,0.09824277
0.05742474,0.62998307,0.28585213,0.09824242
0.057424493,0.629983,0.28585058,0.098242074
0.057424247,0.62998307,0.28584898,0.098241754
0.057423998,0.629983,0.28584743,0.09824143
0.057423767,0.629983,0.28584585,0.09824113
0.05742353,0.6299829,0.2858442,0.09824079
0.05742329,0.6299829,0.28584266,0.09824047
0.05742305,0.6299828,0.28584108,0.09824015
0.05742282,0.62998277,0.2858395,0.098239854
0.05742259,0.62998277,0.28583786,0.098239556
0.05742235,0.6299827,0.28583628,0.09823923
0.057422128,0.6299827,0.28583467,0.098238915
0.057421897,0.6299827,0.28583315,0.0982386
0.05742165,0.62998265,0.28583157,0.09823829
0.057421423,0.62998265,0.28582996,0.09823796
0.057421647,0.629986,0.2858297,0.098238096
0.057420842,0.6299836,0.28582624,0.09823685
0.057420664,0.6299827,0.2858252,0.09823688
0.057423174,0.6300025,0.28583157,0.09823933
0.057419553,0.6299886,0.28581896,0.09823341
0.057419702,0.6299834,0.28582057,0.098235205
0.057419702,0.6299822,0.28581867,0.09823553
0.05741956,0.62998223,0.28581706,0.09823548
0.057419784,0.62998575,0.2858168,0.09823559
0.05742034,0.6299934,0.28581738,0.09823564
0.057419367,0.62999225,0.28581357,0.09823376
0.057418216,0.62998486,0.28580987,0.098232724
0.057418693,0.62998587,0.2858105,0.09823389
0.057418026,0.6299831,0.285807,0.098233014
0.057418343,0.62998575,0.28580725,0.098233566
0.057417583,0.62998325,0.2858038,0.0982324
0.05741786,0.6299857,0.28580406,0.0982329
0.05741846,0.6299932,0.28580466,0.0982331
0.0574175,0.62999207,0.28580076,0.09823122
0.05741725,0.6299914,0.28579974,0.09823107
0.057416156,0.62998444,0.2857954,0.09822993
0.057416167,0.6299824,0.2857948,0.098230675
0.05741606,0.62998205,0.28579307,0.098230675
0.057416286,0.6299855,0.2857928,0.09823087
0.057416406,0.6299898,0.2857921,0.09823049
0.057415526,0.6299876,0.2857887,0.09822908
0.057415336,0.6299867,0.28578767,0.09822906
0.057415143,0.6299864,0.285786,0.098228864
0.05741493,0.6299864,0.2857844,0.098228626
0.05741695,0.6300031,0.28578946,0.098230496
0.057414338,0.6299948,0.28578007,0.09822593
0.05741429,0.6299916,0.2857807,0.09822686
0.057414223,0.6299906,0.28577885,0.09822695
0.057413585,0.6299874,0.2857759,0.098226346
0.057413027,0.62998307,0.28577343,0.0982261
0.057412967,0.62998194,0.28577226,0.09822644
0.05741325,0.62998515,0.28577203,0.09822676
0.057412464,0.62998277,0.2857686,0.09822555
0.05741228,0.62998205,0.28576756,0.09822556
0.057412095,0.6299818,0.28576595,0.098225325
0.057411853,0.6299818,0.2857644,0.098225065
0.05741253,0.6299885,0.28576544,0.09822562
0.057411607,0.629987,0.28576154,0.09822387
0.057411376,0.6299864,0.28576052,0.09822374
0.057412066,0.62999266,0.28576154,0.09822439
0.057410277,0.6299847,0.28575495,0.09822182
0.05741028,0.629982,0.28575492,0.098222695
0.057410195,0.6299814,0.28575316,0.09822276
0.05741,0.6299815,0.2857516,0.09822255
0.057409775,0.6299816,0.28575,0.09822223
0.057409536,0.6299815,0.28574842,0.098221935
0.057409298,0.6299816,0.28574684,0.098221585
0.057409517,0.62998486,0.28574657,0.098221734
0.05740872,0.6299825,0.28574315,0.09822048
0.057408534,0.6299815,0.2857421,0.098220505
0.057408348,0.62998134,0.28574046,0.09822031
0.057408564,0.6299846,0.28574017,0.09822048
0.05740778,0.6299823,0.2857368,0.098219216
0.057407614,0.62998146,0.2857358,0.09821923
0.057407413,0.6299813,0.2857341,0.098219015
0.057407204,0.6299813,0.2857325,0.098218754
0.057407416,0.62998456,0.28573224,0.09821889
0.057406615,0.62998223,0.28572878,0.09821765
0.057406444,0.62998134,0.28572777,0.098217696
0.057406243,0.6299812,0.28572607,0.09821746
0.057406038,0.6299812,0.2857245,0.09821718
0.057405796,0.6299811,0.28572288,0.098216906
0.05740557,0.62998104,0.2857213,0.098216586
0.057405327,0.62998104,0.28571972,0.098216236
0.057405103,0.629981,0.2857181,0.09821594
0.05740486,0.629981,0.28571656,0.098215595
0.057404626,0.629981,0.28571492,0.09821532
0.05740439,0.62998104,0.28571337,0.098215
0.057404168,0.629981,0.28571177,0.09821468
0.05740392,0.6299809,0.28571016,0.09821438
0.05740369,0.629981,0.28570855,0.09821405
0.05740346,0.6299809,0.28570694,0.09821374
0.057403684,0.6299842,0.2857067,0.09821387
0.057403337,0.62998515,0.2857046,0.09821304
0.057402603,0.629982,0.2857017,0.098212145
0.057403374,0.6299876,0.2857033,0.098213166
0.05740296,0.6299894,0.28570065,0.09821203
0.057401743,0.6299831,0.28569654,0.09821056
0.0574017,0.6299809,0.28569585,0.09821117
0.057401594,0.6299805,0.28569415,0.09821117
0.05740183,0.62998396,0.2856939,0.09821135
0.057401482,0.62998503,0.2856918,0.098210536
0.057401195,0.6299851,0.28569028,0.09821009
0.057400506,0.6299818,0.28568733,0.09820929
0.05740038,0.6299807,0.2856862,0.098209485
0.05740019,0.62998044,0.28568456,0.09820929
0.05739999,0.6299807,0.28568295,0.09820904
0.057399746,0.6299806,0.28568137,0.098208725
0.05739951,0.6299806,0.28567982,0.0982084
0.057399277,0.62998044,0.28567827,0.09820808
0.05739904,0.62998044,0.28567663,0.09820777
0.05739881,0.6299805,0.28567505,0.09820746
0.057398576,0.6299803,0.28567344,0.09820713
0.057398792,0.6299838,0.2856732,0.09820725
0.05739798,0.62998146,0.28566977,0.09820599
0.057397824,0.6299806,0.28566873,0.098206036
0.057397623,0.6299804,0.28566703,0.09820583
0.057400107,0.63000035,0.2856735,0.09820824
0.057396952,0.62998974,0.28566226,0.09820273
0.0573974,0.62998897,0.2856647,0.09820445
0.057396356,0.6299821,0.28565967,0.09820324
0.057396375,0.6299804,0.28565913,0.09820403
0.057396244,0.6299801,0.28565744,0.098203965
0.05739604,0.62998015,0.28565586,0.09820369
0.057395812,0.6299802,0.28565425,0.098203376
0.057395566,0.62998015,0.2856527,0.09820308
0.05739579,0.6299835,0.28565243,0.098203205
0.05739497,0.6299811,0.28564897,0.09820193
0.057395257,0.6299837,0.2856493,0.09820242
0.05739494,0.62998444,0.28564715,0.09820169
0.057394218,0.6299813,0.2856443,0.09820084
0.05739454,0.6299835,0.2856445,0.09820144
0.05739425,0.6299843,0.28564233,0.098200776
0.05739397,0.6299845,0.2856408,0.098200336
0.057393283,0.6299811,0.2856379,0.09819955
0.05739317,0.6299801,0.28563675,0.09819972
0.05739343,0.6299832,0.28563643,0.09819999
0.05605998,0.61966085,0.28153816,0.09685146
0.0563941,0.6165882,0.28304893,0.09838004
0.056547243,0.6161121,0.2829007,0.09882806
0.056582704,0.6162605,0.28292647,0.09894665
0.05657611,0.61631286,0.28295544,0.09892551
0.056566767,0.6163191,0.2829836,0.09890959
0.056559432,0.61631066,0.2830038,0.098901264
0.05655356,0.61628866,0.28301775,0.09889626
0.056551013,0.616273,0.28303444,0.098896176
0.056547653,0.6162462,0.28304175,0.09889447
0.056546114,0.61622185,0.28305155,0.09889605
0.056545105,0.61619914,0.2830585,0.098897696
0.056544445,0.6161785,0.28306407,0.09889957
0.056544855,0.6161665,0.28307086,0.098902225
0.05654369,0.6161474,0.2830706,0.09890206
